beta,lambda_concentration,seed,is_feasible,pyvrp_cost,num_routes,routes,global_risk,global_cvar90,max_vehicle_risk,max_vehicle_cvar90,vehicle_risk_gini,risk_variance,edge_burden_gini_used,top10_burden_share,max_edge_burden
0.0,0.0,0,True,133997,5,"[[0, 14, 42, 41, 1, 45, 11, 15, 3, 16, 48, 0], [0, 18, 32, 4, 29, 19, 6, 24, 40, 20, 44, 0], [0, 27, 35, 5, 36, 28, 26, 23, 30, 12, 49, 0], [0, 46, 22, 7, 8, 43, 33, 34, 2, 25, 39, 0], [0, 17, 13, 10, 37, 50, 38, 31, 9, 47, 21, 0]]",7.692734602938799,0.23012945307418703,2.288038799451897,0.3545759570163985,0.10684653138040257,0.14187448780793233,0.8662203236782453,0.8931641453637454,0.8990070223808289
0.0,0.0,1,True,133997,5,"[[0, 17, 13, 10, 37, 50, 38, 31, 9, 47, 21, 0], [0, 18, 32, 4, 29, 6, 19, 24, 40, 20, 44, 0], [0, 14, 42, 41, 1, 11, 45, 15, 3, 16, 48, 0], [0, 46, 22, 7, 8, 43, 33, 34, 2, 25, 39, 0], [0, 27, 35, 5, 36, 28, 26, 23, 30, 12, 49, 0]]",7.692734602938799,0.23012945307418703,2.288038799451897,0.3545759570163985,0.10684653138040257,0.14187448780793233,0.8662203236782453,0.8931641453637454,0.8990070223808289
0.0,0.0,2,True,133998,5,"[[0, 16, 3, 15, 45, 11, 1, 41, 42, 14, 48, 0], [0, 25, 2, 34, 33, 43, 8, 7, 22, 46, 39, 0], [0, 38, 31, 9, 47, 21, 27, 23, 30, 49, 12, 0], [0, 26, 28, 36, 5, 35, 10, 37, 50, 13, 17, 0], [0, 44, 20, 40, 24, 6, 19, 29, 4, 32, 18, 0]]",9.534144039453167,0.3343309327386893,2.5930968259926885,0.4477583408355713,0.17057192339804939,0.34666312030507573,0.8693248975586096,0.8983921944211114,0.8990070223808289
1.0,0.0,0,True,157811,5,"[[0, 27, 21, 47, 29, 4, 32, 18, 35, 10, 37, 0], [0, 11, 25, 2, 28, 26, 23, 30, 49, 12, 48, 0], [0, 20, 44, 17, 13, 50, 38, 31, 9, 39, 45, 0], [0, 34, 33, 5, 36, 7, 8, 43, 22, 46, 15, 0], [0, 42, 14, 3, 16, 1, 41, 24, 6, 19, 40, 0]]",3.403544204719765,0.07100881930244596,0.8801361579753575,0.09886377597493785,0.14352630029786417,0.033952155195347083,0.8027100726936394,0.784436059964365,0.6013802886009216
1.0,0.0,1,True,157832,5,"[[0, 21, 47, 29, 4, 32, 6, 19, 24, 41, 1, 0], [0, 12, 49, 30, 23, 26, 28, 2, 25, 11, 39, 0], [0, 27, 10, 37, 13, 17, 44, 20, 16, 15, 48, 0], [0, 42, 14, 3, 38, 50, 5, 33, 34, 18, 35, 0], [0, 40, 9, 31, 36, 7, 8, 43, 22, 46, 45, 0]]",3.091478638208173,0.06847487065408911,0.9791669271435239,0.11470864739801202,0.2119337192792683,0.05569064894979181,0.8012492976113186,0.7782790997325012,0.6013802886009216
1.0,0.0,2,True,157810,5,"[[0, 27, 21, 47, 29, 4, 32, 18, 35, 10, 37, 0], [0, 45, 11, 25, 2, 28, 26, 23, 30, 49, 12, 0], [0, 40, 19, 6, 24, 41, 42, 14, 3, 16, 1, 0], [0, 20, 44, 17, 13, 50, 38, 31, 9, 39, 15, 0], [0, 34, 33, 5, 36, 7, 8, 43, 22, 46, 48, 0]]",3.401063353699101,0.07100881930244596,0.8776553069546935,0.09886377597493785,0.14002288834632326,0.03180402963269989,0.8031430056489757,0.7850082542452775,0.6013802886009216
