beta,lambda_concentration,seed,is_feasible,pyvrp_cost,num_routes,routes,global_risk,global_cvar90,max_vehicle_risk,max_vehicle_cvar90,vehicle_risk_gini,risk_variance,edge_burden_gini_used,top10_burden_share,max_edge_burden
0.0,0.0,0,True,133997,5,"[[0, 14, 42, 41, 1, 45, 11, 15, 3, 16, 48, 0], [0, 18, 32, 4, 29, 19, 6, 24, 40, 20, 44, 0], [0, 27, 35, 5, 36, 28, 26, 23, 30, 12, 49, 0], [0, 46, 22, 7, 8, 43, 33, 34, 2, 25, 39, 0], [0, 17, 13, 10, 37, 50, 38, 31, 9, 47, 21, 0]]",9.355028662015684,0.20191158602635065,2.9849161545280367,0.3587845601141453,0.13241020437410178,0.3141779888347764,0.8473051148371309,0.8893918893551934,0.9999998807907104
0.0,0.0,1,True,133997,5,"[[0, 17, 13, 10, 37, 50, 38, 31, 9, 47, 21, 0], [0, 18, 32, 4, 29, 6, 19, 24, 40, 20, 44, 0], [0, 14, 42, 41, 1, 11, 45, 15, 3, 16, 48, 0], [0, 46, 22, 7, 8, 43, 33, 34, 2, 25, 39, 0], [0, 27, 35, 5, 36, 28, 26, 23, 30, 12, 49, 0]]",9.355028662015684,0.20191158602635065,2.9849161545280367,0.3587845601141453,0.13241020437410178,0.3141779888347764,0.8473051148371309,0.8893918893551934,0.9999998807907104
0.0,0.0,2,True,133998,5,"[[0, 16, 3, 15, 45, 11, 1, 41, 42, 14, 48, 0], [0, 25, 2, 34, 33, 43, 8, 7, 22, 46, 39, 0], [0, 38, 31, 9, 47, 21, 27, 23, 30, 49, 12, 0], [0, 26, 28, 36, 5, 35, 10, 37, 50, 13, 17, 0], [0, 44, 20, 40, 24, 6, 19, 29, 4, 32, 18, 0]]",11.347379579558037,0.3915685100051073,3.0435593309812248,0.4984253764152527,0.18242726349346716,0.5748632040870127,0.8502791138942114,0.8691244746722132,0.9999998807907104
1.0,0.0,0,True,159678,5,"[[0, 42, 41, 24, 19, 6, 29, 4, 32, 39, 45, 0], [0, 21, 47, 9, 31, 36, 7, 8, 43, 22, 46, 0], [0, 1, 16, 20, 44, 17, 13, 37, 10, 40, 12, 0], [0, 49, 30, 23, 26, 28, 2, 25, 11, 15, 48, 0], [0, 27, 35, 18, 34, 33, 5, 50, 38, 3, 14, 0]]",4.078496931586415,0.09043876656464168,1.276477940613404,0.18068805647393069,0.1838570523361056,0.07638897954551749,0.7689509548758244,0.7717303405155118,0.6294655799865723
1.0,0.0,1,True,159662,5,"[[0, 37, 10, 35, 18, 34, 33, 5, 50, 38, 39, 0], [0, 27, 21, 47, 29, 32, 4, 6, 19, 24, 41, 0], [0, 40, 9, 31, 36, 7, 8, 43, 22, 46, 15, 0], [0, 12, 30, 23, 26, 28, 2, 25, 45, 11, 1, 0], [0, 42, 14, 3, 16, 20, 44, 17, 13, 49, 48, 0]]",4.074661213788204,0.07797612313453745,1.6890849749324843,0.16490062491761315,0.32990712908141084,0.2490504944660251,0.7710906645257904,0.7736317585290564,0.6294655799865723
1.0,0.0,2,True,159678,5,"[[0, 45, 39, 32, 4, 29, 19, 6, 24, 41, 42, 0], [0, 46, 22, 43, 8, 7, 36, 31, 9, 47, 21, 0], [0, 27, 35, 18, 34, 33, 5, 50, 38, 3, 14, 0], [0, 15, 11, 25, 2, 28, 26, 23, 30, 49, 48, 0], [0, 12, 40, 10, 37, 13, 17, 44, 20, 16, 1, 0]]",4.078496931586415,0.09043876656464168,1.276477940613404,0.18068805647393069,0.1838570523361056,0.0763889795455175,0.7689509548758244,0.7717303405155118,0.6294655799865723
