beta,lambda_concentration,seed,is_feasible,pyvrp_cost,num_routes,routes,global_risk,global_cvar90,max_vehicle_risk,max_vehicle_cvar90,vehicle_risk_gini,risk_variance,edge_burden_gini_used,top10_burden_share,max_edge_burden
0.0,0.0,0,True,145999,5,"[[0, 44, 14, 3, 15, 41, 11, 1, 37, 38, 50, 0], [0, 42, 7, 8, 34, 17, 9, 47, 43, 26, 33, 0], [0, 45, 12, 13, 24, 32, 46, 23, 10, 18, 19, 0], [0, 40, 25, 20, 35, 4, 16, 28, 30, 21, 29, 0], [0, 36, 31, 6, 22, 2, 48, 5, 39, 49, 27, 0]]",7.637938508501975,0.2349123297066524,3.0896270788507536,0.44322271396716434,0.26660356564417365,0.6724051155772346,0.8531250861938866,0.8880551737055423,0.8517617583274841
0.0,0.0,1,True,145999,5,"[[0, 6, 22, 5, 2, 48, 43, 9, 47, 31, 36, 0], [0, 12, 45, 13, 24, 32, 46, 23, 10, 18, 19, 0], [0, 27, 49, 39, 17, 34, 8, 7, 30, 21, 29, 0], [0, 33, 26, 28, 16, 4, 35, 20, 25, 40, 44, 0], [0, 14, 3, 15, 42, 41, 11, 1, 37, 38, 50, 0]]",8.53158873700886,0.2651167481110014,3.0528181954286993,0.5417346239089966,0.2630136560444454,0.6720264654732346,0.8672840435140421,0.9007172670374306,1.7035235166549683
0.0,0.0,2,True,146664,5,"[[0, 27, 49, 39, 17, 34, 8, 7, 16, 12, 45, 0], [0, 35, 4, 6, 22, 5, 43, 47, 9, 31, 36, 0], [0, 33, 26, 28, 30, 48, 2, 20, 25, 40, 19, 0], [0, 14, 3, 15, 42, 41, 11, 1, 37, 38, 50, 0], [0, 29, 21, 18, 10, 23, 46, 32, 24, 13, 44, 0]]",6.584503374971973,0.16248717422907552,2.191534570942167,0.3478619694709778,0.23075778725944507,0.2956709170609869,0.8502337888466527,0.8773847999840616,0.8517617583274841
0.0,0.0,3,True,146664,5,"[[0, 44, 50, 38, 37, 1, 41, 11, 15, 3, 14, 0], [0, 19, 18, 21, 29, 10, 23, 46, 32, 24, 13, 0], [0, 45, 12, 42, 7, 8, 34, 17, 39, 49, 27, 0], [0, 16, 35, 4, 6, 22, 5, 30, 28, 26, 33, 0], [0, 40, 25, 20, 2, 48, 43, 47, 9, 31, 36, 0]]",8.217663958639605,0.2625788643823138,3.039586862025317,0.464549000064532,0.2484142640101734,0.6235303627178012,0.8518691958885911,0.8850476405083043,0.8517617583274841
0.0,0.0,4,True,147330,5,"[[0, 36, 31, 9, 47, 43, 48, 2, 20, 25, 40, 0], [0, 45, 12, 13, 24, 32, 46, 23, 10, 29, 44, 0], [0, 14, 3, 15, 42, 11, 41, 1, 37, 38, 50, 0], [0, 21, 35, 4, 6, 22, 5, 30, 28, 26, 33, 0], [0, 27, 49, 39, 17, 34, 8, 7, 16, 18, 19, 0]]",7.446358421518151,0.22855342770444936,1.997535997768864,0.37194463014602663,0.20269831213654088,0.33553500211093656,0.8567184994202282,0.8895909414934413,0.8545735478401184
0.0,0.0,5,True,147330,5,"[[0, 27, 49, 39, 48, 2, 43, 9, 47, 31, 36, 0], [0, 14, 3, 15, 42, 11, 41, 1, 37, 38, 50, 0], [0, 33, 26, 28, 30, 8, 17, 34, 7, 16, 45, 0], [0, 12, 35, 4, 6, 22, 5, 20, 25, 40, 44, 0], [0, 29, 21, 13, 24, 32, 46, 23, 10, 18, 19, 0]]",7.919659790561127,0.25090265912669046,2.7799081954872236,0.35873543918132783,0.23202705744895358,0.500020589081769,0.8479508554440245,0.8670773325211744,0.8517617583274841
0.0,0.0,6,True,147330,5,"[[0, 50, 38, 37, 1, 41, 11, 15, 3, 14, 45, 0], [0, 36, 31, 9, 47, 43, 2, 48, 39, 49, 27, 0], [0, 40, 25, 20, 5, 22, 6, 4, 35, 16, 12, 0], [0, 13, 24, 32, 46, 23, 10, 29, 21, 18, 19, 0], [0, 42, 7, 34, 17, 8, 30, 28, 26, 33, 44, 0]]",8.393052385858027,0.26858099017824444,2.44656716613099,0.3759324823816617,0.20284459059170246,0.3931013996077696,0.8550472810385559,0.8880544955775171,0.8517617583274841
0.0,0.0,7,True,146664,5,"[[0, 19, 18, 10, 23, 46, 32, 24, 13, 21, 29, 0], [0, 33, 26, 28, 30, 5, 22, 6, 4, 35, 44, 0], [0, 12, 45, 16, 7, 8, 34, 17, 39, 49, 27, 0], [0, 40, 25, 20, 2, 48, 43, 47, 9, 31, 36, 0], [0, 14, 3, 15, 42, 11, 41, 1, 37, 38, 50, 0]]",7.542357360922324,0.23945810452901892,1.9975993006955832,0.24199324225385985,0.14923012018449633,0.16453872039858525,0.8479577806923908,0.878457822155173,0.8517617583274841
0.0,0.0,8,True,147330,5,"[[0, 14, 3, 15, 42, 11, 41, 1, 37, 38, 50, 0], [0, 12, 45, 13, 46, 23, 10, 29, 21, 18, 19, 0], [0, 32, 24, 6, 22, 5, 48, 2, 20, 25, 40, 0], [0, 36, 31, 47, 9, 43, 30, 28, 26, 33, 44, 0], [0, 27, 49, 39, 17, 34, 8, 7, 16, 4, 35, 0]]",8.25521232860774,0.2625071249370064,2.334775201336015,0.30878354396138874,0.17512461111040611,0.272389814390804,0.8553884631445381,0.8808262145122866,0.8517617583274841
0.0,0.0,9,True,145999,5,"[[0, 14, 3, 15, 42, 41, 11, 1, 37, 38, 50, 0], [0, 27, 49, 39, 17, 34, 8, 7, 30, 21, 29, 0], [0, 12, 45, 13, 24, 32, 46, 23, 10, 18, 19, 0], [0, 44, 40, 25, 20, 35, 4, 16, 28, 26, 33, 0], [0, 6, 22, 5, 48, 2, 43, 47, 9, 31, 36, 0]]",8.528997573972447,0.2651167481110014,3.0528181954286993,0.5417346239089966,0.26297203873269526,0.6715416893772258,0.8671821612195374,0.9009909106008581,1.7035235166549683
1.0,0.0,0,True,179692,5,"[[0, 48, 2, 9, 47, 43, 35, 4, 37, 38, 50, 0], [0, 19, 40, 25, 20, 34, 17, 39, 49, 27, 44, 0], [0, 1, 11, 41, 42, 7, 16, 28, 30, 26, 33, 0], [0, 15, 3, 14, 45, 13, 24, 32, 46, 31, 36, 0], [0, 12, 6, 22, 5, 8, 23, 10, 18, 21, 29, 0]]",4.159463392257749,0.10922314208601752,1.4681097606080584,0.18832941779068538,0.3525366674784094,0.2882728070895134,0.8131059083598351,0.8179038363069228,0.5836070775985718
1.0,0.0,1,True,178482,5,"[[0, 19, 16, 7, 8, 34, 17, 39, 49, 27, 44, 0], [0, 29, 43, 9, 47, 2, 48, 28, 30, 26, 33, 0], [0, 35, 4, 6, 22, 5, 46, 32, 24, 37, 1, 0], [0, 12, 45, 41, 42, 11, 15, 3, 14, 38, 50, 0], [0, 36, 31, 40, 25, 20, 21, 18, 10, 23, 13, 0]]",3.845226886615772,0.0991434084792291,1.2348660800489597,0.20445841439068319,0.27586911507018974,0.14954153978079235,0.8087550593676469,0.8067801631339905,0.5836070775985718
1.0,0.0,2,True,178296,5,"[[0, 45, 41, 11, 42, 15, 3, 14, 38, 50, 44, 0], [0, 19, 10, 18, 21, 29, 43, 47, 9, 2, 48, 0], [0, 35, 4, 6, 22, 5, 46, 32, 24, 37, 1, 0], [0, 12, 13, 23, 8, 7, 16, 28, 30, 26, 33, 0], [0, 36, 31, 40, 25, 20, 34, 17, 39, 49, 27, 0]]",3.927871725616569,0.10152428092495087,1.189567742869258,0.17805594361076751,0.19257345288788796,0.07439072861840161,0.8056205933149527,0.8080996751394205,0.5836070775985718
1.0,0.0,3,True,180145,5,"[[0, 27, 37, 49, 39, 17, 34, 8, 7, 16, 19, 0], [0, 21, 18, 10, 23, 13, 24, 32, 46, 31, 36, 0], [0, 33, 26, 30, 28, 9, 47, 2, 48, 3, 15, 0], [0, 44, 50, 38, 14, 12, 45, 41, 42, 11, 1, 0], [0, 29, 43, 35, 4, 6, 22, 5, 20, 25, 40, 0]]",4.009989065342732,0.09566805128227263,1.476556812492116,0.1917910865907158,0.3452143443472313,0.24175747452400626,0.8097266232651683,0.8093326857386104,0.5836070775985718
1.0,0.0,4,True,179233,5,"[[0, 19, 16, 7, 8, 34, 17, 39, 49, 27, 44, 0], [0, 29, 43, 35, 4, 6, 22, 5, 46, 32, 24, 0], [0, 13, 23, 10, 18, 21, 20, 25, 40, 31, 36, 0], [0, 50, 38, 37, 1, 11, 41, 42, 12, 45, 14, 0], [0, 15, 3, 48, 2, 47, 9, 28, 30, 26, 33, 0]]",3.969617947345749,0.0945174013647963,1.1522248385799216,0.20445841439068319,0.19489433056850558,0.08214473153165966,0.8119906161466135,0.8077082392742507,0.5884058475494385
1.0,0.0,5,True,178296,5,"[[0, 27, 49, 39, 17, 34, 20, 25, 40, 31, 36, 0], [0, 19, 10, 18, 21, 29, 43, 9, 47, 2, 48, 0], [0, 44, 50, 38, 14, 3, 15, 11, 42, 41, 12, 0], [0, 35, 4, 6, 22, 5, 46, 32, 24, 37, 1, 0], [0, 45, 13, 23, 8, 7, 16, 28, 30, 26, 33, 0]]",3.92665405767184,0.10152428092495087,1.1883500749245286,0.17805594361076751,0.19202762274603669,0.07375016896948874,0.8060099678239396,0.8083502694255763,0.5836070775985718
1.0,0.0,6,True,178482,5,"[[0, 1, 37, 24, 32, 46, 5, 22, 6, 4, 35, 0], [0, 12, 45, 11, 42, 41, 15, 3, 14, 38, 50, 0], [0, 33, 26, 30, 28, 48, 2, 47, 9, 43, 29, 0], [0, 44, 27, 49, 39, 17, 34, 8, 7, 16, 19, 0], [0, 13, 23, 10, 18, 21, 20, 25, 40, 31, 36, 0]]",3.8450652923701893,0.0991434084792291,1.2348660800489597,0.20445841439068319,0.27591432997417087,0.14957148248794352,0.8088064112524846,0.8068140691984912,0.5836070775985718
1.0,0.0,7,True,179596,5,"[[0, 44, 50, 38, 37, 24, 32, 46, 5, 22, 6, 0], [0, 27, 49, 39, 17, 34, 8, 23, 13, 45, 12, 0], [0, 15, 35, 4, 43, 9, 47, 2, 48, 3, 14, 0], [0, 33, 26, 30, 28, 16, 7, 42, 41, 11, 1, 0], [0, 36, 31, 40, 25, 20, 21, 18, 10, 29, 19, 0]]",4.030427592842898,0.0989324151905197,1.1798823224380612,0.20445796698331833,0.16911097211827508,0.06085241443034155,0.8067172719704727,0.811125335912533,0.5836070775985718
1.0,0.0,8,True,179581,5,"[[0, 50, 38, 37, 1, 11, 42, 41, 15, 3, 14, 0], [0, 27, 49, 39, 17, 34, 48, 2, 9, 47, 12, 0], [0, 44, 36, 31, 46, 32, 24, 21, 18, 10, 19, 0], [0, 45, 13, 23, 8, 7, 16, 28, 30, 26, 33, 0], [0, 29, 43, 35, 4, 6, 22, 5, 20, 25, 40, 0]]",4.360292733566894,0.10572591478772023,1.3435241790721193,0.19504496331016222,0.2667013743360007,0.17880496286715594,0.8206670418702802,0.8258929299077511,0.5884058475494385
1.0,0.0,9,True,178735,5,"[[0, 12, 45, 13, 24, 32, 46, 5, 22, 6, 44, 0], [0, 27, 49, 39, 17, 34, 20, 25, 40, 31, 36, 0], [0, 29, 21, 18, 4, 35, 43, 47, 9, 2, 48, 0], [0, 19, 10, 23, 8, 7, 16, 28, 30, 26, 33, 0], [0, 14, 3, 15, 11, 42, 41, 1, 37, 38, 50, 0]]",4.217786627043097,0.10172343221219148,1.1971341479220428,0.17805594361076751,0.2379970791976782,0.13984977179548144,0.8176616738863667,0.8202749401875165,0.5884058475494385
1.0,1.0,0,True,193945,5,"[[0, 44, 1, 49, 27, 37, 24, 32, 46, 31, 36, 0], [0, 19, 10, 18, 21, 25, 40, 20, 14, 38, 50, 0], [0, 33, 26, 30, 28, 9, 47, 2, 48, 11, 41, 0], [0, 42, 7, 16, 5, 22, 6, 4, 35, 43, 29, 0], [0, 12, 45, 13, 23, 8, 39, 17, 34, 3, 15, 0]]",3.1076230263779037,0.07480295206750592,0.9761590553971473,0.11598969357354301,0.234697943883851,0.06925643511167053,0.77778989263548,0.7603397166462447,0.6175246238708496
1.0,1.0,1,True,193656,5,"[[0, 50, 38, 14, 45, 13, 23, 10, 18, 21, 29, 0], [0, 1, 11, 42, 41, 35, 43, 4, 40, 25, 20, 0], [0, 44, 15, 3, 34, 17, 39, 8, 7, 16, 19, 0], [0, 33, 26, 30, 28, 9, 47, 2, 48, 31, 36, 0], [0, 12, 6, 22, 5, 46, 32, 24, 37, 49, 27, 0]]",2.7453924549544793,0.058370074878136315,0.9682270471530501,0.09209120646119118,0.2979860087795261,0.08392608446791143,0.7472994943970304,0.7184048668655448,0.6175246238708496
1.0,1.0,2,True,193656,5,"[[0, 36, 31, 48, 2, 47, 9, 28, 30, 26, 33, 0], [0, 44, 15, 3, 34, 17, 39, 8, 7, 16, 19, 0], [0, 12, 6, 22, 5, 46, 32, 24, 37, 49, 27, 0], [0, 20, 25, 40, 4, 43, 35, 41, 11, 42, 1, 0], [0, 29, 21, 18, 10, 23, 13, 45, 14, 38, 50, 0]]",2.741328793278579,0.058370074878136315,0.9682270471530501,0.09209120646119118,0.2984184972705275,0.08392325958372979,0.7484163217209248,0.7194698081934215,0.6175246238708496
1.0,1.0,3,True,193656,5,"[[0, 1, 11, 42, 41, 35, 43, 4, 40, 25, 20, 0], [0, 12, 6, 22, 5, 46, 32, 24, 37, 49, 27, 0], [0, 44, 19, 16, 7, 8, 39, 17, 34, 3, 15, 0], [0, 36, 31, 2, 48, 9, 47, 28, 30, 26, 33, 0], [0, 50, 38, 14, 45, 13, 23, 10, 18, 21, 29, 0]]",2.74532915202776,0.058370074878136315,0.9682270471530501,0.09209120646119118,0.29798365649903324,0.08392101948836656,0.7473311991714175,0.7184214321399158,0.6175246238708496
1.0,1.0,4,True,193945,5,"[[0, 50, 38, 14, 20, 40, 25, 21, 18, 10, 19, 0], [0, 15, 3, 34, 17, 39, 8, 23, 13, 45, 12, 0], [0, 41, 11, 2, 48, 47, 9, 28, 30, 26, 33, 0], [0, 42, 7, 16, 5, 22, 6, 4, 35, 43, 29, 0], [0, 1, 49, 27, 37, 24, 32, 46, 31, 36, 44, 0]]",2.9522772653935574,0.072196718181173,0.9761590553971473,0.11598969357354301,0.2680950899593886,0.07983554487375122,0.7723050022462543,0.7514535908359812,0.6175246238708496
1.0,1.0,5,True,193656,5,"[[0, 29, 21, 18, 10, 23, 13, 45, 14, 38, 50, 0], [0, 44, 15, 3, 34, 17, 39, 8, 7, 16, 19, 0], [0, 36, 31, 2, 48, 9, 47, 28, 30, 26, 33, 0], [0, 27, 49, 37, 24, 32, 46, 5, 22, 6, 12, 0], [0, 1, 42, 11, 41, 35, 43, 4, 40, 25, 20, 0]]",2.741328793278579,0.058370074878136315,0.9682270471530501,0.09209120646119118,0.2984184972705275,0.08392325958372979,0.7484163217209248,0.7194698081934215,0.6175246238708496
1.0,1.0,6,True,194031,5,"[[0, 50, 44, 27, 49, 37, 24, 32, 46, 31, 36, 0], [0, 19, 16, 7, 8, 39, 17, 34, 3, 14, 38, 0], [0, 15, 11, 48, 2, 47, 9, 28, 30, 26, 33, 0], [0, 12, 45, 20, 40, 25, 21, 18, 10, 23, 13, 0], [0, 29, 43, 35, 4, 6, 22, 5, 42, 41, 1, 0]]",2.963134348035008,0.07002056432106803,0.9434328832721803,0.09211867633793089,0.25716027966695987,0.07781128672433815,0.7716170808621015,0.7510184055970835,0.6175246238708496
1.0,1.0,7,True,194232,5,"[[0, 29, 21, 18, 10, 23, 13, 45, 14, 38, 50, 0], [0, 27, 49, 37, 24, 32, 46, 5, 22, 6, 12, 0], [0, 36, 31, 48, 2, 9, 47, 28, 30, 26, 33, 0], [0, 15, 3, 34, 17, 39, 8, 7, 16, 19, 44, 0], [0, 41, 35, 43, 4, 40, 25, 20, 42, 11, 1, 0]]",2.838305338103008,0.060257436269346404,0.9682270471530501,0.09209120646119118,0.27455559154381914,0.0764634785390856,0.7559641701757125,0.7290466257809217,0.6175246238708496
1.0,1.0,8,True,194658,5,"[[0, 19, 10, 18, 21, 25, 40, 20, 45, 41, 15, 0], [0, 1, 11, 2, 48, 47, 9, 28, 30, 26, 33, 0], [0, 12, 13, 23, 8, 39, 17, 34, 3, 14, 38, 0], [0, 27, 49, 37, 24, 32, 46, 31, 36, 44, 50, 0], [0, 42, 7, 16, 5, 22, 6, 4, 35, 43, 29, 0]]",3.1140014168549426,0.07261335820658132,0.9434328832721803,0.09211867633793089,0.20948229640435034,0.055813580867229026,0.77564982818574,0.7551074194381464,0.6175246238708496
1.0,1.0,9,True,194058,5,"[[0, 19, 29, 10, 18, 21, 25, 40, 20, 45, 12, 0], [0, 41, 35, 43, 4, 6, 22, 5, 16, 7, 42, 0], [0, 33, 26, 30, 28, 9, 47, 48, 2, 11, 15, 0], [0, 36, 31, 46, 32, 24, 37, 27, 49, 1, 44, 0], [0, 50, 38, 14, 3, 34, 17, 39, 8, 23, 13, 0]]",2.8455708702885643,0.06611797075358129,0.9760957524704281,0.11598969357354301,0.26905790277740116,0.07398421683113457,0.765068462859497,0.741725124545954,0.6175246238708496
