beta,lambda_concentration,seed,is_feasible,pyvrp_cost,num_routes,routes,global_risk,global_cvar90,max_vehicle_risk,max_vehicle_cvar90,vehicle_risk_gini,risk_variance,edge_burden_gini_used,top10_burden_share,max_edge_burden
0.0,0.0,0,True,133997,5,"[[0, 14, 42, 41, 1, 45, 11, 15, 3, 16, 48, 0], [0, 18, 32, 4, 29, 19, 6, 24, 40, 20, 44, 0], [0, 27, 35, 5, 36, 28, 26, 23, 30, 12, 49, 0], [0, 46, 22, 7, 8, 43, 33, 34, 2, 25, 39, 0], [0, 17, 13, 10, 37, 50, 38, 31, 9, 47, 21, 0]]",8.049024220155843,0.2409732994933923,2.2444736434554216,0.3446727053572734,0.10387332260574755,0.11159063679203893,0.8700251794862195,0.8949190705129474,1.1597681045532227
0.0,0.0,1,True,133997,5,"[[0, 17, 13, 10, 37, 50, 38, 31, 9, 47, 21, 0], [0, 18, 32, 4, 29, 6, 19, 24, 40, 20, 44, 0], [0, 14, 42, 41, 1, 11, 45, 15, 3, 16, 48, 0], [0, 46, 22, 7, 8, 43, 33, 34, 2, 25, 39, 0], [0, 27, 35, 5, 36, 28, 26, 23, 30, 12, 49, 0]]",8.049024220155843,0.2409732994933923,2.2444736434554216,0.3446727053572734,0.10387332260574755,0.11159063679203893,0.8700251794862195,0.8949190705129474,1.1597681045532227
0.0,0.0,2,True,133998,5,"[[0, 16, 3, 15, 45, 11, 1, 41, 42, 14, 48, 0], [0, 25, 2, 34, 33, 43, 8, 7, 22, 46, 39, 0], [0, 38, 31, 9, 47, 21, 27, 23, 30, 49, 12, 0], [0, 26, 28, 36, 5, 35, 10, 37, 50, 13, 17, 0], [0, 44, 20, 40, 24, 6, 19, 29, 4, 32, 18, 0]]",9.925973155863176,0.3483840311662509,2.8106879306724295,0.5100891664624214,0.18741512455173837,0.45643015728589453,0.8711227556233399,0.8953405817574954,1.1597681045532227
0.0,0.0,3,True,133998,5,"[[0, 12, 49, 30, 23, 26, 28, 36, 5, 20, 44, 0], [0, 14, 42, 41, 1, 45, 11, 15, 3, 16, 48, 0], [0, 27, 35, 10, 37, 50, 38, 31, 9, 47, 21, 0], [0, 25, 2, 34, 33, 43, 8, 7, 22, 46, 39, 0], [0, 18, 32, 4, 29, 19, 6, 24, 40, 13, 17, 0]]",7.573294002075272,0.2254080783575773,2.08689005341148,0.2382382615469396,0.17089461658667338,0.2177143392799039,0.8707975711593876,0.8917562550797223,1.1597681045532227
0.0,0.0,4,True,133997,5,"[[0, 48, 14, 42, 41, 1, 45, 11, 15, 3, 16, 0], [0, 44, 20, 40, 24, 19, 6, 4, 32, 29, 12, 0], [0, 25, 2, 34, 33, 43, 8, 7, 22, 46, 39, 0], [0, 27, 35, 5, 36, 28, 26, 23, 30, 18, 49, 0], [0, 17, 13, 10, 37, 50, 38, 31, 9, 47, 21, 0]]",8.720431013010966,0.25513131087345464,3.022895717280335,0.569381034374237,0.19775681204091944,0.4777082933925031,0.8827311293209179,0.9049700345443041,1.7263656854629517
0.0,0.0,5,True,133999,5,"[[0, 16, 3, 14, 42, 41, 1, 45, 39, 11, 15, 0], [0, 18, 32, 4, 29, 6, 19, 24, 40, 20, 44, 0], [0, 25, 2, 34, 33, 35, 10, 37, 50, 13, 17, 0], [0, 46, 22, 7, 8, 43, 5, 36, 28, 26, 12, 0], [0, 48, 38, 31, 9, 47, 21, 27, 23, 30, 49, 0]]",10.328320688895474,0.362059018932856,2.3793301035184413,0.3446727053572734,0.08234217295034973,0.10253566722442672,0.8685213579788507,0.8849033134146501,1.1597681045532227
0.0,0.0,6,True,133997,5,"[[0, 16, 3, 14, 42, 41, 1, 45, 11, 39, 48, 0], [0, 15, 46, 22, 7, 8, 43, 17, 13, 18, 49, 0], [0, 27, 35, 10, 37, 50, 38, 31, 9, 47, 21, 0], [0, 12, 29, 4, 32, 6, 19, 24, 40, 20, 44, 0], [0, 25, 2, 34, 33, 5, 36, 28, 26, 23, 30, 0]]",9.004934553468047,0.2565318609122187,2.3864334467434674,0.4064045436680317,0.1390542588192738,0.20350072883878983,0.8875868714288835,0.9116026019835421,1.7263656854629517
0.0,0.0,7,True,133998,5,"[[0, 13, 17, 43, 33, 34, 5, 2, 25, 45, 11, 0], [0, 16, 1, 41, 42, 12, 49, 14, 3, 15, 48, 0], [0, 44, 20, 40, 24, 19, 6, 29, 4, 32, 18, 0], [0, 30, 23, 26, 28, 36, 8, 7, 22, 46, 39, 0], [0, 21, 47, 9, 31, 38, 50, 37, 10, 35, 27, 0]]",8.979969645853998,0.24138884903753505,2.7854587124384125,0.35187418572604656,0.19994365642001677,0.41920432787915785,0.872466116885573,0.9011244872092712,1.1597681045532227
0.0,0.0,8,True,133998,5,"[[0, 48, 14, 42, 41, 1, 45, 11, 15, 3, 16, 0], [0, 49, 18, 12, 29, 32, 4, 6, 19, 24, 40, 0], [0, 44, 20, 34, 33, 5, 36, 28, 26, 23, 30, 0], [0, 17, 13, 37, 10, 35, 22, 43, 8, 7, 46, 0], [0, 27, 21, 47, 9, 31, 38, 50, 2, 25, 39, 0]]",8.737518613728753,0.3025217900195947,2.456002336970414,0.4285114824771881,0.13111718372849634,0.17784142105389833,0.882262518227863,0.9021640571148499,1.7263656854629517
0.0,0.0,9,True,133997,5,"[[0, 48, 15, 45, 11, 1, 41, 42, 14, 3, 16, 0], [0, 27, 35, 5, 36, 28, 26, 23, 30, 12, 49, 0], [0, 21, 47, 9, 31, 38, 50, 37, 10, 13, 17, 0], [0, 25, 2, 34, 33, 43, 8, 7, 22, 46, 39, 0], [0, 44, 20, 40, 24, 6, 19, 29, 4, 32, 18, 0]]",7.648004257127468,0.23554891168043532,2.279864429088775,0.35187418572604656,0.15658104883786939,0.19670060653242383,0.8709791830074758,0.8920246585317725,1.1597681045532227
1.5,1.0,0,True,178185,5,"[[0, 48, 20, 36, 5, 33, 34, 18, 35, 10, 37, 0], [0, 49, 12, 30, 23, 26, 28, 2, 1, 16, 42, 0], [0, 40, 9, 31, 38, 50, 43, 8, 7, 22, 46, 0], [0, 19, 6, 24, 41, 4, 32, 39, 45, 11, 25, 0], [0, 15, 3, 14, 13, 17, 44, 29, 47, 21, 27, 0]]",2.1542604166716046,0.038985012684549604,0.9684360635728808,0.07876570895314217,0.36200738282417544,0.08887929364444933,0.7212122827564211,0.6519388060246543,0.5600594878196716
1.5,1.0,1,True,178185,5,"[[0, 20, 5, 36, 33, 34, 18, 35, 10, 37, 12, 0], [0, 27, 21, 47, 29, 44, 17, 13, 14, 3, 15, 0], [0, 19, 6, 24, 41, 4, 32, 39, 11, 45, 25, 0], [0, 40, 9, 31, 38, 50, 43, 8, 7, 22, 46, 0], [0, 42, 16, 1, 2, 28, 26, 23, 30, 49, 48, 0]]",2.1542604166716046,0.038985012684549604,0.9655393469220144,0.0962991788983345,0.3598559499679068,0.08795013059978422,0.7212122827564211,0.6519388060246543,0.5600594878196716
1.5,1.0,2,True,178202,5,"[[0, 19, 6, 24, 41, 4, 32, 39, 45, 11, 25, 0], [0, 46, 22, 7, 8, 43, 50, 38, 31, 9, 40, 0], [0, 48, 20, 5, 36, 33, 34, 18, 35, 10, 37, 0], [0, 42, 14, 12, 13, 17, 44, 29, 47, 21, 27, 0], [0, 49, 30, 23, 26, 28, 2, 1, 16, 3, 15, 0]]",2.5942751395741652,0.0501656908955839,0.7843697442585835,0.09909780075152715,0.25451397693837685,0.05837156245606647,0.7610501946552586,0.7095200408513588,0.5600594878196716
1.5,1.0,3,True,178185,5,"[[0, 46, 22, 7, 8, 43, 50, 38, 31, 9, 40, 0], [0, 49, 30, 23, 26, 28, 2, 1, 16, 42, 48, 0], [0, 20, 36, 5, 33, 34, 18, 35, 10, 37, 12, 0], [0, 27, 21, 47, 29, 44, 17, 13, 14, 3, 15, 0], [0, 25, 45, 11, 39, 32, 4, 41, 24, 6, 19, 0]]",2.6058012394169054,0.0501656908955839,0.9655393469220144,0.0962991788983345,0.2920890143670083,0.07488265381757078,0.756641642368791,0.7042667309161884,0.5600594878196716
1.5,1.0,4,True,178779,5,"[[0, 48, 49, 30, 23, 26, 28, 2, 25, 16, 1, 0], [0, 42, 14, 12, 13, 17, 44, 29, 47, 21, 27, 0], [0, 40, 9, 31, 36, 33, 34, 18, 35, 10, 37, 0], [0, 20, 19, 6, 24, 41, 4, 32, 39, 11, 45, 0], [0, 15, 3, 38, 50, 5, 43, 8, 7, 22, 46, 0]]",2.1114646752357658,0.04082459956407547,0.7865581158621353,0.09909780075152715,0.3478609512870736,0.07497318054586426,0.7291366858679347,0.6575095806343915,0.5600594878196716
1.5,1.0,5,True,178202,5,"[[0, 42, 14, 12, 13, 17, 44, 29, 47, 21, 27, 0], [0, 19, 6, 24, 41, 4, 32, 39, 11, 45, 25, 0], [0, 37, 10, 35, 18, 34, 33, 36, 5, 20, 48, 0], [0, 49, 30, 23, 26, 28, 2, 1, 16, 3, 15, 0], [0, 46, 22, 7, 8, 43, 50, 38, 31, 9, 40, 0]]",2.594093026313203,0.0501656908955839,0.7843697442585835,0.09909780075152715,0.2545880070433586,0.058397444324646705,0.7639502386432118,0.7120783914557844,0.5600594878196716
1.5,1.0,6,True,178185,5,"[[0, 27, 21, 47, 29, 44, 17, 13, 14, 3, 15, 0], [0, 49, 12, 30, 23, 26, 28, 2, 1, 16, 42, 0], [0, 19, 6, 24, 41, 4, 32, 39, 11, 45, 25, 0], [0, 40, 9, 31, 38, 50, 43, 8, 7, 22, 46, 0], [0, 37, 10, 35, 18, 34, 33, 5, 36, 20, 48, 0]]",2.1540783034106425,0.038985012684549604,0.9684360635728808,0.07876570895314217,0.36210562296401294,0.08889876491174482,0.724704117390568,0.6550148841527651,0.5600594878196716
1.5,1.0,7,True,179153,5,"[[0, 39, 32, 4, 41, 24, 6, 19, 12, 49, 14, 0], [0, 25, 11, 45, 13, 17, 44, 29, 47, 21, 27, 0], [0, 40, 9, 31, 38, 50, 43, 8, 7, 22, 46, 0], [0, 15, 3, 16, 42, 1, 2, 28, 26, 23, 30, 0], [0, 48, 37, 10, 35, 18, 34, 33, 5, 36, 20, 0]]",2.1853863834512595,0.038985012684549604,0.9609196530363988,0.1255216288069884,0.3496968812273238,0.08406380787608739,0.7126501139832697,0.641681275133388,0.5600594878196716
1.5,1.0,8,True,179214,5,"[[0, 40, 37, 10, 13, 17, 44, 29, 47, 21, 27, 0], [0, 48, 25, 46, 22, 43, 8, 7, 36, 5, 20, 0], [0, 45, 11, 39, 32, 4, 41, 24, 6, 19, 12, 0], [0, 49, 30, 23, 26, 28, 2, 1, 16, 42, 14, 0], [0, 35, 18, 34, 33, 50, 38, 31, 9, 3, 15, 0]]",2.3503596341288358,0.04852813482284546,0.9775793618900934,0.0962991788983345,0.31208350572799204,0.07752344486082388,0.7466973969048198,0.6868770653309993,0.5600594878196716
1.5,1.0,9,True,179248,5,"[[0, 48, 25, 46, 22, 7, 8, 43, 5, 36, 20, 0], [0, 40, 10, 37, 13, 17, 44, 29, 47, 21, 27, 0], [0, 14, 42, 16, 1, 2, 28, 26, 23, 30, 49, 0], [0, 35, 18, 34, 33, 50, 38, 31, 9, 3, 15, 0], [0, 12, 19, 6, 24, 41, 4, 32, 39, 11, 45, 0]]",2.5499671851102903,0.05847246324022611,0.9775793618900934,0.0962991788983345,0.3044967838759436,0.0791700842924354,0.7692299362596076,0.7162594065503062,0.5600594878196716
