beta,lambda_concentration,seed,is_feasible,pyvrp_cost,num_routes,routes,global_risk,global_cvar90,max_vehicle_risk,max_vehicle_cvar90,vehicle_risk_gini,risk_variance,edge_burden_gini_used,top10_burden_share,max_edge_burden
0.0,0.0,0,True,133997,5,"[[0, 14, 42, 41, 1, 45, 11, 15, 3, 16, 48, 0], [0, 18, 32, 4, 29, 19, 6, 24, 40, 20, 44, 0], [0, 27, 35, 5, 36, 28, 26, 23, 30, 12, 49, 0], [0, 46, 22, 7, 8, 43, 33, 34, 2, 25, 39, 0], [0, 17, 13, 10, 37, 50, 38, 31, 9, 47, 21, 0]]",6.665310812160897,0.1995866222307086,2.2683549433131702,0.3473098152317107,0.17312514409007806,0.2368871927228048,0.8728286713063897,0.894411062542489,0.9035152792930603
0.0,0.0,1,True,133997,5,"[[0, 17, 13, 10, 37, 50, 38, 31, 9, 47, 21, 0], [0, 18, 32, 4, 29, 6, 19, 24, 40, 20, 44, 0], [0, 14, 42, 41, 1, 11, 45, 15, 3, 16, 48, 0], [0, 46, 22, 7, 8, 43, 33, 34, 2, 25, 39, 0], [0, 27, 35, 5, 36, 28, 26, 23, 30, 12, 49, 0]]",6.665310812160897,0.1995866222307086,2.2683549433131702,0.3473098152317107,0.17312514409007806,0.2368871927228048,0.8728286713063897,0.894411062542489,0.9035152792930603
0.0,0.0,2,True,133998,5,"[[0, 16, 3, 15, 45, 11, 1, 41, 42, 14, 48, 0], [0, 25, 2, 34, 33, 43, 8, 7, 22, 46, 39, 0], [0, 38, 31, 9, 47, 21, 27, 23, 30, 49, 12, 0], [0, 26, 28, 36, 5, 35, 10, 37, 50, 13, 17, 0], [0, 44, 20, 40, 24, 6, 19, 29, 4, 32, 18, 0]]",8.501550974127895,0.2988709844648838,2.470691268637893,0.42672955989837646,0.25330012949988556,0.6355484107500489,0.8761005070861259,0.8995402002284731,0.9035152792930603
0.0,0.0,3,True,133998,5,"[[0, 12, 49, 30, 23, 26, 28, 36, 5, 20, 44, 0], [0, 14, 42, 41, 1, 45, 11, 15, 3, 16, 48, 0], [0, 27, 35, 10, 37, 50, 38, 31, 9, 47, 21, 0], [0, 25, 2, 34, 33, 43, 8, 7, 22, 46, 39, 0], [0, 18, 32, 4, 29, 19, 6, 24, 40, 13, 17, 0]]",6.187783151435724,0.18390795315305392,2.0439960283983964,0.23346664721611887,0.2857194837817725,0.3998399518404562,0.8725790373764837,0.8901591212989383,0.9035152792930603
0.0,0.0,4,True,133997,5,"[[0, 48, 14, 42, 41, 1, 45, 11, 15, 3, 16, 0], [0, 44, 20, 40, 24, 19, 6, 4, 32, 29, 12, 0], [0, 25, 2, 34, 33, 43, 8, 7, 22, 46, 39, 0], [0, 27, 35, 5, 36, 28, 26, 23, 30, 18, 49, 0], [0, 17, 13, 10, 37, 50, 38, 31, 9, 47, 21, 0]]",7.541601776472817,0.22224425725759037,2.879355516517535,0.5406960248947144,0.3014821247312891,0.695235805968552,0.8930944240856049,0.9113193614290263,1.694395661354065
0.0,0.0,5,True,133999,5,"[[0, 16, 3, 14, 42, 41, 1, 45, 39, 11, 15, 0], [0, 18, 32, 4, 29, 6, 19, 24, 40, 20, 44, 0], [0, 25, 2, 34, 33, 35, 10, 37, 50, 13, 17, 0], [0, 46, 22, 7, 8, 43, 5, 36, 28, 26, 12, 0], [0, 48, 38, 31, 9, 47, 21, 27, 23, 30, 49, 0]]",8.769522378432157,0.3076457137671801,2.2683549433131702,0.4319065858144313,0.12279794348624495,0.1478202366554734,0.8744845717555896,0.8916072256312837,0.9035152792930603
0.0,0.0,6,True,133997,5,"[[0, 16, 3, 14, 42, 41, 1, 45, 11, 39, 48, 0], [0, 15, 46, 22, 7, 8, 43, 17, 13, 18, 49, 0], [0, 27, 35, 10, 37, 50, 38, 31, 9, 47, 21, 0], [0, 12, 29, 4, 32, 6, 19, 24, 40, 20, 44, 0], [0, 25, 2, 34, 33, 5, 36, 28, 26, 23, 30, 0]]",7.864316170212987,0.23269603368375572,2.0667321933287894,0.28444143384695053,0.17487517302464273,0.26331569760744467,0.8964149285628067,0.9183513694028282,1.694395661354065
0.0,0.0,7,True,133998,5,"[[0, 13, 17, 43, 33, 34, 5, 2, 25, 45, 11, 0], [0, 16, 1, 41, 42, 12, 49, 14, 3, 15, 48, 0], [0, 44, 20, 40, 24, 19, 6, 29, 4, 32, 18, 0], [0, 30, 23, 26, 28, 36, 8, 7, 22, 46, 39, 0], [0, 21, 47, 9, 31, 38, 50, 37, 10, 35, 27, 0]]",7.798736151853518,0.2166059147848776,2.4305213578845724,0.37532134835297865,0.24546974015819023,0.5269084675726734,0.8774977809482525,0.9034862141132957,0.9035152792930603
0.0,0.0,8,True,133998,5,"[[0, 48, 14, 42, 41, 1, 45, 11, 15, 3, 16, 0], [0, 49, 18, 12, 29, 32, 4, 6, 19, 24, 40, 0], [0, 44, 20, 34, 33, 5, 36, 28, 26, 23, 30, 0], [0, 17, 13, 37, 10, 35, 22, 43, 8, 7, 46, 0], [0, 27, 21, 47, 9, 31, 38, 50, 2, 25, 39, 0]]",7.600146930468327,0.264826668605495,2.780483122827718,0.5168773800134658,0.2510035835757314,0.5129419835872998,0.8925595487109521,0.9093362386109933,1.694395661354065
0.0,0.0,9,True,133997,5,"[[0, 48, 15, 45, 11, 1, 41, 42, 14, 3, 16, 0], [0, 27, 35, 5, 36, 28, 26, 23, 30, 12, 49, 0], [0, 21, 47, 9, 31, 38, 50, 37, 10, 13, 17, 0], [0, 25, 2, 34, 33, 43, 8, 7, 22, 46, 39, 0], [0, 44, 20, 40, 24, 6, 19, 29, 4, 32, 18, 0]]",6.380966834527499,0.2037564414287252,2.4295377670787275,0.37532134835297865,0.2558783970989513,0.4244186540426355,0.8752127930615587,0.8940310983659837,0.9035152792930603
1.0,0.0,0,True,156752,5,"[[0, 1, 41, 24, 6, 19, 29, 4, 32, 39, 45, 0], [0, 15, 3, 38, 50, 5, 33, 34, 18, 35, 27, 0], [0, 30, 23, 26, 28, 2, 25, 11, 16, 42, 14, 0], [0, 46, 22, 43, 8, 7, 36, 31, 9, 47, 21, 0], [0, 49, 12, 40, 10, 37, 13, 17, 44, 20, 48, 0]]",2.463341748720268,0.05533537597340696,0.8666586048784666,0.09025530598592013,0.23206515150826834,0.0453016792542382,0.7930860244483597,0.760669970971047,0.45175763964653015
1.0,0.0,1,True,156455,5,"[[0, 1, 11, 45, 39, 32, 4, 29, 47, 21, 27, 0], [0, 49, 12, 13, 17, 19, 6, 24, 41, 42, 48, 0], [0, 20, 44, 38, 50, 5, 43, 8, 7, 22, 46, 0], [0, 37, 10, 35, 18, 34, 33, 36, 31, 9, 40, 0], [0, 14, 3, 15, 16, 25, 2, 28, 26, 23, 30, 0]]",2.190540761926968,0.04346984111376711,0.7378924680961063,0.06719952925211853,0.25330267869308853,0.039124349872040734,0.783851494555714,0.7363777941746482,0.45175763964653015
1.0,0.0,2,True,157358,5,"[[0, 42, 14, 3, 38, 50, 5, 33, 34, 18, 35, 0], [0, 40, 9, 31, 36, 7, 8, 43, 22, 46, 45, 0], [0, 49, 12, 30, 23, 26, 28, 2, 25, 39, 11, 0], [0, 15, 16, 20, 44, 17, 13, 37, 10, 27, 48, 0], [0, 21, 47, 29, 4, 32, 19, 6, 24, 41, 1, 0]]",2.4528394814988133,0.056491451168602165,1.1150832367493422,0.13389891598905837,0.3161110496871138,0.10327771832558516,0.7996931128818776,0.7656538163424482,0.4525667726993561
1.0,0.0,3,True,156753,5,"[[0, 27, 35, 18, 34, 33, 5, 50, 38, 3, 15, 0], [0, 30, 23, 26, 28, 2, 25, 11, 16, 42, 14, 0], [0, 48, 12, 49, 40, 10, 37, 13, 17, 44, 20, 0], [0, 46, 22, 43, 8, 7, 36, 31, 9, 47, 21, 0], [0, 45, 39, 32, 4, 29, 19, 6, 24, 41, 1, 0]]",2.462001192761818,0.05533537597340696,0.8666586048784666,0.09025530598592013,0.23262710943600218,0.0454234830684317,0.79438734287795,0.7610841546298515,0.45175763964653015
1.0,0.0,4,True,156392,5,"[[0, 20, 44, 38, 50, 5, 43, 8, 7, 22, 46, 0], [0, 48, 27, 21, 47, 29, 4, 32, 39, 45, 11, 0], [0, 13, 17, 19, 6, 24, 41, 42, 14, 3, 15, 0], [0, 40, 9, 31, 36, 33, 34, 18, 35, 10, 37, 0], [0, 1, 16, 25, 2, 28, 26, 23, 30, 12, 49, 0]]",2.1810655330409645,0.04346984111376711,0.7423141387844225,0.07454926590435207,0.25224305357122767,0.03883009256023484,0.7809794557263141,0.7359926415292736,0.45175763964653015
1.0,0.0,5,True,157114,5,"[[0, 48, 27, 21, 47, 9, 31, 38, 50, 36, 14, 0], [0, 35, 18, 34, 33, 5, 43, 8, 7, 22, 46, 0], [0, 42, 41, 24, 6, 19, 29, 4, 32, 39, 45, 0], [0, 40, 10, 37, 13, 17, 44, 20, 16, 3, 15, 0], [0, 49, 12, 30, 23, 26, 28, 2, 25, 11, 1, 0]]",2.305071368740755,0.04573647677898407,0.9345118025594275,0.1328340241064628,0.32626187455798883,0.0772486970785757,0.767599718349496,0.7257750935396773,0.45175763964653015
1.0,0.0,6,True,156752,5,"[[0, 15, 3, 38, 50, 5, 33, 34, 18, 35, 27, 0], [0, 49, 12, 40, 10, 37, 13, 17, 44, 20, 48, 0], [0, 14, 42, 16, 11, 25, 2, 28, 26, 23, 30, 0], [0, 21, 47, 9, 31, 36, 7, 8, 43, 22, 46, 0], [0, 45, 39, 32, 4, 29, 19, 6, 24, 41, 1, 0]]",2.463341748720268,0.05533537597340696,0.8666586048784666,0.09025530598592013,0.23206515150826834,0.0453016792542382,0.7930860244483597,0.760669970971047,0.45175763964653015
1.0,0.0,7,True,156752,5,"[[0, 27, 35, 18, 34, 33, 5, 50, 38, 3, 15, 0], [0, 1, 41, 24, 6, 19, 29, 4, 32, 39, 45, 0], [0, 46, 22, 43, 8, 7, 36, 31, 9, 47, 21, 0], [0, 48, 20, 44, 17, 13, 37, 10, 40, 12, 49, 0], [0, 14, 42, 16, 11, 25, 2, 28, 26, 23, 30, 0]]",2.462001192761818,0.05533537597340696,0.8666586048784666,0.09025530598592013,0.23262710943600218,0.0454234830684317,0.79438734287795,0.7610841546298515,0.45175763964653015
1.0,0.0,8,True,157102,5,"[[0, 37, 10, 13, 17, 44, 20, 16, 3, 14, 42, 0], [0, 15, 45, 11, 25, 2, 28, 26, 23, 30, 12, 0], [0, 1, 41, 24, 6, 19, 29, 4, 32, 39, 48, 0], [0, 35, 18, 34, 33, 36, 7, 8, 43, 22, 46, 0], [0, 27, 21, 47, 9, 31, 38, 50, 5, 40, 49, 0]]",2.6357851557186223,0.056644151039007634,0.8796396411780734,0.0906691198470071,0.23145739396492226,0.049464344900660415,0.7952829061987445,0.7702728620215592,0.45175763964653015
1.0,0.0,9,True,156752,5,"[[0, 11, 39, 32, 4, 29, 19, 6, 24, 41, 1, 0], [0, 15, 3, 38, 50, 5, 33, 34, 18, 35, 27, 0], [0, 30, 23, 26, 28, 2, 25, 45, 16, 42, 14, 0], [0, 21, 47, 9, 31, 36, 7, 8, 43, 22, 46, 0], [0, 49, 12, 40, 10, 37, 13, 17, 44, 20, 48, 0]]",2.463341748720268,0.05533537597340696,0.8648072071955539,0.09025530598592013,0.23146388773839166,0.04496219962768098,0.7930860244483597,0.760669970971047,0.45175763964653015
