beta,lambda_concentration,seed,is_feasible,pyvrp_cost,num_routes,routes,global_risk,global_cvar90,max_vehicle_risk,max_vehicle_cvar90,vehicle_risk_gini,risk_variance,edge_burden_gini_used,top10_burden_share,max_edge_burden
0.0,0.0,0,True,133997,5,"[[0, 14, 42, 41, 1, 45, 11, 15, 3, 16, 48, 0], [0, 18, 32, 4, 29, 19, 6, 24, 40, 20, 44, 0], [0, 27, 35, 5, 36, 28, 26, 23, 30, 12, 49, 0], [0, 46, 22, 7, 8, 43, 33, 34, 2, 25, 39, 0], [0, 17, 13, 10, 37, 50, 38, 31, 9, 47, 21, 0]]",7.215825489896815,0.20245048191281967,2.020263754646294,0.3299567233771086,0.11645934717349649,0.10102934383863924,0.8625696299599788,0.890702958960034,0.8542657494544983
0.0,0.0,1,True,133997,5,"[[0, 17, 13, 10, 37, 50, 38, 31, 9, 47, 21, 0], [0, 18, 32, 4, 29, 6, 19, 24, 40, 20, 44, 0], [0, 14, 42, 41, 1, 11, 45, 15, 3, 16, 48, 0], [0, 46, 22, 7, 8, 43, 33, 34, 2, 25, 39, 0], [0, 27, 35, 5, 36, 28, 26, 23, 30, 12, 49, 0]]",7.215825489896815,0.20245048191281967,2.020263754646294,0.3299567233771086,0.11645934717349649,0.10102934383863922,0.8625696299599788,0.890702958960034,0.8542657494544983
0.0,0.0,2,True,133998,5,"[[0, 16, 3, 15, 45, 11, 1, 41, 42, 14, 48, 0], [0, 25, 2, 34, 33, 43, 8, 7, 22, 46, 39, 0], [0, 38, 31, 9, 47, 21, 27, 23, 30, 49, 12, 0], [0, 26, 28, 36, 5, 35, 10, 37, 50, 13, 17, 0], [0, 44, 20, 40, 24, 6, 19, 29, 4, 32, 18, 0]]",8.95317884470569,0.3124782299766174,2.4527984311571345,0.42756760120391846,0.14959021949172158,0.23073264012624456,0.865448658103426,0.8854455340063383,0.8542657494544983
0.0,0.0,3,True,133998,5,"[[0, 12, 49, 30, 23, 26, 28, 36, 5, 20, 44, 0], [0, 14, 42, 41, 1, 45, 11, 15, 3, 16, 48, 0], [0, 27, 35, 10, 37, 50, 38, 31, 9, 47, 21, 0], [0, 25, 2, 34, 33, 43, 8, 7, 22, 46, 39, 0], [0, 18, 32, 4, 29, 19, 6, 24, 40, 13, 17, 0]]",6.76893639046466,0.18867940749623813,1.974030009121634,0.22620624874252826,0.1413878130122268,0.1385417842607749,0.8634268273840044,0.8869400163723027,0.8542657494544983
0.0,0.0,4,True,133997,5,"[[0, 48, 14, 42, 41, 1, 45, 11, 15, 3, 16, 0], [0, 44, 20, 40, 24, 19, 6, 4, 32, 29, 12, 0], [0, 25, 2, 34, 33, 43, 8, 7, 22, 46, 39, 0], [0, 27, 35, 5, 36, 28, 26, 23, 30, 18, 49, 0], [0, 17, 13, 10, 37, 50, 38, 31, 9, 47, 21, 0]]",8.266772170609329,0.2879076548493825,3.1348629648564383,0.5810628414154053,0.2363508268186898,0.6161159647609452,0.8814652083352421,0.9074521457033546,1.680478811264038
0.0,0.0,5,True,133999,5,"[[0, 16, 3, 14, 42, 41, 1, 45, 39, 11, 15, 0], [0, 18, 32, 4, 29, 6, 19, 24, 40, 20, 44, 0], [0, 25, 2, 34, 33, 35, 10, 37, 50, 13, 17, 0], [0, 46, 22, 7, 8, 43, 5, 36, 28, 26, 12, 0], [0, 48, 38, 31, 9, 47, 21, 27, 23, 30, 49, 0]]",9.26605211966671,0.31350877273965766,2.082909122109413,0.41240426199510694,0.058384794181217003,0.03854802775091369,0.8637812119241197,0.8792481167647053,0.8542657494544983
0.0,0.0,6,True,133997,5,"[[0, 16, 3, 14, 42, 41, 1, 45, 11, 39, 48, 0], [0, 15, 46, 22, 7, 8, 43, 17, 13, 18, 49, 0], [0, 27, 35, 10, 37, 50, 38, 31, 9, 47, 21, 0], [0, 12, 29, 4, 32, 6, 19, 24, 40, 20, 44, 0], [0, 25, 2, 34, 33, 5, 36, 28, 26, 23, 30, 0]]",8.508252598869149,0.23600124968498043,2.000713278132025,0.4375850558280945,0.09941535339429919,0.11026536284590585,0.884886000057775,0.9142958776505472,1.680478811264038
0.0,0.0,7,True,133998,5,"[[0, 13, 17, 43, 33, 34, 5, 2, 25, 45, 11, 0], [0, 16, 1, 41, 42, 12, 49, 14, 3, 15, 48, 0], [0, 44, 20, 40, 24, 19, 6, 29, 4, 32, 18, 0], [0, 30, 23, 26, 28, 36, 8, 7, 22, 46, 39, 0], [0, 21, 47, 9, 31, 38, 50, 37, 10, 35, 27, 0]]",8.239067783637438,0.28691099705890966,2.3376829215558246,0.3109717224724591,0.16400466407004255,0.23550452735055796,0.8656755754927739,0.8913165541505286,0.8542657494544983
0.0,0.0,8,True,133998,5,"[[0, 48, 14, 42, 41, 1, 45, 11, 15, 3, 16, 0], [0, 49, 18, 12, 29, 32, 4, 6, 19, 24, 40, 0], [0, 44, 20, 34, 33, 5, 36, 28, 26, 23, 30, 0], [0, 17, 13, 37, 10, 35, 22, 43, 8, 7, 46, 0], [0, 27, 21, 47, 9, 31, 38, 50, 2, 25, 39, 0]]",8.296979001781438,0.27816712069842553,2.884020022698678,0.516766032576561,0.2185191627846279,0.4666213904721075,0.8814821594806876,0.9035329066112379,1.680478811264038
0.0,0.0,9,True,133997,5,"[[0, 48, 15, 45, 11, 1, 41, 42, 14, 3, 16, 0], [0, 27, 35, 5, 36, 28, 26, 23, 30, 12, 49, 0], [0, 21, 47, 9, 31, 38, 50, 37, 10, 13, 17, 0], [0, 25, 2, 34, 33, 43, 8, 7, 22, 46, 39, 0], [0, 44, 20, 40, 24, 6, 19, 29, 4, 32, 18, 0]]",6.845145373488776,0.20360309043899177,2.0373498557601124,0.3299567233771086,0.14160768820067693,0.13666996803191656,0.8650608161784978,0.8897980516214986,0.8542657494544983
0.5,0.0,0,True,149528,5,"[[0, 48, 14, 3, 16, 15, 45, 11, 1, 41, 42, 0], [0, 25, 2, 28, 26, 23, 30, 13, 17, 44, 20, 0], [0, 18, 34, 33, 5, 36, 7, 8, 43, 22, 46, 0], [0, 35, 10, 37, 50, 38, 31, 9, 47, 21, 27, 0], [0, 39, 32, 4, 29, 19, 6, 24, 40, 49, 12, 0]]",4.764700004598126,0.11094579259185372,1.153577251592651,0.26011337991803885,0.12808084890483595,0.0763080579805844,0.8529201236677693,0.8562833283675667,0.840239405632019
0.5,0.0,1,True,149576,5,"[[0, 15, 45, 39, 11, 25, 2, 28, 26, 23, 30, 0], [0, 35, 10, 37, 50, 38, 31, 9, 47, 21, 27, 0], [0, 18, 32, 4, 29, 6, 19, 24, 41, 1, 48, 0], [0, 20, 44, 17, 13, 49, 12, 14, 3, 16, 42, 0], [0, 46, 22, 7, 8, 43, 5, 33, 34, 36, 40, 0]]",4.9500595077406615,0.15003248773116087,1.8602481053676456,0.18669975911163622,0.26187132776512323,0.23484684267225506,0.8455940362928791,0.8565909609849305,0.840239405632019
0.5,0.0,2,True,149569,5,"[[0, 48, 30, 23, 26, 28, 2, 25, 11, 45, 15, 0], [0, 39, 32, 4, 29, 19, 6, 24, 40, 49, 12, 0], [0, 46, 22, 43, 8, 7, 36, 5, 33, 34, 18, 0], [0, 20, 44, 17, 13, 14, 3, 16, 1, 41, 42, 0], [0, 35, 10, 37, 50, 38, 31, 9, 47, 21, 27, 0]]",4.779962831875309,0.14896378904167148,1.2210395368747413,0.26011337991803885,0.1561657694747074,0.08600620789871112,0.8517252130507269,0.8553069798805167,0.840239405632019
0.5,0.0,3,True,150102,5,"[[0, 27, 21, 47, 29, 4, 32, 19, 6, 24, 40, 0], [0, 30, 23, 26, 28, 2, 9, 31, 38, 50, 48, 0], [0, 25, 5, 33, 34, 36, 7, 8, 43, 22, 46, 0], [0, 20, 44, 17, 13, 37, 10, 35, 18, 49, 12, 0], [0, 42, 41, 1, 11, 39, 45, 15, 16, 3, 14, 0]]",4.730253554531373,0.14241488101626082,1.245911160367541,0.17781096789985895,0.1707328160908559,0.1083066793142132,0.8526532471486816,0.8559257647404401,0.840239405632019
0.5,0.0,4,True,149564,5,"[[0, 27, 21, 47, 9, 31, 38, 50, 37, 10, 35, 0], [0, 12, 49, 13, 17, 44, 20, 16, 3, 14, 42, 0], [0, 30, 23, 26, 28, 2, 25, 11, 39, 45, 15, 0], [0, 1, 41, 24, 19, 6, 29, 4, 32, 18, 48, 0], [0, 46, 22, 43, 8, 7, 36, 34, 33, 5, 40, 0]]",4.789052002946846,0.14441653810042357,1.8830698292003945,0.18916473568727574,0.2898968011798291,0.2731549061586057,0.8472946301217699,0.8560455739198171,0.840239405632019
0.5,0.0,5,True,149899,5,"[[0, 35, 10, 37, 50, 38, 31, 9, 47, 21, 27, 0], [0, 25, 11, 46, 22, 7, 8, 43, 17, 13, 12, 0], [0, 1, 41, 42, 14, 3, 16, 39, 45, 15, 48, 0], [0, 20, 44, 29, 4, 32, 6, 19, 24, 40, 49, 0], [0, 18, 34, 33, 5, 36, 2, 28, 26, 23, 30, 0]]",5.152066393115092,0.1421369184709845,1.9087825524620712,0.43407846987247467,0.26778927772873296,0.2643783667050902,0.8537702804448613,0.864544246782587,0.840239405632019
0.5,0.0,6,True,149899,5,"[[0, 35, 10, 37, 50, 38, 31, 9, 47, 21, 27, 0], [0, 40, 24, 6, 19, 32, 4, 29, 44, 20, 48, 0], [0, 42, 14, 3, 16, 15, 39, 11, 25, 41, 1, 0], [0, 45, 46, 22, 7, 8, 43, 17, 13, 49, 12, 0], [0, 18, 34, 33, 5, 36, 2, 28, 26, 23, 30, 0]]",5.149749058065936,0.1421369184709845,1.9087825524620712,0.43407846987247467,0.2657015908937552,0.2605171300379229,0.855698038046933,0.8649332829593066,0.840239405632019
0.5,0.0,7,True,149566,5,"[[0, 1, 45, 39, 11, 25, 2, 28, 26, 23, 30, 0], [0, 18, 32, 4, 29, 19, 6, 24, 41, 42, 48, 0], [0, 46, 22, 43, 8, 7, 36, 34, 33, 5, 40, 0], [0, 20, 44, 17, 13, 49, 12, 14, 3, 16, 15, 0], [0, 27, 21, 47, 9, 31, 38, 50, 37, 10, 35, 0]]",4.7671981077292,0.14362422420111084,1.9435083204880357,0.252533589489758,0.3209843541493229,0.3221016798627248,0.8441493420452888,0.8518095451588141,0.840239405632019
0.5,0.0,8,True,149999,5,"[[0, 48, 20, 44, 17, 13, 12, 14, 42, 41, 1, 0], [0, 18, 35, 10, 37, 50, 38, 31, 9, 39, 11, 0], [0, 27, 21, 47, 29, 4, 32, 6, 19, 24, 40, 0], [0, 49, 30, 23, 26, 28, 2, 25, 16, 3, 15, 0], [0, 45, 46, 22, 43, 8, 7, 36, 5, 33, 34, 0]]",4.691273351432756,0.13133456672852237,1.2364291028352454,0.2169899759814143,0.1770771379645999,0.10750088934515303,0.8493798861035198,0.8509075384436178,0.840239405632019
0.5,0.0,9,True,149564,5,"[[0, 15, 45, 39, 11, 25, 2, 28, 26, 23, 30, 0], [0, 12, 49, 13, 17, 44, 20, 16, 3, 14, 42, 0], [0, 27, 21, 47, 9, 31, 38, 50, 37, 10, 35, 0], [0, 46, 22, 43, 8, 7, 36, 34, 33, 5, 40, 0], [0, 18, 32, 4, 29, 6, 19, 24, 41, 1, 48, 0]]",4.766230279114097,0.14362422420111084,1.8602481053676456,0.18669975911163622,0.28745431862066906,0.26479183306983434,0.8470519296945251,0.855489924412886,0.840239405632019
1.0,0.0,0,True,158580,5,"[[0, 27, 21, 47, 29, 4, 32, 39, 11, 45, 15, 0], [0, 42, 14, 3, 16, 25, 2, 28, 26, 23, 30, 0], [0, 37, 10, 35, 18, 34, 33, 50, 38, 44, 20, 0], [0, 48, 12, 49, 13, 17, 6, 19, 24, 41, 1, 0], [0, 46, 22, 7, 8, 43, 5, 36, 31, 9, 40, 0]]",3.3631717454700265,0.09636758888761203,1.0358328012516722,0.14557985806216797,0.16487637266310173,0.042351935513386056,0.8140256936533277,0.8007901018294424,0.7359781265258789
1.0,0.0,1,True,158988,5,"[[0, 20, 44, 17, 13, 12, 49, 14, 3, 16, 42, 0], [0, 15, 39, 38, 50, 5, 43, 8, 7, 22, 46, 0], [0, 37, 10, 35, 18, 34, 33, 36, 31, 9, 40, 0], [0, 41, 24, 19, 6, 32, 4, 29, 47, 21, 27, 0], [0, 48, 1, 45, 11, 25, 2, 28, 26, 23, 30, 0]]",3.0799662311619613,0.06313800135333288,1.3704303746344522,0.16825070178934506,0.42651095648433324,0.22922763153568856,0.7976958116361537,0.7772775667215011,0.7359781265258789
1.0,0.0,2,True,159343,5,"[[0, 49, 13, 17, 43, 8, 7, 22, 46, 11, 48, 0], [0, 42, 16, 20, 44, 40, 6, 19, 24, 41, 1, 0], [0, 15, 45, 39, 25, 2, 28, 26, 23, 30, 12, 0], [0, 37, 10, 35, 18, 32, 4, 29, 47, 21, 27, 0], [0, 14, 3, 9, 31, 38, 50, 5, 36, 33, 34, 0]]",3.38726602087263,0.07160008399698295,0.9906661534914747,0.13500551941494146,0.26827379246029937,0.12202900976569768,0.8065892605259295,0.7980912112739064,0.7359781265258789
1.0,0.0,3,True,159389,5,"[[0, 12, 49, 30, 23, 26, 28, 2, 25, 39, 45, 0], [0, 11, 46, 22, 43, 8, 7, 36, 31, 9, 40, 0], [0, 35, 18, 34, 33, 5, 50, 38, 3, 14, 42, 0], [0, 48, 27, 10, 37, 13, 17, 44, 20, 16, 15, 0], [0, 21, 47, 29, 4, 32, 6, 19, 24, 41, 1, 0]]",3.210167330078548,0.07281973617417471,1.0303049887297675,0.11768781925950732,0.2664572712182247,0.09453429318864497,0.8110168937680049,0.796473487051764,0.7359781265258789
1.0,0.0,4,True,159342,5,"[[0, 15, 45, 39, 25, 2, 28, 26, 23, 30, 48, 0], [0, 27, 21, 47, 29, 4, 32, 18, 35, 10, 37, 0], [0, 11, 46, 22, 7, 8, 43, 17, 13, 49, 12, 0], [0, 14, 3, 9, 31, 38, 50, 5, 36, 33, 34, 0], [0, 42, 16, 20, 44, 40, 6, 19, 24, 41, 1, 0]]",3.4097430877154693,0.07218389423858178,0.9950010562315583,0.13870298427840075,0.2699427002767778,0.12533266478235525,0.8062768923969903,0.7975830366692339,0.7359781265258789
1.0,0.0,5,True,159342,5,"[[0, 12, 49, 13, 17, 43, 8, 7, 22, 46, 11, 0], [0, 14, 3, 9, 31, 38, 50, 5, 36, 33, 34, 0], [0, 27, 21, 47, 29, 4, 32, 18, 35, 10, 37, 0], [0, 30, 23, 26, 28, 2, 25, 39, 45, 15, 48, 0], [0, 1, 41, 24, 19, 6, 40, 44, 20, 16, 42, 0]]",3.263702644268051,0.07016044789673509,0.9950010562315583,0.13870298427840075,0.27268167759102746,0.11071101622196788,0.7994795768079734,0.7882157529863043,0.7359781265258789
1.0,0.0,6,True,158965,5,"[[0, 1, 45, 11, 25, 2, 28, 26, 23, 30, 48, 0], [0, 42, 14, 3, 16, 20, 44, 17, 13, 49, 12, 0], [0, 41, 24, 19, 6, 32, 4, 29, 47, 21, 27, 0], [0, 39, 38, 50, 5, 33, 34, 18, 35, 10, 37, 0], [0, 40, 9, 31, 36, 7, 8, 43, 22, 46, 15, 0]]",3.254516719171079,0.09194531609062795,1.3704303746344522,0.16825070178934506,0.378326383124602,0.20180797910722914,0.8083943631761803,0.7918095109921632,0.7359781265258789
1.0,0.0,7,True,158965,5,"[[0, 41, 24, 19, 6, 32, 4, 29, 47, 21, 27, 0], [0, 42, 14, 3, 16, 20, 44, 17, 13, 12, 49, 0], [0, 37, 10, 35, 18, 34, 33, 5, 50, 38, 39, 0], [0, 15, 11, 45, 25, 2, 28, 26, 23, 30, 48, 0], [0, 40, 9, 31, 36, 7, 8, 43, 22, 46, 1, 0]]",3.2548613761609886,0.09194531609062795,1.3704303746344522,0.16825070178934506,0.369697270447517,0.19369372681485014,0.8100967587930976,0.7935182608274378,0.7359781265258789
1.0,0.0,8,True,158965,5,"[[0, 41, 24, 19, 6, 32, 4, 29, 47, 21, 27, 0], [0, 37, 10, 35, 18, 34, 33, 5, 50, 38, 39, 0], [0, 48, 30, 23, 26, 28, 2, 25, 11, 45, 15, 0], [0, 40, 9, 31, 36, 7, 8, 43, 22, 46, 1, 0], [0, 12, 49, 13, 17, 44, 20, 16, 3, 14, 42, 0]]",3.2549997993337456,0.09194531609062795,1.3704303746344522,0.16825070178934506,0.3696815485819902,0.19368266766132375,0.8100286254712441,0.7934845154135897,0.7359781265258789
1.0,0.0,9,True,159391,5,"[[0, 42, 16, 15, 45, 25, 2, 28, 26, 23, 30, 0], [0, 14, 3, 38, 50, 5, 43, 8, 7, 22, 46, 0], [0, 12, 49, 40, 10, 37, 13, 17, 44, 20, 48, 0], [0, 1, 41, 24, 19, 6, 29, 4, 32, 39, 11, 0], [0, 35, 18, 34, 33, 36, 31, 9, 47, 21, 27, 0]]",3.155100141389994,0.07742623740341514,1.0217900502611883,0.14557985806216797,0.29804962461490647,0.11744403277457045,0.8079272881693982,0.7921278342883974,0.7359781265258789
1.5,0.0,0,True,167158,5,"[[0, 1, 41, 24, 19, 6, 29, 4, 32, 47, 21, 0], [0, 48, 20, 44, 17, 13, 10, 37, 40, 49, 12, 0], [0, 42, 16, 15, 45, 25, 2, 28, 26, 23, 30, 0], [0, 11, 46, 22, 43, 8, 7, 36, 31, 9, 39, 0], [0, 14, 3, 38, 50, 5, 33, 34, 18, 35, 27, 0]]",3.0116390420298558,0.06887086305548162,1.0217900502611883,0.14557985806216797,0.25210524581731697,0.07756798534756937,0.7991406127715217,0.7790335950832944,0.7359781265258789
1.5,0.0,1,True,167110,5,"[[0, 15, 3, 14, 42, 16, 20, 44, 17, 13, 12, 0], [0, 41, 24, 19, 6, 29, 4, 32, 47, 21, 27, 0], [0, 39, 9, 31, 38, 50, 43, 8, 7, 22, 46, 0], [0, 1, 11, 45, 25, 2, 28, 26, 23, 30, 49, 0], [0, 36, 5, 33, 34, 18, 35, 10, 37, 40, 48, 0]]",2.9092324224184267,0.0764103913679719,1.170973916654475,0.12826461779574552,0.3869647339967255,0.16878260891535873,0.7879695177874517,0.7664772705424296,0.7359781265258789
1.5,0.0,2,True,166538,5,"[[0, 20, 44, 38, 50, 5, 43, 8, 7, 22, 46, 0], [0, 49, 12, 13, 17, 6, 19, 24, 41, 1, 48, 0], [0, 40, 9, 31, 36, 33, 34, 18, 35, 10, 37, 0], [0, 42, 14, 3, 16, 25, 2, 28, 26, 23, 30, 0], [0, 15, 45, 11, 39, 32, 4, 29, 47, 21, 27, 0]]",3.003201529645594,0.06155826416062681,1.0358328012516722,0.14557985806216797,0.2671638012838693,0.08148761332652972,0.7977738962374177,0.7763440484982596,0.7359781265258789
1.5,0.0,3,True,166582,5,"[[0, 37, 10, 35, 18, 34, 33, 50, 38, 3, 14, 0], [0, 49, 30, 23, 26, 28, 2, 25, 15, 16, 42, 0], [0, 46, 22, 7, 8, 43, 5, 36, 31, 9, 40, 0], [0, 11, 45, 39, 32, 4, 29, 47, 21, 27, 48, 0], [0, 12, 13, 17, 44, 20, 19, 6, 24, 41, 1, 0]]",3.202570578927407,0.06722763955200974,1.0238243445637636,0.11128549231216311,0.2476087471002213,0.08511060592101857,0.8120831159355726,0.7974019924219058,0.7359781265258789
1.5,0.0,4,True,166538,5,"[[0, 48, 1, 41, 24, 19, 6, 17, 13, 12, 49, 0], [0, 37, 10, 35, 18, 34, 33, 50, 38, 44, 20, 0], [0, 27, 21, 47, 29, 4, 32, 39, 11, 45, 15, 0], [0, 40, 9, 31, 36, 5, 43, 8, 7, 22, 46, 0], [0, 42, 14, 3, 16, 25, 2, 28, 26, 23, 30, 0]]",3.004308948671678,0.06155826416062681,1.0358328012516722,0.14557985806216797,0.2710563602066376,0.08463637602012399,0.7993356464404615,0.7787959076509008,0.7359781265258789
1.5,0.0,5,True,166314,5,"[[0, 12, 49, 30, 23, 26, 28, 2, 25, 45, 15, 0], [0, 27, 21, 47, 29, 44, 20, 16, 3, 14, 42, 0], [0, 40, 9, 31, 36, 5, 43, 8, 7, 22, 46, 0], [0, 11, 39, 32, 4, 6, 19, 24, 41, 1, 48, 0], [0, 13, 17, 38, 50, 33, 34, 18, 35, 10, 37, 0]]",2.8929734255943913,0.07812704504640014,0.9257029303116724,0.09829906211234629,0.3055322510329561,0.11439703349067734,0.7834538529308412,0.7622868564778974,0.7359781265258789
1.5,0.0,6,True,166787,5,"[[0, 27, 21, 47, 32, 4, 29, 44, 20, 16, 42, 0], [0, 30, 23, 26, 28, 2, 25, 39, 11, 45, 15, 0], [0, 48, 1, 41, 24, 19, 6, 17, 13, 12, 49, 0], [0, 14, 3, 38, 50, 5, 43, 8, 7, 22, 46, 0], [0, 37, 10, 35, 18, 34, 33, 36, 31, 9, 40, 0]]",2.8693789979151916,0.05664633405514252,1.045099686132744,0.12823539754996696,0.3564351036655473,0.13607917031537786,0.7871686464420158,0.7641695667427465,0.7359781265258789
1.5,0.0,7,True,166841,5,"[[0, 48, 1, 11, 45, 25, 2, 28, 26, 23, 30, 0], [0, 37, 10, 35, 18, 34, 33, 5, 50, 38, 39, 0], [0, 41, 24, 19, 6, 29, 4, 32, 47, 21, 27, 0], [0, 15, 46, 22, 43, 8, 7, 36, 31, 9, 40, 0], [0, 12, 49, 13, 17, 44, 20, 16, 3, 14, 42, 0]]",3.0555433413537685,0.06250576116144657,1.170973916654475,0.12341286987066269,0.35065077713213877,0.15069364277021596,0.7997028365625125,0.778430422948233,0.7359781265258789
1.5,0.0,8,True,167196,5,"[[0, 11, 46, 22, 7, 8, 43, 5, 50, 38, 39, 0], [0, 48, 42, 16, 20, 44, 17, 13, 37, 10, 40, 0], [0, 15, 45, 25, 2, 28, 26, 23, 30, 49, 12, 0], [0, 21, 47, 32, 4, 29, 6, 19, 24, 41, 1, 0], [0, 27, 35, 18, 34, 33, 36, 31, 9, 3, 14, 0]]",3.196123776753666,0.07414825655081693,0.9257029303116724,0.09829906211234629,0.1671803383808108,0.03989211098401459,0.8064422907778506,0.7902069961171505,0.7359781265258789
1.5,0.0,9,True,166698,5,"[[0, 49, 30, 23, 26, 28, 2, 25, 16, 3, 15, 0], [0, 40, 9, 31, 38, 50, 43, 8, 7, 22, 46, 0], [0, 42, 14, 12, 13, 17, 44, 29, 47, 21, 27, 0], [0, 1, 41, 24, 19, 6, 4, 32, 39, 45, 11, 0], [0, 37, 10, 35, 18, 34, 33, 36, 5, 20, 48, 0]]",2.7750939074903727,0.05364552417244667,0.9463155189296231,0.11422964717660632,0.31083665244292247,0.1057752005533898,0.7758467805221589,0.7485734246953811,0.7359781265258789
2.0,0.0,0,True,174350,5,"[[0, 39, 32, 4, 41, 24, 19, 6, 29, 47, 21, 0], [0, 12, 40, 9, 31, 36, 7, 8, 43, 22, 46, 0], [0, 1, 11, 45, 25, 2, 28, 26, 23, 30, 49, 0], [0, 27, 10, 37, 13, 17, 44, 20, 16, 42, 14, 0], [0, 48, 15, 3, 38, 50, 5, 33, 34, 18, 35, 0]]",2.6719258919765707,0.0586956218980691,0.9492494958685711,0.12826461779574552,0.2977598189344599,0.08218495029560048,0.7799112655663922,0.7533180825369667,0.7359781265258789
2.0,0.0,1,True,174111,5,"[[0, 42, 16, 15, 39, 32, 4, 29, 47, 21, 27, 0], [0, 45, 11, 25, 2, 28, 26, 23, 30, 12, 49, 0], [0, 46, 22, 7, 8, 43, 5, 50, 38, 3, 14, 0], [0, 37, 10, 35, 18, 34, 33, 36, 31, 9, 40, 0], [0, 1, 41, 24, 6, 19, 20, 44, 17, 13, 48, 0]]",3.20243215575465,0.06722763955200974,0.9283874125685543,0.10219881417495864,0.2300362673909706,0.07294675316295005,0.8121523539159647,0.7974364596356938,0.7359781265258789
2.0,0.0,2,True,173894,5,"[[0, 46, 22, 7, 8, 43, 50, 38, 31, 9, 40, 0], [0, 42, 16, 25, 2, 28, 26, 23, 30, 49, 12, 0], [0, 37, 10, 35, 18, 34, 33, 36, 5, 20, 48, 0], [0, 15, 3, 14, 13, 17, 44, 29, 47, 21, 27, 0], [0, 45, 11, 39, 32, 4, 6, 19, 24, 41, 1, 0]]",3.120239469106309,0.08410308230668306,1.0375424112426117,0.0907088728621602,0.2538386246927904,0.0819534918289869,0.7965735383520858,0.7784271381693537,0.7359781265258789
2.0,0.0,3,True,174043,5,"[[0, 49, 37, 10, 35, 18, 34, 33, 36, 5, 20, 0], [0, 1, 41, 24, 19, 6, 4, 32, 39, 45, 11, 0], [0, 48, 42, 14, 13, 17, 44, 29, 47, 21, 27, 0], [0, 12, 30, 23, 26, 28, 2, 25, 16, 3, 15, 0], [0, 40, 9, 31, 38, 50, 43, 8, 7, 22, 46, 0]]",2.7750939074903727,0.05364552417244667,0.9493032614700496,0.11422964717660632,0.313276902155998,0.10727937677658188,0.7758467805221589,0.7485734246953811,0.7359781265258789
2.0,0.0,4,True,173894,5,"[[0, 15, 3, 14, 13, 17, 44, 29, 47, 21, 27, 0], [0, 49, 12, 30, 23, 26, 28, 2, 25, 16, 42, 0], [0, 46, 22, 7, 8, 43, 50, 38, 31, 9, 40, 0], [0, 1, 41, 24, 19, 6, 4, 32, 39, 11, 45, 0], [0, 37, 10, 35, 18, 34, 33, 36, 5, 20, 48, 0]]",3.120377892279066,0.08410308230668306,1.0376808344153687,0.0907088728621602,0.2538628529731517,0.08197638978395051,0.7965017361339983,0.7783926063408556,0.7359781265258789
2.0,0.0,5,True,174650,5,"[[0, 1, 41, 24, 6, 19, 4, 32, 39, 16, 15, 0], [0, 48, 20, 5, 50, 38, 31, 9, 3, 14, 42, 0], [0, 40, 10, 37, 13, 17, 44, 29, 47, 21, 27, 0], [0, 35, 18, 34, 33, 36, 7, 8, 43, 22, 46, 0], [0, 45, 11, 25, 2, 28, 26, 23, 30, 49, 12, 0]]",2.8869518518913537,0.06318863811237471,0.9283874125685543,0.102393654640764,0.23986709707949205,0.062256176330417266,0.7928843995994383,0.7676473643301621,0.7359781265258789
2.0,0.0,6,True,173894,5,"[[0, 1, 41, 24, 19, 6, 4, 32, 39, 11, 45, 0], [0, 48, 20, 5, 36, 33, 34, 18, 35, 10, 37, 0], [0, 40, 9, 31, 38, 50, 43, 8, 7, 22, 46, 0], [0, 15, 3, 14, 13, 17, 44, 29, 47, 21, 27, 0], [0, 12, 49, 30, 23, 26, 28, 2, 25, 16, 42, 0]]",2.761170438490808,0.05364552417244667,1.0376808344153687,0.0907088728621602,0.33897540888897826,0.1166044936265892,0.7754671536291129,0.7502350723378756,0.7359781265258789
2.0,0.0,7,True,174382,5,"[[0, 1, 41, 24, 19, 6, 4, 32, 39, 45, 15, 0], [0, 11, 46, 22, 5, 33, 34, 18, 35, 10, 37, 0], [0, 42, 14, 3, 16, 25, 2, 28, 26, 23, 30, 0], [0, 20, 36, 7, 8, 43, 50, 38, 31, 9, 40, 0], [0, 48, 49, 12, 13, 17, 44, 29, 47, 21, 27, 0]]",3.1029660505009815,0.06217034084674639,1.0358328012516722,0.14557985806216797,0.2594121885792784,0.08563411708226305,0.8002392650044208,0.7776813923190761,0.7359781265258789
2.0,0.0,8,True,174258,5,"[[0, 27, 21, 47, 29, 44, 17, 13, 49, 14, 42, 0], [0, 19, 6, 24, 41, 4, 32, 39, 45, 11, 48, 0], [0, 20, 5, 36, 33, 34, 18, 35, 10, 37, 12, 0], [0, 46, 22, 7, 8, 43, 50, 38, 31, 9, 40, 0], [0, 1, 16, 3, 15, 25, 2, 28, 26, 23, 30, 0]]",2.775243563344702,0.06881769213440089,0.970286818803288,0.11420460125165326,0.2818598280578746,0.07701174006819567,0.7780340666357402,0.7508494949029578,0.7359781265258789
2.0,0.0,9,True,173976,5,"[[0, 1, 41, 24, 19, 6, 4, 32, 39, 11, 45, 0], [0, 37, 10, 35, 18, 34, 33, 50, 38, 17, 13, 0], [0, 27, 21, 47, 29, 44, 20, 16, 3, 14, 42, 0], [0, 40, 9, 31, 36, 5, 43, 8, 7, 22, 46, 0], [0, 12, 49, 30, 23, 26, 28, 2, 25, 15, 48, 0]]",2.893318082584301,0.07812704504640014,0.9330759615404531,0.09829906211234629,0.30748684371847523,0.11481882102398142,0.7854236129148779,0.764212645095172,0.7359781265258789
3.0,0.0,0,True,187100,5,"[[0, 30, 23, 26, 28, 2, 25, 11, 15, 16, 42, 0], [0, 20, 5, 36, 7, 8, 43, 22, 46, 45, 1, 0], [0, 14, 3, 9, 31, 38, 50, 33, 34, 18, 35, 0], [0, 48, 27, 10, 37, 13, 17, 44, 29, 47, 21, 0], [0, 49, 12, 40, 6, 19, 24, 41, 4, 32, 39, 0]]",2.520186348934658,0.053988950327038765,1.0157580937375315,0.14557985806216797,0.3103671768530156,0.08447764783386622,0.7697066984649665,0.7385042914378611,0.7359781265258789
3.0,0.0,1,True,186064,5,"[[0, 40, 9, 31, 38, 50, 43, 8, 7, 22, 46, 0], [0, 42, 14, 3, 16, 15, 39, 32, 47, 21, 27, 0], [0, 1, 45, 11, 25, 2, 28, 26, 23, 30, 49, 0], [0, 20, 36, 5, 33, 34, 18, 35, 10, 37, 48, 0], [0, 13, 17, 44, 29, 4, 41, 24, 6, 19, 12, 0]]",2.2019611370633356,0.039365814851694984,0.9492494958685711,0.12826461779574552,0.37230046772714065,0.09641980329121393,0.7314649989624977,0.6835806423631452,0.7359781265258789
3.0,0.0,2,True,186936,5,"[[0, 48, 20, 5, 50, 38, 31, 9, 3, 14, 42, 0], [0, 15, 16, 39, 32, 47, 21, 27, 10, 37, 40, 0], [0, 1, 45, 11, 25, 2, 28, 26, 23, 30, 49, 0], [0, 35, 18, 34, 33, 36, 7, 8, 43, 22, 46, 0], [0, 12, 19, 6, 24, 41, 4, 29, 44, 17, 13, 0]]",2.338270816835575,0.04700993368668216,0.9492494958685711,0.12826461779574552,0.2813031996073654,0.06796782325610379,0.752764771168839,0.7117182635882116,0.7359781265258789
3.0,0.0,3,True,187863,5,"[[0, 20, 36, 5, 43, 8, 7, 22, 46, 45, 1, 0], [0, 27, 10, 37, 13, 17, 44, 40, 12, 49, 48, 0], [0, 30, 23, 26, 28, 2, 25, 11, 16, 42, 14, 0], [0, 35, 18, 34, 33, 50, 38, 31, 9, 3, 15, 0], [0, 21, 47, 29, 6, 19, 24, 41, 4, 32, 39, 0]]",2.5054799608769827,0.05492711665503906,1.0280587970628403,0.14557985806216797,0.35884855026583873,0.10755394250991172,0.7630460089195705,0.7308543376236332,0.7359781265258789
3.0,0.0,4,True,186064,5,"[[0, 12, 19, 6, 24, 41, 4, 29, 44, 17, 13, 0], [0, 1, 45, 11, 25, 2, 28, 26, 23, 30, 49, 0], [0, 42, 14, 3, 16, 15, 39, 32, 47, 21, 27, 0], [0, 46, 22, 7, 8, 43, 50, 38, 31, 9, 40, 0], [0, 37, 10, 35, 18, 34, 33, 5, 36, 20, 48, 0]]",2.5462616367149167,0.04977253643242088,0.9492494958685711,0.12826461779574552,0.30832419590447824,0.07934794572815611,0.7666718841589037,0.7301619975014307,0.7359781265258789
3.0,0.0,5,True,186064,5,"[[0, 42, 14, 3, 16, 15, 39, 32, 47, 21, 27, 0], [0, 46, 22, 7, 8, 43, 50, 38, 31, 9, 40, 0], [0, 48, 37, 10, 35, 18, 34, 33, 36, 5, 20, 0], [0, 49, 30, 23, 26, 28, 2, 25, 11, 45, 1, 0], [0, 12, 19, 6, 24, 41, 4, 29, 44, 17, 13, 0]]",2.5462616367149167,0.04977253643242088,0.9492494958685711,0.12826461779574552,0.30832419590447824,0.0793479457281561,0.7666718841589037,0.7301619975014307,0.7359781265258789
3.0,0.0,6,True,188633,5,"[[0, 48, 12, 30, 23, 26, 28, 2, 25, 16, 15, 0], [0, 34, 33, 43, 8, 7, 22, 46, 45, 11, 1, 0], [0, 20, 44, 17, 13, 37, 10, 35, 18, 32, 39, 0], [0, 27, 21, 47, 29, 4, 41, 24, 19, 6, 40, 0], [0, 42, 14, 3, 9, 31, 38, 50, 5, 36, 49, 0]]",2.5101382968132384,0.05068670446053147,0.9256072240532376,0.12826461779574552,0.2868286132368294,0.06712190050141256,0.7635496813235774,0.7284526313847678,0.7359781265258789
3.0,0.0,7,True,186936,5,"[[0, 42, 14, 3, 9, 31, 38, 50, 5, 20, 48, 0], [0, 40, 37, 10, 27, 21, 47, 32, 39, 45, 1, 0], [0, 15, 16, 11, 25, 2, 28, 26, 23, 30, 49, 0], [0, 46, 22, 43, 8, 7, 36, 33, 34, 18, 35, 0], [0, 13, 17, 44, 29, 4, 41, 24, 6, 19, 12, 0]]",2.352694690809585,0.04492303970697764,0.9090760705876164,0.12826461779574552,0.2677030303303085,0.060784792874912286,0.7522372222963569,0.7108753391368277,0.7359781265258789
3.0,0.0,8,True,186064,5,"[[0, 40, 9, 31, 38, 50, 43, 8, 7, 22, 46, 0], [0, 13, 17, 44, 29, 4, 41, 24, 6, 19, 12, 0], [0, 49, 30, 23, 26, 28, 2, 25, 11, 45, 1, 0], [0, 48, 37, 10, 35, 18, 34, 33, 5, 36, 20, 0], [0, 42, 14, 3, 16, 15, 39, 32, 47, 21, 27, 0]]",2.2023057940532453,0.039365814851694984,0.9492494958685711,0.12826461779574552,0.3721170047622939,0.09638194971290336,0.7341161890197363,0.6872345354022682,0.7359781265258789
3.0,0.0,9,True,186064,5,"[[0, 46, 22, 7, 8, 43, 50, 38, 31, 9, 40, 0], [0, 27, 21, 47, 32, 39, 15, 16, 3, 14, 42, 0], [0, 13, 17, 44, 29, 4, 41, 24, 6, 19, 12, 0], [0, 48, 30, 23, 26, 28, 2, 25, 11, 45, 1, 0], [0, 20, 36, 5, 33, 34, 18, 35, 10, 37, 49, 0]]",2.560962357034441,0.04765099072112487,0.9547266559675336,0.09825523174367845,0.3077772068387521,0.0796455613094306,0.7636533091353706,0.7259706405751074,0.7359781265258789
