beta,lambda_concentration,seed,is_feasible,pyvrp_cost,num_routes,routes,global_risk,global_cvar90,max_vehicle_risk,max_vehicle_cvar90,vehicle_risk_gini,risk_variance,edge_burden_gini_used,top10_burden_share,max_edge_burden
0.0,0.0,0,True,133997,5,"[[0, 14, 42, 41, 1, 45, 11, 15, 3, 16, 48, 0], [0, 18, 32, 4, 29, 19, 6, 24, 40, 20, 44, 0], [0, 27, 35, 5, 36, 28, 26, 23, 30, 12, 49, 0], [0, 46, 22, 7, 8, 43, 33, 34, 2, 25, 39, 0], [0, 17, 13, 10, 37, 50, 38, 31, 9, 47, 21, 0]]",6.429770336137153,0.20472381357103586,1.9564761937072035,0.3005824473996957,0.15125648596395092,0.13765482187507347,0.8698411691124635,0.8899063779560318,0.875589907169342
0.0,0.0,1,True,133997,5,"[[0, 17, 13, 10, 37, 50, 38, 31, 9, 47, 21, 0], [0, 18, 32, 4, 29, 6, 19, 24, 40, 20, 44, 0], [0, 14, 42, 41, 1, 11, 45, 15, 3, 16, 48, 0], [0, 46, 22, 7, 8, 43, 33, 34, 2, 25, 39, 0], [0, 27, 35, 5, 36, 28, 26, 23, 30, 12, 49, 0]]",6.429770336137153,0.20472381357103586,1.9564761937072035,0.3005824473996957,0.15125648596395092,0.13765482187507347,0.8698411691124635,0.8899063779560318,0.875589907169342
0.0,0.0,2,True,133998,5,"[[0, 16, 3, 15, 45, 11, 1, 41, 42, 14, 48, 0], [0, 25, 2, 34, 33, 43, 8, 7, 22, 46, 39, 0], [0, 38, 31, 9, 47, 21, 27, 23, 30, 49, 12, 0], [0, 26, 28, 36, 5, 35, 10, 37, 50, 13, 17, 0], [0, 44, 20, 40, 24, 6, 19, 29, 4, 32, 18, 0]]",7.954256302007707,0.2776426247392709,2.556493185751606,0.49828047305345535,0.2454940800306249,0.49086689385191,0.8747913651978751,0.8964338984357355,0.875589907169342
0.0,0.0,3,True,133998,5,"[[0, 12, 49, 30, 23, 26, 28, 36, 5, 20, 44, 0], [0, 14, 42, 41, 1, 45, 11, 15, 3, 16, 48, 0], [0, 27, 35, 10, 37, 50, 38, 31, 9, 47, 21, 0], [0, 25, 2, 34, 33, 43, 8, 7, 22, 46, 39, 0], [0, 18, 32, 4, 29, 19, 6, 24, 40, 13, 17, 0]]",5.95485205060686,0.18799592474741594,1.9233450909378007,0.22098548151552677,0.2564870045433245,0.3122048526290002,0.8691445732289049,0.8851646521182593,0.875589907169342
0.0,0.0,4,True,133997,5,"[[0, 48, 14, 42, 41, 1, 45, 11, 15, 3, 16, 0], [0, 44, 20, 40, 24, 19, 6, 4, 32, 29, 12, 0], [0, 25, 2, 34, 33, 43, 8, 7, 22, 46, 39, 0], [0, 27, 35, 5, 36, 28, 26, 23, 30, 18, 49, 0], [0, 17, 13, 10, 37, 50, 38, 31, 9, 47, 21, 0]]",7.336837650946109,0.2296260354462369,2.986823366198223,0.559654152393341,0.30282050908069214,0.703246926128283,0.8903559795861082,0.9074124432861139,1.751179814338684
0.0,0.0,5,True,133999,5,"[[0, 16, 3, 14, 42, 41, 1, 45, 39, 11, 15, 0], [0, 18, 32, 4, 29, 6, 19, 24, 40, 20, 44, 0], [0, 25, 2, 34, 33, 35, 10, 37, 50, 13, 17, 0], [0, 46, 22, 7, 8, 43, 5, 36, 28, 26, 12, 0], [0, 48, 38, 31, 9, 47, 21, 27, 23, 30, 49, 0]]",8.389547735612723,0.2929368335753679,1.9564761937072035,0.3005824473996957,0.08820313590475903,0.07899085182793393,0.8714790867535427,0.8908797540279436,0.875589907169342
0.0,0.0,6,True,133997,5,"[[0, 16, 3, 14, 42, 41, 1, 45, 11, 39, 48, 0], [0, 15, 46, 22, 7, 8, 43, 17, 13, 18, 49, 0], [0, 27, 35, 10, 37, 50, 38, 31, 9, 47, 21, 0], [0, 12, 29, 4, 32, 6, 19, 24, 40, 20, 44, 0], [0, 25, 2, 34, 33, 5, 36, 28, 26, 23, 30, 0]]",7.456432861785288,0.22609418674061696,2.13201603066409,0.3113747611641884,0.1658113155532952,0.20140155597383047,0.8922047509476252,0.9117383562338758,1.751179814338684
0.0,0.0,7,True,133998,5,"[[0, 13, 17, 43, 33, 34, 5, 2, 25, 45, 11, 0], [0, 16, 1, 41, 42, 12, 49, 14, 3, 15, 48, 0], [0, 44, 20, 40, 24, 19, 6, 29, 4, 32, 18, 0], [0, 30, 23, 26, 28, 36, 8, 7, 22, 46, 39, 0], [0, 21, 47, 9, 31, 38, 50, 37, 10, 35, 27, 0]]",7.337055929499911,0.20872944165603258,2.2166342325799633,0.3005824473996957,0.19756313065893272,0.27963000270709293,0.8751296707423277,0.896870156137401,0.875589907169342
0.0,0.0,8,True,133998,5,"[[0, 48, 14, 42, 41, 1, 45, 11, 15, 3, 16, 0], [0, 49, 18, 12, 29, 32, 4, 6, 19, 24, 40, 0], [0, 44, 20, 34, 33, 5, 36, 28, 26, 23, 30, 0], [0, 17, 13, 37, 10, 35, 22, 43, 8, 7, 46, 0], [0, 27, 21, 47, 9, 31, 38, 50, 2, 25, 39, 0]]",7.440384432062274,0.2113217764417641,2.5802190138492733,0.47966277599334717,0.21488960808250135,0.37951562231916103,0.8882924239434604,0.9046258975426287,1.751179814338684
0.0,0.0,9,True,133997,5,"[[0, 48, 15, 45, 11, 1, 41, 42, 14, 3, 16, 0], [0, 27, 35, 5, 36, 28, 26, 23, 30, 12, 49, 0], [0, 21, 47, 9, 31, 38, 50, 37, 10, 13, 17, 0], [0, 25, 2, 34, 33, 43, 8, 7, 22, 46, 39, 0], [0, 44, 20, 40, 24, 6, 19, 29, 4, 32, 18, 0]]",5.997379873486352,0.19653695476827798,1.9441465561976656,0.3005824473996957,0.21664620856178574,0.22256535894260274,0.8704420519978406,0.8859929738814591,0.875589907169342
1.5,1.0,0,True,169076,5,"[[0, 42, 14, 3, 15, 16, 20, 44, 17, 13, 49, 0], [0, 6, 19, 24, 41, 32, 4, 29, 47, 21, 27, 0], [0, 1, 46, 22, 43, 8, 7, 36, 31, 9, 40, 0], [0, 39, 38, 50, 5, 33, 34, 18, 35, 10, 37, 0], [0, 12, 30, 23, 26, 28, 2, 25, 11, 45, 48, 0]]",1.8195441596762976,0.03220800702509127,0.5336011880281148,0.04732062993571162,0.1920977520228122,0.01866361157557928,0.7297059709241001,0.6770864339987356,0.22378502786159515
1.5,1.0,1,True,170897,5,"[[0, 39, 32, 18, 35, 10, 37, 13, 17, 44, 20, 0], [0, 15, 11, 45, 25, 2, 28, 26, 23, 30, 49, 0], [0, 27, 21, 47, 29, 4, 41, 24, 6, 19, 12, 0], [0, 34, 33, 5, 50, 38, 3, 14, 42, 16, 1, 0], [0, 40, 9, 31, 36, 7, 8, 43, 22, 46, 48, 0]]",1.7470054959485424,0.03408737728993098,0.3888194633182138,0.043134771287441254,0.07314985408568986,0.0025496591435963303,0.7152039072528791,0.653994722603233,0.22378502786159515
1.5,1.0,2,True,169294,5,"[[0, 20, 44, 17, 13, 30, 23, 26, 28, 2, 25, 0], [0, 6, 19, 24, 41, 32, 4, 29, 47, 21, 27, 0], [0, 49, 12, 37, 10, 35, 18, 34, 33, 5, 36, 0], [0, 46, 22, 7, 8, 43, 50, 38, 31, 9, 40, 0], [0, 15, 3, 14, 42, 16, 45, 11, 39, 1, 48, 0]]",2.0496721655799774,0.048278167976864746,0.5901695628999732,0.09199679531157016,0.2186354175977454,0.02775120103483535,0.7513339144737048,0.7040984753116293,0.42576900124549866
1.5,1.0,3,True,169076,5,"[[0, 27, 21, 47, 29, 4, 32, 41, 24, 19, 6, 0], [0, 1, 46, 22, 43, 8, 7, 36, 31, 9, 40, 0], [0, 39, 38, 50, 5, 33, 34, 18, 35, 10, 37, 0], [0, 48, 13, 17, 44, 20, 16, 15, 3, 14, 42, 0], [0, 49, 12, 30, 23, 26, 28, 2, 25, 11, 45, 0]]",1.8195441596762976,0.03220800702509127,0.5336011880281148,0.04732062993571162,0.19128821666883478,0.018632545641701845,0.7297059709241001,0.6770864339987356,0.22378502786159515
1.5,1.0,4,True,169077,5,"[[0, 6, 19, 24, 41, 32, 4, 29, 47, 21, 27, 0], [0, 12, 30, 23, 26, 28, 2, 25, 11, 45, 1, 0], [0, 48, 13, 17, 44, 20, 16, 15, 3, 14, 42, 0], [0, 39, 38, 50, 5, 33, 34, 18, 35, 10, 37, 0], [0, 46, 22, 43, 8, 7, 36, 31, 9, 40, 49, 0]]",1.8195441596762976,0.03220800702509127,0.5336011880281148,0.050007393956184386,0.1924623935310963,0.018679113104886697,0.7297059709241001,0.6770864339987356,0.22378502786159515
1.5,1.0,5,True,169825,5,"[[0, 49, 30, 23, 26, 28, 2, 25, 45, 16, 42, 0], [0, 1, 46, 22, 7, 8, 43, 50, 38, 31, 9, 0], [0, 48, 12, 19, 6, 24, 41, 4, 32, 39, 11, 0], [0, 27, 21, 47, 29, 44, 17, 13, 14, 3, 15, 0], [0, 20, 5, 36, 33, 34, 18, 35, 10, 37, 40, 0]]",1.8841922969804727,0.034764300721387066,0.6172469256416662,0.05436349329021242,0.2573303312684092,0.029684530050407297,0.7296846299599962,0.6724285018028625,0.42576900124549866
1.5,1.0,6,True,169294,5,"[[0, 20, 44, 17, 13, 30, 23, 26, 28, 2, 25, 0], [0, 49, 36, 5, 33, 34, 18, 35, 10, 37, 12, 0], [0, 40, 9, 31, 38, 50, 43, 8, 7, 22, 46, 0], [0, 15, 3, 14, 42, 16, 39, 11, 45, 1, 48, 0], [0, 27, 21, 47, 29, 4, 32, 41, 24, 19, 6, 0]]",1.6273497338261222,0.02631381421517103,0.5336011880281148,0.05121729336678982,0.26128014058864824,0.025840402342644626,0.6920253338244382,0.6267079934714396,0.22378502786159515
1.5,1.0,7,True,169095,5,"[[0, 46, 22, 7, 8, 43, 5, 50, 38, 3, 15, 0], [0, 40, 9, 31, 36, 33, 34, 18, 35, 10, 37, 0], [0, 48, 12, 49, 13, 17, 44, 20, 16, 42, 14, 0], [0, 30, 23, 26, 28, 2, 25, 11, 39, 45, 1, 0], [0, 6, 19, 24, 41, 32, 4, 29, 47, 21, 27, 0]]",2.033022024828824,0.037754207849502563,0.5504832489677938,0.09080280698835849,0.18075731774659243,0.01931186849110185,0.7538176868249584,0.7057459314105533,0.42576900124549866
1.5,1.0,8,True,169095,5,"[[0, 48, 14, 42, 16, 20, 44, 17, 13, 49, 12, 0], [0, 1, 11, 39, 45, 25, 2, 28, 26, 23, 30, 0], [0, 46, 22, 7, 8, 43, 5, 50, 38, 3, 15, 0], [0, 40, 9, 31, 36, 33, 34, 18, 35, 10, 37, 0], [0, 6, 19, 24, 41, 32, 4, 29, 47, 21, 27, 0]]",2.033022024828824,0.037754207849502563,0.5504832489677938,0.09080280698835849,0.18075731774659243,0.01931186849110185,0.7538176868249584,0.7057459314105533,0.42576900124549866
1.5,1.0,9,True,169076,5,"[[0, 40, 9, 31, 36, 7, 8, 43, 22, 46, 1, 0], [0, 6, 19, 24, 41, 32, 4, 29, 47, 21, 27, 0], [0, 39, 38, 50, 5, 33, 34, 18, 35, 10, 37, 0], [0, 42, 14, 3, 15, 16, 20, 44, 17, 13, 49, 0], [0, 12, 30, 23, 26, 28, 2, 25, 11, 45, 48, 0]]",1.8195441596762976,0.03220800702509127,0.5336011880281148,0.04732062993571162,0.1920977520228122,0.01866361157557928,0.7297059709241001,0.6770864339987356,0.22378502786159515
