beta,lambda_concentration,seed,is_feasible,pyvrp_cost,num_routes,routes,global_risk,global_cvar90,max_vehicle_risk,max_vehicle_cvar90,vehicle_risk_gini,risk_variance,edge_burden_gini_used,top10_burden_share,max_edge_burden
0.0,0.0,0,True,133997,5,"[[0, 14, 42, 41, 1, 45, 11, 15, 3, 16, 48, 0], [0, 18, 32, 4, 29, 19, 6, 24, 40, 20, 44, 0], [0, 27, 35, 5, 36, 28, 26, 23, 30, 12, 49, 0], [0, 46, 22, 7, 8, 43, 33, 34, 2, 25, 39, 0], [0, 17, 13, 10, 37, 50, 38, 31, 9, 47, 21, 0]]",13.362376293633133,0.1752540375505175,3.5585056305862963,0.4019209109246731,0.12553845981680767,0.35287317580593625,0.836837698411631,0.8851556323859682,1.5881544351577759
0.0,0.0,1,True,133997,5,"[[0, 17, 13, 10, 37, 50, 38, 31, 9, 47, 21, 0], [0, 18, 32, 4, 29, 6, 19, 24, 40, 20, 44, 0], [0, 14, 42, 41, 1, 11, 45, 15, 3, 16, 48, 0], [0, 46, 22, 7, 8, 43, 33, 34, 2, 25, 39, 0], [0, 27, 35, 5, 36, 28, 26, 23, 30, 12, 49, 0]]",13.362376293633133,0.1752540375505175,3.5585056305862963,0.4019209109246731,0.12553845981680767,0.35287317580593625,0.836837698411631,0.8851556323859682,1.5881544351577759
0.0,0.0,2,True,133998,5,"[[0, 16, 3, 15, 45, 11, 1, 41, 42, 14, 48, 0], [0, 25, 2, 34, 33, 43, 8, 7, 22, 46, 39, 0], [0, 38, 31, 9, 47, 21, 27, 23, 30, 49, 12, 0], [0, 26, 28, 36, 5, 35, 10, 37, 50, 13, 17, 0], [0, 44, 20, 40, 24, 6, 19, 29, 4, 32, 18, 0]]",15.723504647612572,0.5398798080591055,4.033924173563719,0.6039999723434448,0.14941833111526592,0.7692572092744431,0.8388814552293893,0.8638908702525682,1.5881544351577759
1.0,0.0,0,True,163587,5,"[[0, 20, 5, 50, 38, 31, 9, 3, 14, 42, 48, 0], [0, 46, 22, 43, 8, 7, 36, 33, 34, 18, 35, 0], [0, 11, 45, 25, 2, 28, 26, 23, 30, 12, 49, 0], [0, 39, 32, 4, 6, 19, 24, 41, 1, 16, 15, 0], [0, 13, 17, 44, 29, 47, 21, 27, 10, 37, 40, 0]]",5.662053080042824,0.07083999962797241,1.5509343275334686,0.15766273764893413,0.15437861125575814,0.09826220762357189,0.7499855553546784,0.7483790600463421,1.0099999904632568
1.0,0.0,1,True,162756,5,"[[0, 40, 9, 31, 36, 7, 8, 43, 22, 46, 1, 0], [0, 41, 24, 19, 6, 4, 32, 29, 47, 21, 27, 0], [0, 48, 15, 11, 45, 25, 2, 28, 26, 23, 30, 0], [0, 20, 44, 17, 13, 12, 49, 14, 3, 16, 42, 0], [0, 39, 38, 50, 5, 33, 34, 18, 35, 10, 37, 0]]",6.424999576760456,0.07865177050455292,2.319689314812422,0.18540954014117067,0.3143188528748748,0.5126946826874115,0.7699952648527819,0.7748842828099438,1.0099999904632568
1.0,0.0,2,True,162793,5,"[[0, 20, 44, 17, 13, 49, 14, 3, 16, 42, 48, 0], [0, 41, 24, 19, 6, 4, 32, 29, 47, 21, 27, 0], [0, 40, 9, 31, 36, 33, 34, 18, 35, 10, 37, 0], [0, 15, 11, 45, 25, 2, 28, 26, 23, 30, 12, 0], [0, 46, 22, 7, 8, 43, 5, 50, 38, 39, 1, 0]]",6.857801586622372,0.08493870518990417,2.319689314812422,0.18540954014117067,0.26494006248065216,0.4323489675685811,0.7801483926598476,0.7874033310535447,1.0099999904632568
