beta,lambda_concentration,seed,is_feasible,pyvrp_cost,num_routes,routes,global_risk,global_cvar90,max_vehicle_risk,max_vehicle_cvar90,vehicle_risk_gini,risk_variance,edge_burden_gini_used,top10_burden_share,max_edge_burden
0.0,0.0,0,True,133997,5,"[[0, 14, 42, 41, 1, 45, 11, 15, 3, 16, 48, 0], [0, 18, 32, 4, 29, 19, 6, 24, 40, 20, 44, 0], [0, 27, 35, 5, 36, 28, 26, 23, 30, 12, 49, 0], [0, 46, 22, 7, 8, 43, 33, 34, 2, 25, 39, 0], [0, 17, 13, 10, 37, 50, 38, 31, 9, 47, 21, 0]]",5.950950935453875,0.1657123389595654,1.8045242222724482,0.2942214794456959,0.16807829316771095,0.133331808945296,0.8664012280294686,0.8838819653256386,0.8560811877250671
0.0,0.0,1,True,133997,5,"[[0, 17, 13, 10, 37, 50, 38, 31, 9, 47, 21, 0], [0, 18, 32, 4, 29, 6, 19, 24, 40, 20, 44, 0], [0, 14, 42, 41, 1, 11, 45, 15, 3, 16, 48, 0], [0, 46, 22, 7, 8, 43, 33, 34, 2, 25, 39, 0], [0, 27, 35, 5, 36, 28, 26, 23, 30, 12, 49, 0]]",5.950950935453875,0.1657123389595654,1.8045242222724482,0.2942214794456959,0.16807829316771095,0.133331808945296,0.8664012280294686,0.8838819653256386,0.8560811877250671
0.0,0.0,2,True,133998,5,"[[0, 16, 3, 15, 45, 11, 1, 41, 42, 14, 48, 0], [0, 25, 2, 34, 33, 43, 8, 7, 22, 46, 39, 0], [0, 38, 31, 9, 47, 21, 27, 23, 30, 49, 12, 0], [0, 26, 28, 36, 5, 35, 10, 37, 50, 13, 17, 0], [0, 44, 20, 40, 24, 6, 19, 29, 4, 32, 18, 0]]",7.77731819046312,0.27157666190312457,2.625111129193101,0.463103848695755,0.27168039530322985,0.5745583674662939,0.8751753549213404,0.8942143002355933,0.8571326732635498
0.0,0.0,3,True,133997,5,"[[0, 39, 25, 2, 36, 28, 26, 23, 30, 49, 18, 0], [0, 44, 20, 40, 24, 19, 6, 4, 32, 29, 12, 0], [0, 17, 13, 10, 37, 50, 38, 31, 9, 47, 21, 0], [0, 46, 22, 7, 8, 43, 5, 34, 33, 35, 27, 0], [0, 14, 42, 41, 1, 11, 45, 15, 3, 16, 48, 0]]",7.326929883187404,0.1917869753337332,2.957870216749143,0.5514552772045136,0.268885354616615,0.617565925360591,0.8896635266087571,0.9079580327767541,1.7047826051712036
0.0,0.0,4,True,133997,5,"[[0, 48, 14, 42, 41, 1, 45, 11, 15, 3, 16, 0], [0, 44, 20, 40, 24, 19, 6, 4, 32, 29, 12, 0], [0, 25, 2, 34, 33, 43, 8, 7, 22, 46, 39, 0], [0, 27, 35, 5, 36, 28, 26, 23, 30, 18, 49, 0], [0, 17, 13, 10, 37, 50, 38, 31, 9, 47, 21, 0]]",6.928232152102282,0.18558291633449056,2.9927464775391854,0.5652396082878113,0.33845060190608156,0.7838624337563529,0.890044562195337,0.9045543479876544,1.7047826051712036
0.0,0.0,5,True,133999,5,"[[0, 16, 3, 14, 42, 41, 1, 45, 39, 11, 15, 0], [0, 18, 32, 4, 29, 6, 19, 24, 40, 20, 44, 0], [0, 25, 2, 34, 33, 35, 10, 37, 50, 13, 17, 0], [0, 46, 22, 7, 8, 43, 5, 36, 28, 26, 12, 0], [0, 48, 38, 31, 9, 47, 21, 27, 23, 30, 49, 0]]",8.06126528987079,0.27187347412109375,1.8198283326928504,0.3412812951952219,0.07834771387946793,0.06358648181396527,0.8725020766368528,0.8889903111641064,0.8571326732635498
0.0,0.0,6,True,133997,5,"[[0, 16, 3, 14, 42, 41, 1, 45, 11, 39, 48, 0], [0, 15, 46, 22, 7, 8, 43, 17, 13, 18, 49, 0], [0, 27, 35, 10, 37, 50, 38, 31, 9, 47, 21, 0], [0, 12, 29, 4, 32, 6, 19, 24, 40, 20, 44, 0], [0, 25, 2, 34, 33, 5, 36, 28, 26, 23, 30, 0]]",7.200941632381728,0.1992704143860575,2.047409461283678,0.38506028093397615,0.1602928289651946,0.16983670859623917,0.8926448877877962,0.9119932421957553,1.7047826051712036
0.0,0.0,7,True,133998,5,"[[0, 13, 17, 43, 33, 34, 5, 2, 25, 45, 11, 0], [0, 16, 1, 41, 42, 12, 49, 14, 3, 15, 48, 0], [0, 44, 20, 40, 24, 19, 6, 29, 4, 32, 18, 0], [0, 30, 23, 26, 28, 36, 8, 7, 22, 46, 39, 0], [0, 21, 47, 9, 31, 38, 50, 37, 10, 35, 27, 0]]",7.028117306323111,0.19348295718770137,2.186098030389985,0.2534570771136454,0.20540939590387053,0.29204715465425124,0.872429582826654,0.89469752402287,0.8571326732635498
0.0,0.0,8,True,133998,5,"[[0, 48, 14, 42, 41, 1, 45, 11, 15, 3, 16, 0], [0, 49, 18, 12, 29, 32, 4, 6, 19, 24, 40, 0], [0, 44, 20, 34, 33, 5, 36, 28, 26, 23, 30, 0], [0, 17, 13, 37, 10, 35, 22, 43, 8, 7, 46, 0], [0, 27, 21, 47, 9, 31, 38, 50, 2, 25, 39, 0]]",6.892274388257647,0.1789674833683031,2.756313588761259,0.5124480336904526,0.25671817274783515,0.5207786472079061,0.88844473875093,0.901298267541872,1.7047826051712036
0.0,0.0,9,True,133997,5,"[[0, 48, 15, 45, 11, 1, 41, 42, 14, 3, 16, 0], [0, 27, 35, 5, 36, 28, 26, 23, 30, 12, 49, 0], [0, 21, 47, 9, 31, 38, 50, 37, 10, 13, 17, 0], [0, 25, 2, 34, 33, 43, 8, 7, 22, 46, 39, 0], [0, 44, 20, 40, 24, 6, 19, 29, 4, 32, 18, 0]]",5.66625683780876,0.16203884693283227,1.9189013548311777,0.2942214794456959,0.24898888400266106,0.2591499618366561,0.8679406970944366,0.8819738347507842,0.8560811877250671
1.0,0.0,0,True,154697,5,"[[0, 40, 36, 5, 50, 38, 31, 9, 47, 21, 27, 0], [0, 46, 22, 7, 8, 43, 33, 34, 18, 35, 48, 0], [0, 45, 11, 25, 2, 28, 26, 23, 30, 49, 12, 0], [0, 1, 39, 32, 4, 29, 6, 19, 24, 41, 42, 0], [0, 10, 37, 13, 17, 44, 20, 16, 15, 3, 14, 0]]",2.558856473562628,0.05430841394182709,0.7553623908024747,0.08540799003094435,0.1892692334616204,0.029653642715885997,0.7835586782264385,0.7599481712549335,0.4027249813079834
1.0,0.0,1,True,154550,5,"[[0, 21, 47, 9, 31, 38, 50, 33, 34, 18, 35, 0], [0, 1, 45, 11, 25, 2, 28, 26, 23, 30, 12, 0], [0, 48, 49, 40, 36, 5, 43, 8, 7, 22, 46, 0], [0, 15, 3, 16, 20, 44, 17, 13, 37, 10, 27, 0], [0, 14, 42, 41, 24, 19, 6, 29, 4, 32, 39, 0]]",2.133622574616311,0.04652515431922494,0.7351891483704094,0.07740996070206166,0.2336762382649542,0.03286678617614157,0.7550596981012954,0.7266947126857188,0.3190339207649231
1.0,0.0,2,True,154790,5,"[[0, 48, 42, 14, 3, 16, 25, 45, 11, 39, 15, 0], [0, 40, 5, 33, 34, 18, 35, 10, 37, 49, 12, 0], [0, 46, 22, 7, 8, 43, 2, 28, 26, 23, 30, 0], [0, 27, 21, 47, 9, 31, 36, 50, 38, 17, 13, 0], [0, 20, 44, 29, 4, 32, 6, 19, 24, 41, 1, 0]]",2.811891108256532,0.07566208864695259,1.0177636553707998,0.11401220442106326,0.31598566995594224,0.10260563381702467,0.7981706815273968,0.7782661181604009,0.4027249813079834
1.0,0.0,3,True,154389,5,"[[0, 15, 3, 16, 39, 32, 4, 29, 47, 21, 27, 0], [0, 20, 44, 38, 50, 33, 34, 18, 35, 10, 37, 0], [0, 12, 49, 30, 23, 26, 28, 2, 25, 11, 45, 0], [0, 46, 22, 7, 8, 43, 9, 31, 36, 5, 40, 0], [0, 1, 41, 24, 19, 6, 17, 13, 14, 42, 48, 0]]",2.1859995814738795,0.05420060848285045,0.603496632335009,0.06864132439451558,0.1642002343827189,0.01869384876663028,0.7601952095942501,0.7223085697116383,0.3190339207649231
1.0,0.0,4,True,154896,5,"[[0, 12, 49, 13, 17, 6, 19, 24, 41, 42, 14, 0], [0, 48, 1, 45, 39, 32, 4, 29, 47, 21, 27, 0], [0, 15, 3, 16, 11, 25, 2, 28, 26, 23, 30, 0], [0, 20, 44, 40, 5, 33, 34, 18, 35, 10, 37, 0], [0, 36, 50, 38, 31, 9, 43, 8, 7, 22, 46, 0]]",2.2097833285224624,0.05420060848285045,0.6497205193445552,0.06864304042288236,0.19182556678908824,0.022826266772998142,0.756340640398681,0.718391764760836,0.3190339207649231
1.0,0.0,5,True,154872,5,"[[0, 48, 39, 45, 11, 25, 15, 3, 16, 42, 14, 0], [0, 1, 41, 24, 19, 6, 32, 4, 29, 44, 20, 0], [0, 46, 22, 7, 8, 43, 9, 31, 47, 21, 27, 0], [0, 13, 17, 38, 50, 33, 34, 18, 35, 10, 37, 0], [0, 30, 23, 26, 28, 2, 36, 5, 40, 49, 12, 0]]",2.5086843735189177,0.06452736624383501,1.0177636553707998,0.10245544579811394,0.3518645269966807,0.10226944444856187,0.7713906813010369,0.7480523192833728,0.36176344752311707
1.0,0.0,6,True,154866,5,"[[0, 1, 41, 24, 19, 6, 32, 4, 29, 44, 20, 0], [0, 30, 23, 26, 28, 2, 36, 5, 40, 49, 12, 0], [0, 46, 22, 7, 8, 43, 31, 9, 47, 21, 27, 0], [0, 48, 42, 14, 3, 16, 45, 25, 39, 11, 15, 0], [0, 37, 10, 35, 18, 34, 33, 50, 38, 17, 13, 0]]",2.5077263239363674,0.06452736624383501,1.0177636553707998,0.10245544579811394,0.35213997922374296,0.10238541502881819,0.7735781877783969,0.7483002905000611,0.36176344752311707
1.0,0.0,7,True,154561,5,"[[0, 27, 10, 37, 13, 17, 44, 20, 16, 3, 15, 0], [0, 48, 39, 32, 4, 29, 6, 19, 24, 41, 1, 0], [0, 21, 47, 9, 31, 38, 50, 36, 40, 14, 42, 0], [0, 35, 18, 34, 33, 5, 43, 8, 7, 22, 46, 0], [0, 12, 49, 30, 23, 26, 28, 2, 25, 11, 45, 0]]",2.1360930025075504,0.04652515431922494,0.7117221041116863,0.07740996070206166,0.25093759597958454,0.03811411634660273,0.7521008976292316,0.7218860516049592,0.3190339207649231
1.0,0.0,8,True,154568,5,"[[0, 49, 40, 5, 33, 34, 18, 35, 10, 37, 12, 0], [0, 14, 42, 41, 24, 19, 6, 29, 4, 32, 39, 0], [0, 15, 3, 16, 11, 25, 2, 28, 26, 23, 30, 0], [0, 20, 44, 38, 50, 36, 31, 9, 47, 21, 27, 0], [0, 48, 13, 17, 43, 8, 7, 22, 46, 45, 1, 0]]",2.454451337482169,0.06574399348486352,0.7656410426134244,0.09340010610009943,0.2413610894241771,0.047912236427089944,0.7814512009482177,0.7571331449955275,0.3190339207649231
1.0,0.0,9,True,154680,5,"[[0, 30, 23, 26, 28, 2, 25, 11, 16, 3, 15, 0], [0, 46, 22, 7, 8, 43, 33, 34, 18, 35, 48, 0], [0, 40, 5, 36, 50, 38, 31, 9, 47, 21, 27, 0], [0, 42, 14, 49, 12, 37, 10, 13, 17, 44, 20, 0], [0, 45, 39, 32, 4, 29, 6, 19, 24, 41, 1, 0]]",2.5553854549907555,0.05430841394182709,0.7046764173719566,0.08540799003094435,0.15868439097760279,0.02141191427851087,0.7814000929355505,0.7589100008845029,0.4027249813079834
1.0,1.0,0,True,163690,5,"[[0, 46, 22, 7, 8, 43, 31, 9, 47, 21, 27, 0], [0, 20, 44, 17, 13, 37, 10, 40, 12, 49, 48, 0], [0, 15, 3, 38, 50, 5, 36, 33, 34, 18, 35, 0], [0, 1, 41, 24, 19, 6, 29, 4, 32, 39, 45, 0], [0, 30, 23, 26, 28, 2, 25, 11, 16, 42, 14, 0]]",2.1622746991015447,0.04722696514517972,0.7046764173719566,0.08926794957369566,0.2923584019188925,0.05151570558190401,0.7579373895049806,0.7290099545885514,0.3190339207649231
1.0,1.0,1,True,163690,5,"[[0, 35, 18, 34, 33, 5, 36, 50, 38, 3, 15, 0], [0, 1, 41, 24, 6, 19, 29, 4, 32, 39, 45, 0], [0, 30, 23, 26, 28, 2, 25, 11, 16, 42, 14, 0], [0, 27, 21, 47, 9, 31, 43, 8, 7, 22, 46, 0], [0, 20, 44, 17, 13, 10, 37, 40, 12, 49, 48, 0]]",2.1623486108401266,0.04722696514517972,0.7046764173719566,0.08926794957369566,0.2923210637634093,0.05150578253937156,0.7587755615608671,0.7289850361304836,0.3190339207649231
1.0,1.0,2,True,163699,5,"[[0, 49, 12, 30, 23, 26, 28, 2, 25, 11, 48, 0], [0, 14, 42, 16, 20, 44, 17, 13, 37, 10, 40, 0], [0, 46, 22, 7, 8, 43, 31, 9, 47, 21, 27, 0], [0, 45, 39, 32, 4, 29, 19, 6, 24, 41, 1, 0], [0, 15, 3, 38, 50, 36, 5, 33, 34, 18, 35, 0]]",2.1637576439497934,0.04722696514517972,0.7046764173719566,0.08926794957369566,0.28367711807774376,0.050199344292927606,0.7569360175539459,0.7248102327472065,0.3190339207649231
1.0,1.0,3,True,163690,5,"[[0, 15, 3, 38, 50, 36, 5, 33, 34, 18, 35, 0], [0, 45, 39, 32, 4, 29, 19, 6, 24, 41, 1, 0], [0, 27, 21, 47, 9, 31, 43, 8, 7, 22, 46, 0], [0, 30, 23, 26, 28, 2, 25, 11, 16, 42, 14, 0], [0, 20, 44, 17, 13, 10, 37, 40, 49, 12, 48, 0]]",2.1622746991015447,0.04722696514517972,0.7046764173719566,0.08926794957369566,0.2923584019188925,0.05151570558190401,0.7579373895049806,0.7290099545885514,0.3190339207649231
1.0,1.0,4,True,163501,5,"[[0, 13, 17, 6, 19, 24, 41, 4, 32, 39, 11, 0], [0, 37, 10, 35, 18, 34, 33, 50, 38, 3, 15, 0], [0, 46, 22, 7, 8, 43, 9, 31, 36, 5, 40, 0], [0, 49, 12, 30, 23, 26, 28, 2, 25, 45, 1, 0], [0, 14, 42, 16, 20, 44, 29, 47, 21, 27, 48, 0]]",1.8011410628387239,0.03968360215159399,0.6544914829137269,0.0505695603787899,0.2631702887194598,0.03043129152551578,0.7197703435255045,0.6678476998962228,0.26533424854278564
1.0,1.0,5,True,164383,5,"[[0, 45, 39, 32, 4, 6, 19, 24, 41, 42, 14, 0], [0, 48, 35, 18, 34, 33, 50, 38, 3, 16, 1, 0], [0, 27, 21, 47, 29, 44, 17, 13, 37, 10, 40, 0], [0, 15, 11, 25, 2, 28, 26, 23, 30, 12, 49, 0], [0, 46, 22, 7, 8, 43, 9, 31, 36, 5, 20, 0]]",1.931678530319914,0.037885719910264015,0.7176196279760916,0.07287765189539641,0.28727521025297365,0.04046264180269961,0.7399961679466154,0.6871044423563863,0.3190339207649231
1.0,1.0,6,True,164127,5,"[[0, 39, 32, 18, 35, 10, 37, 13, 17, 44, 20, 0], [0, 40, 5, 34, 33, 36, 50, 38, 3, 14, 42, 0], [0, 49, 12, 30, 23, 26, 28, 2, 25, 45, 48, 0], [0, 1, 41, 24, 6, 19, 4, 29, 47, 21, 27, 0], [0, 15, 16, 11, 46, 22, 7, 8, 43, 9, 31, 0]]",2.147315548496408,0.046757652339610184,0.8186628499825019,0.08837735253785338,0.26987264833914026,0.04757087232182768,0.7544686472215569,0.7191369344446137,0.3190339207649231
1.0,1.0,7,True,163716,5,"[[0, 42, 41, 24, 6, 19, 29, 4, 32, 39, 1, 0], [0, 46, 22, 7, 8, 43, 31, 9, 47, 21, 27, 0], [0, 14, 3, 38, 50, 5, 36, 33, 34, 18, 35, 0], [0, 20, 44, 17, 13, 10, 37, 40, 12, 49, 48, 0], [0, 15, 16, 11, 45, 25, 2, 28, 26, 23, 30, 0]]",2.165330331885343,0.04722696514517972,0.7551382769888733,0.08926794957369566,0.3030860884304143,0.05642765870622161,0.7567912383817084,0.7240228073207028,0.3190339207649231
1.0,1.0,8,True,163144,5,"[[0, 13, 17, 38, 50, 33, 34, 18, 35, 10, 37, 0], [0, 1, 41, 24, 19, 6, 4, 32, 39, 45, 11, 0], [0, 49, 12, 30, 23, 26, 28, 2, 25, 15, 48, 0], [0, 46, 22, 7, 8, 43, 9, 31, 36, 5, 40, 0], [0, 42, 14, 3, 16, 20, 44, 29, 47, 21, 27, 0]]",2.12024834001204,0.049316371758950164,0.6760548449819908,0.06865717493928969,0.2669220855766059,0.04192240608990381,0.747990498007719,0.70976308779869,0.3190339207649231
1.0,1.0,9,True,163144,5,"[[0, 49, 12, 30, 23, 26, 28, 2, 25, 15, 48, 0], [0, 37, 10, 35, 18, 34, 33, 50, 38, 17, 13, 0], [0, 1, 41, 24, 19, 6, 4, 32, 39, 11, 45, 0], [0, 27, 21, 47, 29, 44, 20, 16, 3, 14, 42, 0], [0, 46, 22, 7, 8, 43, 9, 31, 36, 5, 40, 0]]",2.1205463655642234,0.049316371758950164,0.6760548449819908,0.06865717493928969,0.26689896254182344,0.04193360062113227,0.7504425289501351,0.7136606115054116,0.3190339207649231
