beta,lambda_concentration,seed,is_feasible,pyvrp_cost,num_routes,routes,global_risk,global_cvar90,max_vehicle_risk,max_vehicle_cvar90,vehicle_risk_gini,risk_variance,edge_burden_gini_used,top10_burden_share,max_edge_burden
0.0,0.0,0,True,133997,5,"[[0, 14, 42, 41, 1, 45, 11, 15, 3, 16, 48, 0], [0, 18, 32, 4, 29, 19, 6, 24, 40, 20, 44, 0], [0, 27, 35, 5, 36, 28, 26, 23, 30, 12, 49, 0], [0, 46, 22, 7, 8, 43, 33, 34, 2, 25, 39, 0], [0, 17, 13, 10, 37, 50, 38, 31, 9, 47, 21, 0]]",6.524835211577738,0.1786750192951524,2.2239595560531598,0.29485293318118366,0.17689196164452015,0.2262162879775324,0.874083082202997,0.8955471814699739,0.8507293462753296
0.0,0.0,1,True,133997,5,"[[0, 17, 13, 10, 37, 50, 38, 31, 9, 47, 21, 0], [0, 18, 32, 4, 29, 6, 19, 24, 40, 20, 44, 0], [0, 14, 42, 41, 1, 11, 45, 15, 3, 16, 48, 0], [0, 46, 22, 7, 8, 43, 33, 34, 2, 25, 39, 0], [0, 27, 35, 5, 36, 28, 26, 23, 30, 12, 49, 0]]",6.524835211577738,0.1786750192951524,2.2239595560531598,0.29485293318118366,0.17689196164452015,0.2262162879775324,0.874083082202997,0.8955471814699739,0.8507293462753296
0.0,0.0,2,True,133998,5,"[[0, 16, 3, 15, 45, 11, 1, 41, 42, 14, 48, 0], [0, 25, 2, 34, 33, 43, 8, 7, 22, 46, 39, 0], [0, 38, 31, 9, 47, 21, 27, 23, 30, 49, 12, 0], [0, 26, 28, 36, 5, 35, 10, 37, 50, 13, 17, 0], [0, 44, 20, 40, 24, 6, 19, 29, 4, 32, 18, 0]]",8.458859245965868,0.2978588021718539,2.5457037016167305,0.43267783522605896,0.26189962378976084,0.6473126622576743,0.8768388864084382,0.9039933534705367,0.8522052764892578
1.0,0.0,0,True,156057,5,"[[0, 1, 16, 45, 11, 25, 2, 28, 26, 23, 30, 0], [0, 14, 42, 41, 24, 6, 19, 29, 4, 32, 39, 0], [0, 27, 35, 18, 34, 33, 5, 50, 38, 3, 15, 0], [0, 49, 12, 40, 37, 10, 13, 17, 44, 20, 48, 0], [0, 46, 22, 43, 8, 7, 36, 31, 9, 47, 21, 0]]",2.3116698594849368,0.05140201706329689,0.8098508130824484,0.08422650559805334,0.2248027980035665,0.03857960418954925,0.7851263103176551,0.7480596335690993,0.4154953062534332
1.0,0.0,1,True,156057,5,"[[0, 27, 35, 18, 34, 33, 5, 50, 38, 3, 15, 0], [0, 46, 22, 43, 8, 7, 36, 31, 9, 47, 21, 0], [0, 30, 23, 26, 28, 2, 25, 11, 45, 16, 1, 0], [0, 14, 42, 41, 24, 6, 19, 29, 4, 32, 39, 0], [0, 48, 49, 12, 40, 37, 10, 13, 17, 44, 20, 0]]",2.3116698594849368,0.05140201706329689,0.8098508130824484,0.08422650559805334,0.2248027980035665,0.03857960418954925,0.7851263103176551,0.7480596335690993,0.4154953062534332
1.0,0.0,2,True,155966,5,"[[0, 42, 14, 3, 16, 20, 44, 17, 13, 12, 49, 0], [0, 40, 9, 31, 36, 7, 8, 43, 22, 46, 1, 0], [0, 41, 24, 19, 6, 4, 32, 29, 47, 21, 27, 0], [0, 48, 15, 11, 45, 25, 2, 28, 26, 23, 30, 0], [0, 37, 10, 35, 18, 34, 33, 5, 50, 38, 39, 0]]",2.2956912815343458,0.0464806740449087,1.064518644103373,0.12989238064203942,0.3378239553017135,0.10144492915094161,0.785052263708415,0.7470282116920454,0.4154953062534332
