beta,lambda_concentration,seed,is_feasible,pyvrp_cost,num_routes,routes,global_risk,global_cvar90,max_vehicle_risk,max_vehicle_cvar90,vehicle_risk_gini,risk_variance,edge_burden_gini_used,top10_burden_share,max_edge_burden
0.0,0.0,0,True,133997,5,"[[0, 14, 42, 41, 1, 45, 11, 15, 3, 16, 48, 0], [0, 18, 32, 4, 29, 19, 6, 24, 40, 20, 44, 0], [0, 27, 35, 5, 36, 28, 26, 23, 30, 12, 49, 0], [0, 46, 22, 7, 8, 43, 33, 34, 2, 25, 39, 0], [0, 17, 13, 10, 37, 50, 38, 31, 9, 47, 21, 0]]",7.634002339531435,0.19705434984472744,2.378116701846011,0.34715425968170166,0.16575426804428028,0.23174243277898335,0.8362041066871044,0.8697845208953748,1.0091874599456787
0.0,0.0,1,True,133997,5,"[[0, 17, 13, 10, 37, 50, 38, 31, 9, 47, 21, 0], [0, 18, 32, 4, 29, 6, 19, 24, 40, 20, 44, 0], [0, 14, 42, 41, 1, 11, 45, 15, 3, 16, 48, 0], [0, 46, 22, 7, 8, 43, 33, 34, 2, 25, 39, 0], [0, 27, 35, 5, 36, 28, 26, 23, 30, 12, 49, 0]]",7.634002339531435,0.19705434984472744,2.378116701846011,0.34715425968170166,0.16575426804428028,0.23174243277898335,0.8362041066871044,0.8697845208953748,1.0091874599456787
0.0,0.0,2,True,133998,5,"[[0, 16, 3, 15, 45, 11, 1, 41, 42, 14, 48, 0], [0, 25, 2, 34, 33, 43, 8, 7, 22, 46, 39, 0], [0, 38, 31, 9, 47, 21, 27, 23, 30, 49, 12, 0], [0, 26, 28, 36, 5, 35, 10, 37, 50, 13, 17, 0], [0, 44, 20, 40, 24, 6, 19, 29, 4, 32, 18, 0]]",9.423713649361162,0.3230303629086568,2.7394716874696314,0.4500152826309204,0.22425069270212705,0.6178909731283259,0.8444368418455668,0.8678586703707976,1.0091874599456787
0.0,0.0,3,True,133998,5,"[[0, 12, 49, 30, 23, 26, 28, 36, 5, 20, 44, 0], [0, 14, 42, 41, 1, 45, 11, 15, 3, 16, 48, 0], [0, 27, 35, 10, 37, 50, 38, 31, 9, 47, 21, 0], [0, 25, 2, 34, 33, 43, 8, 7, 22, 46, 39, 0], [0, 18, 32, 4, 29, 19, 6, 24, 40, 13, 17, 0]]",7.1730698968458455,0.19476171638234518,2.304346334422007,0.3472927558856706,0.23406176428747716,0.3547120591869451,0.8361774545312557,0.8652778997892575,1.0091874599456787
0.0,0.0,4,True,133997,5,"[[0, 48, 14, 42, 41, 1, 45, 11, 15, 3, 16, 0], [0, 44, 20, 40, 24, 19, 6, 4, 32, 29, 12, 0], [0, 25, 2, 34, 33, 43, 8, 7, 22, 46, 39, 0], [0, 27, 35, 5, 36, 28, 26, 23, 30, 18, 49, 0], [0, 17, 13, 10, 37, 50, 38, 31, 9, 47, 21, 0]]",8.61589496009401,0.21427595623147985,3.2445308145834133,0.5948245823383331,0.2797137017612714,0.792089831125568,0.8596882068409997,0.888360829892537,1.7115010023117065
1.0,0.0,0,True,160097,5,"[[0, 40, 10, 37, 13, 17, 44, 20, 16, 3, 14, 0], [0, 42, 41, 24, 6, 19, 29, 4, 32, 39, 15, 0], [0, 49, 12, 36, 5, 50, 38, 31, 9, 47, 21, 0], [0, 1, 11, 45, 25, 2, 28, 26, 23, 30, 48, 0], [0, 46, 22, 7, 8, 43, 33, 34, 18, 35, 27, 0]]",3.444539254036499,0.08997136057802925,1.1964983032958116,0.15344541519880295,0.24360297721635082,0.09794569242562241,0.7334947203947275,0.7287457057322718,0.5045937299728394
1.0,0.0,1,True,160062,5,"[[0, 48, 1, 16, 20, 44, 17, 13, 37, 10, 27, 0], [0, 21, 47, 9, 31, 38, 50, 5, 36, 40, 12, 0], [0, 42, 41, 24, 6, 19, 29, 4, 32, 39, 11, 0], [0, 14, 3, 15, 25, 2, 28, 26, 23, 30, 49, 0], [0, 35, 18, 34, 33, 43, 8, 7, 22, 46, 45, 0]]",3.2152845163218444,0.0827147368065737,1.1941694139968604,0.1635829679047068,0.28296952272225706,0.11078176889401141,0.7240874054755575,0.7171089207153736,0.5045937299728394
1.0,0.0,2,True,159975,5,"[[0, 27, 35, 18, 34, 33, 36, 31, 9, 47, 21, 0], [0, 48, 20, 44, 17, 13, 37, 10, 40, 12, 49, 0], [0, 1, 16, 15, 45, 25, 2, 28, 26, 23, 30, 0], [0, 42, 41, 24, 6, 19, 29, 4, 32, 39, 11, 0], [0, 46, 22, 7, 8, 43, 5, 50, 38, 3, 14, 0]]",3.4213857287249994,0.08997136057802925,1.1941694139968604,0.1635829679047068,0.2401297640941189,0.09145672139324998,0.7353151153524282,0.7286753260744263,0.5045937299728394
1.0,0.0,3,True,159975,5,"[[0, 48, 49, 12, 40, 10, 37, 13, 17, 44, 20, 0], [0, 27, 35, 18, 34, 33, 36, 31, 9, 47, 21, 0], [0, 1, 16, 15, 45, 25, 2, 28, 26, 23, 30, 0], [0, 42, 41, 24, 6, 19, 29, 4, 32, 39, 11, 0], [0, 46, 22, 7, 8, 43, 5, 50, 38, 3, 14, 0]]",3.4213857287249994,0.08997136057802925,1.1941694139968604,0.1635829679047068,0.2401297640941189,0.09145672139324998,0.7353151153524282,0.7286753260744263,0.5045937299728394
1.0,0.0,4,True,159291,5,"[[0, 20, 44, 38, 50, 5, 43, 8, 7, 22, 46, 0], [0, 15, 45, 11, 39, 32, 4, 29, 47, 21, 27, 0], [0, 30, 23, 26, 28, 2, 25, 16, 3, 14, 42, 0], [0, 37, 10, 35, 18, 34, 33, 36, 31, 9, 40, 0], [0, 1, 41, 24, 19, 6, 17, 13, 12, 49, 48, 0]]",2.960136757203145,0.05386160848368155,0.9454807255824562,0.10740507394075394,0.25587855173568674,0.0723062797737006,0.7037858940382826,0.6910697349329805,0.5045937299728394
1.0,0.5,0,True,165359,5,"[[0, 13, 17, 38, 50, 5, 43, 8, 7, 22, 46, 0], [0, 48, 27, 21, 47, 32, 39, 15, 3, 16, 42, 0], [0, 37, 10, 35, 18, 34, 33, 36, 31, 9, 40, 0], [0, 49, 12, 19, 6, 24, 41, 4, 29, 44, 20, 0], [0, 14, 30, 23, 26, 28, 2, 25, 45, 11, 1, 0]]",2.1204018647258636,0.032535055545823914,0.7768677544954699,0.07419376214966178,0.27749493046016194,0.04616018327936301,0.583818325587188,0.5499608720059858,0.4086063802242279
1.0,0.5,1,True,165388,5,"[[0, 20, 44, 38, 50, 5, 43, 8, 7, 22, 46, 0], [0, 27, 21, 47, 29, 4, 32, 39, 16, 3, 15, 0], [0, 37, 10, 35, 18, 34, 33, 36, 31, 9, 40, 0], [0, 1, 11, 45, 25, 2, 28, 26, 23, 30, 12, 0], [0, 14, 42, 41, 24, 19, 6, 17, 13, 49, 48, 0]]",2.966490114456974,0.05386160848368155,0.9433648908743635,0.10740507394075394,0.2719930007778193,0.08762690416460323,0.700714411484735,0.6895896649701853,0.5045937299728394
1.0,0.5,2,True,165174,5,"[[0, 14, 42, 16, 20, 44, 29, 47, 21, 27, 48, 0], [0, 15, 3, 38, 50, 33, 34, 18, 35, 10, 37, 0], [0, 39, 32, 4, 41, 24, 19, 6, 17, 13, 49, 0], [0, 40, 9, 31, 36, 5, 43, 8, 7, 22, 46, 0], [0, 1, 11, 45, 25, 2, 28, 26, 23, 30, 12, 0]]",2.4143576696515083,0.04021679677276148,0.9472092146752402,0.07643253397610453,0.3060788429847503,0.0757688170498967,0.6316633978170099,0.6079203789851862,0.4086063802242279
1.0,0.5,3,True,165901,5,"[[0, 49, 30, 23, 26, 28, 2, 25, 15, 16, 1, 0], [0, 40, 9, 31, 36, 5, 50, 38, 3, 14, 42, 0], [0, 20, 44, 17, 13, 37, 10, 35, 18, 32, 39, 0], [0, 45, 11, 46, 22, 7, 8, 43, 33, 34, 48, 0], [0, 12, 19, 6, 24, 41, 4, 29, 47, 21, 27, 0]]",2.671383336870349,0.051643284715034744,0.6886173028033227,0.07515030615031719,0.09531163204109916,0.008893641028582032,0.6668277705477454,0.6484984901376551,0.4086063802242279
1.0,0.5,4,True,165571,5,"[[0, 42, 14, 3, 38, 50, 5, 33, 34, 18, 35, 0], [0, 15, 46, 22, 43, 8, 7, 36, 31, 9, 40, 0], [0, 21, 47, 29, 19, 6, 24, 41, 4, 32, 39, 0], [0, 45, 11, 25, 2, 28, 26, 23, 30, 49, 12, 0], [0, 1, 16, 20, 44, 17, 13, 37, 10, 27, 48, 0]]",2.545540985171101,0.04806124198843132,0.7323290727945277,0.0767405496111938,0.14729829683496143,0.018625603772528858,0.6524771691744486,0.6332125816593966,0.4086063802242279
1.0,1.0,0,True,168743,5,"[[0, 13, 17, 6, 19, 24, 41, 4, 29, 44, 20, 0], [0, 48, 1, 16, 45, 11, 39, 32, 47, 21, 27, 0], [0, 40, 9, 31, 36, 33, 34, 18, 35, 10, 37, 0], [0, 25, 2, 28, 26, 23, 30, 49, 12, 14, 42, 0], [0, 46, 22, 7, 8, 43, 5, 50, 38, 3, 15, 0]]",2.456532660056837,0.04111679959007435,0.6653267475776374,0.07405465506017209,0.18506927780590487,0.027539422664026075,0.6285087154857891,0.603117196448809,0.4086063802242279
1.0,1.0,1,True,168779,5,"[[0, 1, 16, 11, 45, 25, 2, 28, 26, 23, 30, 0], [0, 49, 12, 19, 6, 24, 41, 4, 29, 44, 20, 0], [0, 46, 22, 7, 8, 43, 5, 50, 38, 17, 13, 0], [0, 37, 10, 35, 18, 34, 33, 36, 31, 9, 40, 0], [0, 48, 42, 14, 3, 15, 39, 32, 47, 21, 27, 0]]",2.451690264249919,0.04111679959007435,0.8122434325923678,0.07514204643666744,0.2176442809649375,0.03804504576443313,0.6398584437505834,0.6152345066505991,0.4086063802242279
1.0,1.0,2,True,168779,5,"[[0, 20, 44, 29, 4, 41, 24, 6, 19, 12, 49, 0], [0, 30, 23, 26, 28, 2, 25, 11, 45, 16, 1, 0], [0, 27, 21, 47, 32, 39, 15, 3, 14, 42, 48, 0], [0, 37, 10, 35, 18, 34, 33, 36, 31, 9, 40, 0], [0, 46, 22, 7, 8, 43, 5, 50, 38, 17, 13, 0]]",2.4644751477462705,0.03940315255405087,0.8109805595304351,0.07514204643666744,0.213825229327411,0.03739641230849986,0.639174817478674,0.6150628526025514,0.4086063802242279
1.0,1.0,3,True,168743,5,"[[0, 40, 9, 31, 36, 33, 34, 18, 35, 10, 37, 0], [0, 13, 17, 6, 19, 24, 41, 4, 29, 44, 20, 0], [0, 25, 2, 28, 26, 23, 30, 12, 49, 14, 42, 0], [0, 46, 22, 7, 8, 43, 5, 50, 38, 3, 15, 0], [0, 48, 1, 16, 45, 11, 39, 32, 47, 21, 27, 0]]",2.456532660056837,0.04111679959007435,0.6653267475776374,0.07405465506017209,0.18506927780590487,0.027539422664026075,0.6285087154857891,0.603117196448809,0.4086063802242279
1.0,1.0,4,True,168743,5,"[[0, 20, 44, 29, 4, 41, 24, 19, 6, 17, 13, 0], [0, 46, 22, 7, 8, 43, 5, 50, 38, 3, 15, 0], [0, 42, 14, 12, 49, 30, 23, 26, 28, 2, 25, 0], [0, 27, 21, 47, 32, 39, 45, 11, 16, 1, 48, 0], [0, 40, 9, 31, 36, 33, 34, 18, 35, 10, 37, 0]]",2.4577955331187695,0.04111679959007435,0.6653267475776374,0.07405465506017209,0.18517971425823898,0.027616671924575564,0.6276945292261897,0.6028073006701244,0.4086063802242279
1.0,2.0,0,True,175471,5,"[[0, 48, 20, 36, 5, 33, 34, 18, 35, 10, 37, 0], [0, 40, 9, 31, 38, 50, 43, 8, 7, 22, 46, 0], [0, 12, 19, 6, 24, 41, 4, 29, 44, 17, 13, 0], [0, 27, 21, 47, 32, 39, 11, 15, 3, 14, 42, 0], [0, 49, 30, 23, 26, 28, 2, 25, 45, 16, 1, 0]]",2.0167115934746107,0.030717183397535014,0.810507310758112,0.0741833420470357,0.2972176597246019,0.05220377452454237,0.5755411909888757,0.5374334884881405,0.4086063802242279
1.0,2.0,1,True,175471,5,"[[0, 12, 19, 6, 24, 41, 4, 29, 44, 17, 13, 0], [0, 46, 22, 7, 8, 43, 50, 38, 31, 9, 40, 0], [0, 30, 23, 26, 28, 2, 25, 11, 45, 16, 1, 0], [0, 49, 37, 10, 35, 18, 34, 33, 5, 36, 20, 0], [0, 27, 21, 47, 32, 39, 15, 3, 14, 42, 48, 0]]",2.352609535548254,0.039596059333000866,0.8109805595304351,0.07514204643666744,0.24733248414294806,0.04409177563667076,0.6343785881642661,0.6051372459783132,0.4086063802242279
1.0,2.0,2,True,175471,5,"[[0, 49, 30, 23, 26, 28, 2, 25, 11, 16, 1, 0], [0, 40, 9, 31, 38, 50, 43, 8, 7, 22, 46, 0], [0, 13, 17, 44, 29, 4, 41, 24, 6, 19, 12, 0], [0, 27, 21, 47, 32, 39, 45, 15, 3, 14, 42, 0], [0, 37, 10, 35, 18, 34, 33, 5, 36, 20, 48, 0]]",2.0289133671758464,0.02948609020354019,0.8037615215580445,0.0741833420470357,0.2948281481284971,0.051021680672789685,0.5787574381839424,0.5418116138722218,0.4086063802242279
1.0,2.0,3,True,175471,5,"[[0, 37, 10, 35, 18, 34, 33, 5, 36, 20, 48, 0], [0, 40, 9, 31, 38, 50, 43, 8, 7, 22, 46, 0], [0, 1, 16, 11, 25, 2, 28, 26, 23, 30, 49, 0], [0, 12, 19, 6, 24, 41, 4, 29, 44, 17, 13, 0], [0, 27, 21, 47, 32, 39, 45, 15, 3, 14, 42, 0]]",2.014865610617562,0.030717183397535014,0.8037615215580445,0.0741833420470357,0.29688370658838337,0.05149742850781005,0.5797541909802639,0.5417628098687538,0.4086063802242279
1.0,2.0,4,True,175471,5,"[[0, 37, 10, 35, 18, 34, 33, 36, 5, 20, 48, 0], [0, 12, 19, 6, 24, 41, 4, 29, 44, 17, 13, 0], [0, 46, 22, 7, 8, 43, 50, 38, 31, 9, 40, 0], [0, 42, 14, 3, 15, 11, 39, 32, 47, 21, 27, 0], [0, 49, 30, 23, 26, 28, 2, 25, 45, 16, 1, 0]]",2.3538724086101865,0.039596059333000866,0.8117701838200446,0.07514204643666744,0.2464760256641687,0.04386568827614185,0.6335368649154043,0.604812584571891,0.4086063802242279
