beta,lambda_concentration,seed,is_feasible,pyvrp_cost,num_routes,routes,global_risk,global_cvar90,max_vehicle_risk,max_vehicle_cvar90,vehicle_risk_gini,risk_variance,edge_burden_gini_used,top10_burden_share,max_edge_burden
0.0,0.0,0,True,133997,5,"[[0, 14, 42, 41, 1, 45, 11, 15, 3, 16, 48, 0], [0, 18, 32, 4, 29, 19, 6, 24, 40, 20, 44, 0], [0, 27, 35, 5, 36, 28, 26, 23, 30, 12, 49, 0], [0, 46, 22, 7, 8, 43, 33, 34, 2, 25, 39, 0], [0, 17, 13, 10, 37, 50, 38, 31, 9, 47, 21, 0]]",6.571428850897232,0.2090702128250786,1.9977153285809197,0.30664402779537125,0.152379088660046,0.1439061671798671,0.8689966130054863,0.8892463011948993,0.8850814547187301
0.0,0.0,1,True,133997,5,"[[0, 17, 13, 10, 37, 50, 38, 31, 9, 47, 21, 0], [0, 18, 32, 4, 29, 6, 19, 24, 40, 20, 44, 0], [0, 14, 42, 41, 1, 11, 45, 15, 3, 16, 48, 0], [0, 46, 22, 7, 8, 43, 33, 34, 2, 25, 39, 0], [0, 27, 35, 5, 36, 28, 26, 23, 30, 12, 49, 0]]",6.571428850897231,0.2090702128250786,1.9977153285809197,0.30664402779537125,0.152379088660046,0.1439061671798671,0.868996613005486,0.889246301194899,0.8850814547187301
0.0,0.0,2,True,133998,5,"[[0, 16, 3, 15, 45, 11, 1, 41, 42, 14, 48, 0], [0, 25, 2, 34, 33, 43, 8, 7, 22, 46, 39, 0], [0, 38, 31, 9, 47, 21, 27, 23, 30, 49, 12, 0], [0, 26, 28, 36, 5, 35, 10, 37, 50, 13, 17, 0], [0, 44, 20, 40, 24, 6, 19, 29, 4, 32, 18, 0]]",8.136386049414991,0.28389417498446534,2.607599957737475,0.5060425420205114,0.24439956275348962,0.5101615352832801,0.8740948294755186,0.896036754103157,0.8850814547187301
0.0,0.0,3,True,133998,5,"[[0, 12, 49, 30, 23, 26, 28, 36, 5, 20, 44, 0], [0, 14, 42, 41, 1, 45, 11, 15, 3, 16, 48, 0], [0, 27, 35, 10, 37, 50, 38, 31, 9, 47, 21, 0], [0, 25, 2, 34, 33, 43, 8, 7, 22, 46, 39, 0], [0, 18, 32, 4, 29, 19, 6, 24, 40, 13, 17, 0]]",6.09410459471416,0.19226713008577315,1.9622114948304548,0.22520485535569185,0.2550426174487539,0.3218231171023035,0.8683946138341672,0.884598225965799,0.8850814547187301
0.0,0.0,4,True,133997,5,"[[0, 48, 14, 42, 41, 1, 45, 11, 15, 3, 16, 0], [0, 44, 20, 40, 24, 19, 6, 4, 32, 29, 12, 0], [0, 25, 2, 34, 33, 43, 8, 7, 22, 46, 39, 0], [0, 27, 35, 5, 36, 28, 26, 23, 30, 18, 49, 0], [0, 17, 13, 10, 37, 50, 38, 31, 9, 47, 21, 0]]",7.501323812201244,0.23464241478859438,3.027794120082086,0.5668399479086232,0.3004001515225958,0.7181924659176798,0.8896722286925409,0.9069244115727518,1.7701629094374602
0.0,0.0,5,True,133999,5,"[[0, 16, 3, 14, 42, 41, 1, 45, 39, 11, 15, 0], [0, 18, 32, 4, 29, 6, 19, 24, 40, 20, 44, 0], [0, 25, 2, 34, 33, 35, 10, 37, 50, 13, 17, 0], [0, 46, 22, 7, 8, 43, 5, 36, 28, 26, 12, 0], [0, 48, 38, 31, 9, 47, 21, 27, 23, 30, 49, 0]]",8.572190345792976,0.29918034205224536,1.9977153285809197,0.30664402779537125,0.08560045555839624,0.07803552473765141,0.8707213703952861,0.8901453994628747,0.8850814547187301
0.0,0.0,6,True,133997,5,"[[0, 16, 3, 14, 42, 41, 1, 45, 11, 39, 48, 0], [0, 15, 46, 22, 7, 8, 43, 17, 13, 18, 49, 0], [0, 27, 35, 10, 37, 50, 38, 31, 9, 47, 21, 0], [0, 12, 29, 4, 32, 6, 19, 24, 40, 20, 44, 0], [0, 25, 2, 34, 33, 5, 36, 28, 26, 23, 30, 0]]",7.610546965896658,0.2305854005128928,2.154855657596471,0.3153403688424236,0.1621928414323459,0.2019503588428248,0.8913927213643198,0.9110242991305291,1.7701629094374602
0.0,0.0,7,True,133998,5,"[[0, 13, 17, 43, 33, 34, 5, 2, 25, 45, 11, 0], [0, 16, 1, 41, 42, 12, 49, 14, 3, 15, 48, 0], [0, 44, 20, 40, 24, 19, 6, 29, 4, 32, 18, 0], [0, 30, 23, 26, 28, 36, 8, 7, 22, 46, 39, 0], [0, 21, 47, 9, 31, 38, 50, 37, 10, 35, 27, 0]]",7.484971593304429,0.21275111567355615,2.265118930536524,0.3066440277953713,0.1976123479813432,0.2914126448320468,0.8742337311048789,0.896189491721408,0.8850814547187301
0.0,0.0,8,True,133998,5,"[[0, 48, 14, 42, 41, 1, 45, 11, 15, 3, 16, 0], [0, 49, 18, 12, 29, 32, 4, 6, 19, 24, 40, 0], [0, 44, 20, 34, 33, 5, 36, 28, 26, 23, 30, 0], [0, 17, 13, 37, 10, 35, 22, 43, 8, 7, 46, 0], [0, 27, 21, 47, 9, 31, 38, 50, 2, 25, 39, 0]]",7.600201288159306,0.215715842467675,2.6259013711109622,0.4879119575492519,0.21213554739539786,0.3879032124434155,0.8875863655354681,0.9040474819450827,1.7701629094374602
0.0,0.0,9,True,133997,5,"[[0, 48, 15, 45, 11, 1, 41, 42, 14, 3, 16, 0], [0, 27, 35, 5, 36, 28, 26, 23, 30, 12, 49, 0], [0, 21, 47, 9, 31, 38, 50, 37, 10, 13, 17, 0], [0, 25, 2, 34, 33, 43, 8, 7, 22, 46, 39, 0], [0, 44, 20, 40, 24, 6, 19, 29, 4, 32, 18, 0]]",6.13853741731509,0.20104075114669143,1.9849744845484905,0.3066440277953713,0.2163151607940894,0.23207445348969297,0.8697048573135469,0.8854641394807335,0.8850814547187301
1.0,0.0,0,True,154594,5,"[[0, 48, 1, 41, 24, 19, 6, 17, 13, 49, 12, 0], [0, 15, 3, 9, 31, 36, 7, 22, 46, 45, 39, 0], [0, 14, 42, 16, 11, 25, 2, 28, 26, 23, 30, 0], [0, 40, 8, 43, 5, 34, 33, 50, 38, 44, 20, 0], [0, 37, 10, 35, 18, 32, 4, 29, 47, 21, 27, 0]]",2.5302022297049183,0.06807370144566852,0.7881108674294753,0.1112625836897053,0.22661742624091752,0.04586641497983735,0.7907152478183002,0.7597096872628777,0.425865678141532
1.0,0.0,1,True,154458,5,"[[0, 34, 33, 5, 36, 7, 8, 43, 22, 46, 39, 0], [0, 37, 10, 35, 18, 32, 4, 29, 47, 21, 27, 0], [0, 15, 3, 9, 31, 38, 50, 13, 17, 44, 20, 0], [0, 48, 40, 6, 19, 24, 41, 1, 16, 42, 14, 0], [0, 45, 11, 25, 2, 28, 26, 23, 30, 12, 49, 0]]",2.4186107030379134,0.047461720711168616,0.6831781127997503,0.06575656974017365,0.12979408464438524,0.013237168228841033,0.7643275046736142,0.7324247856990334,0.3582895948001311
1.0,0.0,2,True,154241,5,"[[0, 20, 44, 17, 13, 49, 14, 3, 15, 16, 42, 0], [0, 27, 10, 37, 50, 38, 31, 9, 43, 8, 40, 0], [0, 11, 46, 22, 7, 36, 5, 33, 34, 18, 35, 0], [0, 21, 47, 29, 4, 32, 6, 19, 24, 41, 1, 0], [0, 39, 45, 25, 2, 28, 26, 23, 30, 12, 48, 0]]",2.3796268205711097,0.06224998230279161,0.7436993173037093,0.11917847554331398,0.2719143000051887,0.05754329185162914,0.7640329429359427,0.7297510975993902,0.3582895948001311
1.0,0.0,3,True,154038,5,"[[0, 12, 30, 23, 26, 28, 2, 25, 11, 45, 1, 0], [0, 42, 16, 15, 3, 14, 49, 13, 17, 44, 20, 0], [0, 48, 40, 9, 31, 36, 7, 8, 43, 22, 46, 0], [0, 27, 21, 47, 29, 4, 32, 6, 19, 24, 41, 0], [0, 37, 10, 35, 18, 34, 33, 5, 50, 38, 39, 0]]",2.2201504978589917,0.05569422303705706,0.9022952830008273,0.10477583113135888,0.288654131918076,0.06447787529504592,0.7555117951130583,0.7169897923798536,0.3582895948001311
1.0,0.0,4,True,154054,5,"[[0, 1, 41, 24, 19, 6, 17, 13, 49, 12, 48, 0], [0, 37, 10, 35, 18, 34, 33, 50, 38, 44, 20, 0], [0, 27, 21, 47, 29, 4, 32, 39, 45, 16, 42, 0], [0, 40, 9, 31, 36, 5, 43, 8, 7, 22, 46, 0], [0, 14, 3, 15, 11, 25, 2, 28, 26, 23, 30, 0]]",2.009037595409231,0.03702938252561141,0.6056537378634492,0.05877064103240924,0.207621575356981,0.022172093580214453,0.7463290565339935,0.6987472284853009,0.3582895948001311
1.0,0.0,5,True,153996,5,"[[0, 41, 24, 19, 6, 32, 4, 29, 47, 21, 27, 0], [0, 48, 40, 9, 31, 36, 7, 8, 43, 22, 46, 0], [0, 37, 10, 35, 18, 34, 33, 5, 50, 38, 39, 0], [0, 1, 45, 11, 25, 2, 28, 26, 23, 30, 12, 0], [0, 42, 14, 3, 15, 16, 20, 44, 17, 13, 49, 0]]",2.212278117888013,0.05569422303705706,0.9022952830008271,0.10477583113135888,0.291104704000857,0.06467204177675878,0.7619155572355016,0.7269773231151826,0.3582895948001311
1.0,0.0,6,True,154414,5,"[[0, 14, 3, 15, 25, 2, 28, 26, 23, 30, 12, 0], [0, 20, 44, 40, 6, 19, 24, 41, 1, 16, 42, 0], [0, 27, 21, 47, 29, 4, 32, 18, 35, 10, 37, 0], [0, 34, 33, 5, 36, 50, 38, 31, 9, 39, 11, 0], [0, 48, 45, 46, 22, 7, 8, 43, 17, 13, 49, 0]]",2.3380206982816256,0.044982131679951465,0.8644124164482135,0.09755966145175277,0.2672032643787148,0.054780754241964755,0.7579462847266438,0.7218686803294805,0.3582895948001311
1.0,0.0,7,True,154414,5,"[[0, 27, 21, 47, 29, 4, 32, 18, 35, 10, 37, 0], [0, 20, 44, 40, 6, 19, 24, 41, 1, 16, 42, 0], [0, 48, 45, 46, 22, 7, 8, 43, 17, 13, 49, 0], [0, 14, 3, 15, 25, 2, 28, 26, 23, 30, 12, 0], [0, 34, 33, 5, 36, 50, 38, 31, 9, 39, 11, 0]]",2.3380206982816256,0.04498213167995147,0.8644124164482135,0.09755966145175277,0.2672032643787148,0.054780754241964755,0.7579462847266436,0.7218686803294803,0.3582895948001311
1.0,0.0,8,True,154199,5,"[[0, 42, 14, 3, 15, 16, 20, 44, 17, 13, 48, 0], [0, 11, 46, 22, 7, 36, 5, 33, 34, 18, 35, 0], [0, 40, 8, 43, 9, 31, 38, 50, 37, 10, 27, 0], [0, 21, 47, 29, 4, 32, 6, 19, 24, 41, 1, 0], [0, 39, 45, 25, 2, 28, 26, 23, 30, 12, 49, 0]]",2.371754440600131,0.06224998230279161,0.7436993173037093,0.11917847554331396,0.2734935090733692,0.05781036546305322,0.7702419676113212,0.7391094262531354,0.3582895948001311
1.0,0.0,9,True,153996,5,"[[0, 48, 40, 9, 31, 36, 7, 8, 43, 22, 46, 0], [0, 1, 45, 11, 25, 2, 28, 26, 23, 30, 12, 0], [0, 42, 14, 3, 15, 16, 20, 44, 17, 13, 49, 0], [0, 37, 10, 35, 18, 34, 33, 5, 50, 38, 39, 0], [0, 41, 24, 19, 6, 32, 4, 29, 47, 21, 27, 0]]",2.212278117888013,0.05569422303705706,0.9022952830008271,0.10477583113135888,0.291104704000857,0.06467204177675877,0.7619155572355014,0.7269773231151825,0.3582895948001311
