beta,lambda_concentration,seed,is_feasible,pyvrp_cost,num_routes,routes,global_risk,global_cvar90,max_vehicle_risk,max_vehicle_cvar90,vehicle_risk_gini,risk_variance,edge_burden_gini_used,top10_burden_share,max_edge_burden
0.0,0.0,0,True,133997,5,"[[0, 14, 42, 41, 1, 45, 11, 15, 3, 16, 48, 0], [0, 18, 32, 4, 29, 19, 6, 24, 40, 20, 44, 0], [0, 27, 35, 5, 36, 28, 26, 23, 30, 12, 49, 0], [0, 46, 22, 7, 8, 43, 33, 34, 2, 25, 39, 0], [0, 17, 13, 10, 37, 50, 38, 31, 9, 47, 21, 0]]",6.889886966062477,0.184227777453249,1.8327734346385114,0.2817913629114628,0.07308190302454243,0.05233516125511537,0.8792948641353924,0.8991264675043239,0.9443029761314392
0.0,0.0,1,True,133997,5,"[[0, 17, 13, 10, 37, 50, 38, 31, 9, 47, 21, 0], [0, 18, 32, 4, 29, 6, 19, 24, 40, 20, 44, 0], [0, 14, 42, 41, 1, 11, 45, 15, 3, 16, 48, 0], [0, 46, 22, 7, 8, 43, 33, 34, 2, 25, 39, 0], [0, 27, 35, 5, 36, 28, 26, 23, 30, 12, 49, 0]]",6.889886966062477,0.184227777453249,1.8327734346385114,0.2817913629114628,0.07308190302454243,0.05233516125511538,0.8792948641353924,0.8991264675043239,0.9443029761314392
0.0,0.0,2,True,133998,5,"[[0, 16, 3, 15, 45, 11, 1, 41, 42, 14, 48, 0], [0, 25, 2, 34, 33, 43, 8, 7, 22, 46, 39, 0], [0, 38, 31, 9, 47, 21, 27, 23, 30, 49, 12, 0], [0, 26, 28, 36, 5, 35, 10, 37, 50, 13, 17, 0], [0, 44, 20, 40, 24, 6, 19, 29, 4, 32, 18, 0]]",8.59573752383585,0.29204243324972967,2.728436348203104,0.5050884038209915,0.2224142435325147,0.47609275069075396,0.8807551636207236,0.8979869237117378,0.9443029761314392
0.0,0.0,3,True,133998,5,"[[0, 12, 49, 30, 23, 26, 28, 36, 5, 20, 44, 0], [0, 14, 42, 41, 1, 45, 11, 15, 3, 16, 48, 0], [0, 27, 35, 10, 37, 50, 38, 31, 9, 47, 21, 0], [0, 25, 2, 34, 33, 43, 8, 7, 22, 46, 39, 0], [0, 18, 32, 4, 29, 19, 6, 24, 40, 13, 17, 0]]",6.414667066041147,0.18042852464714088,2.005856840580236,0.3053069741775592,0.2043631624103761,0.22115241580393277,0.8791615869399845,0.8947043274575808,0.9443029761314392
0.0,0.0,4,True,133997,5,"[[0, 48, 14, 42, 41, 1, 45, 11, 15, 3, 16, 0], [0, 44, 20, 40, 24, 19, 6, 4, 32, 29, 12, 0], [0, 25, 2, 34, 33, 43, 8, 7, 22, 46, 39, 0], [0, 27, 35, 5, 36, 28, 26, 23, 30, 18, 49, 0], [0, 17, 13, 10, 37, 50, 38, 31, 9, 47, 21, 0]]",7.518301786010852,0.1917298729272766,2.961343100236263,0.5556669652462005,0.2305278263237469,0.5545740856860826,0.893739182254947,0.9089034885492501,1.7147388458251953
0.0,0.0,5,True,133999,5,"[[0, 16, 3, 14, 42, 41, 1, 45, 39, 11, 15, 0], [0, 18, 32, 4, 29, 6, 19, 24, 40, 20, 44, 0], [0, 25, 2, 34, 33, 35, 10, 37, 50, 13, 17, 0], [0, 46, 22, 7, 8, 43, 5, 36, 28, 26, 12, 0], [0, 48, 38, 31, 9, 47, 21, 27, 23, 30, 49, 0]]",8.886938702111365,0.3029422800022143,2.154312261955056,0.43442438286729157,0.10658601604714324,0.14563217903718195,0.8805240303055037,0.9016778473419893,0.9443029761314392
0.0,0.0,6,True,133997,5,"[[0, 16, 3, 14, 42, 41, 1, 45, 11, 39, 48, 0], [0, 15, 46, 22, 7, 8, 43, 17, 13, 18, 49, 0], [0, 27, 35, 10, 37, 50, 38, 31, 9, 47, 21, 0], [0, 12, 29, 4, 32, 6, 19, 24, 40, 20, 44, 0], [0, 25, 2, 34, 33, 5, 36, 28, 26, 23, 30, 0]]",7.730726053036051,0.20905151779708617,2.0946838581294287,0.40147669054567814,0.18332606281129937,0.2670699876619934,0.8993356888613651,0.9171706074625553,1.7147388458251953
0.0,0.0,7,True,133998,5,"[[0, 13, 17, 43, 33, 34, 5, 2, 25, 45, 11, 0], [0, 16, 1, 41, 42, 12, 49, 14, 3, 15, 48, 0], [0, 44, 20, 40, 24, 19, 6, 29, 4, 32, 18, 0], [0, 30, 23, 26, 28, 36, 8, 7, 22, 46, 39, 0], [0, 21, 47, 9, 31, 38, 50, 37, 10, 35, 27, 0]]",7.88446619088063,0.206825400170471,2.541765023896005,0.33377314092857496,0.21905065426856196,0.37844565478879794,0.8783136216121925,0.9010909127737331,0.9443029761314392
0.0,0.0,8,True,133998,5,"[[0, 48, 14, 42, 41, 1, 45, 11, 15, 3, 16, 0], [0, 49, 18, 12, 29, 32, 4, 6, 19, 24, 40, 0], [0, 44, 20, 34, 33, 5, 36, 28, 26, 23, 30, 0], [0, 17, 13, 37, 10, 35, 22, 43, 8, 7, 46, 0], [0, 27, 21, 47, 9, 31, 38, 50, 2, 25, 39, 0]]",7.541943236166844,0.2625092090680622,2.3390910492744297,0.43007960021495817,0.1403625519048144,0.19090102235864045,0.8929473025189048,0.9057212899853601,1.7147388458251953
0.0,0.0,9,True,133997,5,"[[0, 48, 15, 45, 11, 1, 41, 42, 14, 3, 16, 0], [0, 27, 35, 5, 36, 28, 26, 23, 30, 12, 49, 0], [0, 21, 47, 9, 31, 38, 50, 37, 10, 13, 17, 0], [0, 25, 2, 34, 33, 43, 8, 7, 22, 46, 39, 0], [0, 44, 20, 40, 24, 6, 19, 29, 4, 32, 18, 0]]",6.465207831613952,0.1822603374312166,1.8970308292773552,0.2817913629114628,0.13822922901237744,0.11588488116654752,0.8806383054581945,0.8967768002640844,0.9443029761314392
1.5,1.0,0,True,178966,5,"[[0, 49, 12, 13, 17, 44, 29, 47, 21, 27, 48, 0], [0, 30, 23, 26, 28, 2, 1, 11, 25, 45, 15, 0], [0, 40, 6, 19, 24, 41, 4, 32, 39, 16, 42, 0], [0, 20, 5, 36, 31, 9, 43, 8, 7, 22, 46, 0], [0, 37, 10, 35, 18, 34, 33, 50, 38, 3, 14, 0]]",2.0646749386978627,0.03815355034250962,0.8571732462514774,0.07365389131009578,0.30629118618480056,0.05836123020072128,0.7695114837662675,0.7099453998472626,0.6722076535224915
1.5,1.0,1,True,178966,5,"[[0, 40, 6, 19, 24, 41, 4, 32, 39, 16, 42, 0], [0, 46, 22, 7, 8, 43, 9, 31, 36, 5, 20, 0], [0, 30, 23, 26, 28, 2, 1, 45, 25, 11, 15, 0], [0, 37, 10, 35, 18, 34, 33, 50, 38, 3, 14, 0], [0, 48, 27, 21, 47, 29, 44, 17, 13, 12, 49, 0]]",2.064668806055124,0.03815355034250962,0.8571732462514774,0.07365389131009578,0.3062932840667958,0.05836155807297638,0.7695149635122722,0.7099475085832924,0.6722076535224915
1.5,1.0,2,True,179731,5,"[[0, 27, 21, 47, 29, 44, 17, 13, 12, 49, 48, 0], [0, 37, 10, 35, 18, 32, 4, 41, 24, 6, 19, 0], [0, 20, 5, 36, 34, 33, 50, 38, 31, 9, 40, 0], [0, 42, 14, 3, 16, 15, 11, 25, 45, 39, 1, 0], [0, 30, 23, 26, 28, 2, 43, 8, 7, 22, 46, 0]]",2.0689248962153215,0.037812909397941366,0.8864383579930291,0.15070597231388091,0.3433047137491072,0.07184189765114249,0.7677147244472506,0.7133241900133871,0.6722076535224915
1.5,1.0,3,True,179731,5,"[[0, 19, 6, 24, 41, 4, 32, 18, 35, 10, 37, 0], [0, 1, 25, 11, 45, 39, 15, 16, 3, 14, 42, 0], [0, 48, 27, 21, 47, 29, 44, 17, 13, 12, 49, 0], [0, 40, 9, 31, 38, 50, 36, 5, 33, 34, 20, 0], [0, 30, 23, 26, 28, 2, 43, 8, 7, 22, 46, 0]]",2.121474608720746,0.03944386900044405,0.8864383579930291,0.15070597231388091,0.34386887737419425,0.07270561129348235,0.7745407683042691,0.7216215117231637,0.6722076535224915
1.5,1.0,4,True,178969,5,"[[0, 49, 12, 13, 17, 44, 29, 47, 21, 27, 48, 0], [0, 20, 5, 36, 31, 9, 43, 8, 7, 22, 46, 0], [0, 15, 45, 39, 32, 4, 41, 24, 19, 6, 40, 0], [0, 14, 3, 38, 50, 33, 34, 18, 35, 10, 37, 0], [0, 30, 23, 26, 28, 2, 1, 25, 11, 16, 42, 0]]",2.0651576119889796,0.03815355034250962,0.8878910272396752,0.0931414330843836,0.3182259367409903,0.0650297981109093,0.76694381345934,0.7062291224084051,0.6722076535224915
1.5,1.0,5,True,179106,5,"[[0, 37, 10, 35, 18, 34, 33, 5, 50, 38, 40, 0], [0, 25, 11, 45, 39, 32, 4, 41, 24, 6, 19, 0], [0, 48, 49, 12, 13, 17, 44, 29, 47, 21, 27, 0], [0, 15, 46, 22, 7, 8, 43, 9, 31, 36, 20, 0], [0, 30, 23, 26, 28, 2, 1, 16, 3, 14, 42, 0]]",2.083940728527523,0.03667455757968128,0.904441836377373,0.0931414330843836,0.31830947572440094,0.06779080161736033,0.7647370164147884,0.7045083880827254,0.6722076535224915
1.5,1.0,6,True,180142,5,"[[0, 14, 3, 38, 50, 5, 36, 33, 34, 18, 35, 0], [0, 12, 10, 37, 13, 17, 44, 29, 47, 21, 27, 0], [0, 31, 9, 43, 8, 7, 22, 46, 11, 25, 45, 0], [0, 42, 16, 1, 2, 28, 26, 23, 30, 49, 48, 0], [0, 15, 39, 32, 4, 41, 24, 19, 6, 40, 20, 0]]",2.0514243374527723,0.04163353331387043,0.9141694625723176,0.09314690297469497,0.3347574127276143,0.07274291621264171,0.7572024620623414,0.6932908779272617,0.6722076535224915
1.5,1.0,7,True,178978,5,"[[0, 15, 39, 32, 4, 41, 24, 19, 6, 40, 49, 0], [0, 27, 21, 47, 29, 44, 17, 13, 25, 11, 45, 0], [0, 42, 16, 1, 2, 28, 26, 23, 30, 12, 48, 0], [0, 14, 3, 38, 50, 33, 34, 18, 35, 10, 37, 0], [0, 46, 22, 7, 8, 43, 9, 31, 36, 5, 20, 0]]",2.0662319974398997,0.03815355034250962,0.9155784396571107,0.09314690297469497,0.3224912676003582,0.07011395119114042,0.7588437883451284,0.6953407536503617,0.6722076535224915
1.5,1.0,8,True,179361,5,"[[0, 45, 46, 22, 7, 8, 43, 9, 31, 36, 20, 0], [0, 40, 6, 19, 24, 41, 4, 32, 39, 11, 25, 0], [0, 35, 18, 34, 33, 5, 50, 38, 3, 14, 42, 0], [0, 48, 27, 10, 37, 13, 17, 44, 29, 47, 21, 0], [0, 49, 12, 30, 23, 26, 28, 2, 1, 16, 15, 0]]",2.033167826350109,0.04163353331387043,0.8851270958548412,0.07408409733325243,0.31435448505125785,0.06424112456168529,0.7658229885460484,0.7079143545295197,0.6722076535224915
1.5,1.0,9,True,179473,5,"[[0, 20, 5, 36, 43, 8, 7, 22, 46, 11, 25, 0], [0, 42, 14, 3, 16, 1, 2, 28, 26, 23, 30, 0], [0, 15, 45, 39, 32, 4, 41, 24, 19, 6, 40, 0], [0, 9, 31, 38, 50, 33, 34, 18, 35, 10, 37, 0], [0, 48, 27, 21, 47, 29, 44, 17, 13, 12, 49, 0]]",1.915057181748125,0.033638206764291495,0.9046997607802041,0.0931414330843836,0.39450239110365026,0.08209952117433006,0.7525798712789744,0.6884781451739906,0.6722076535224915
