beta,lambda_concentration,seed,is_feasible,pyvrp_cost,num_routes,routes,global_risk,global_cvar90,max_vehicle_risk,max_vehicle_cvar90,vehicle_risk_gini,risk_variance,edge_burden_gini_used,top10_burden_share,max_edge_burden
0.0,0.0,0,True,133997,5,"[[0, 14, 42, 41, 1, 45, 11, 15, 3, 16, 48, 0], [0, 18, 32, 4, 29, 19, 6, 24, 40, 20, 44, 0], [0, 27, 35, 5, 36, 28, 26, 23, 30, 12, 49, 0], [0, 46, 22, 7, 8, 43, 33, 34, 2, 25, 39, 0], [0, 17, 13, 10, 37, 50, 38, 31, 9, 47, 21, 0]]",6.429770084912889,0.2047238045571638,1.9564758383203298,0.30058238888159394,0.1512564540963619,0.13765473105674883,0.8698411679405682,0.8899063747770006,0.8755898475646973
0.0,0.0,1,True,133997,5,"[[0, 17, 13, 10, 37, 50, 38, 31, 9, 47, 21, 0], [0, 18, 32, 4, 29, 6, 19, 24, 40, 20, 44, 0], [0, 14, 42, 41, 1, 11, 45, 15, 3, 16, 48, 0], [0, 46, 22, 7, 8, 43, 33, 34, 2, 25, 39, 0], [0, 27, 35, 5, 36, 28, 26, 23, 30, 12, 49, 0]]",6.429770084912889,0.2047238045571638,1.9564758383203298,0.30058238888159394,0.1512564540963619,0.13765473105674883,0.8698411679405682,0.8899063747770006,0.8755898475646973
0.0,0.0,2,True,133998,5,"[[0, 16, 3, 15, 45, 11, 1, 41, 42, 14, 48, 0], [0, 25, 2, 34, 33, 43, 8, 7, 22, 46, 39, 0], [0, 38, 31, 9, 47, 21, 27, 23, 30, 49, 12, 0], [0, 26, 28, 36, 5, 35, 10, 37, 50, 13, 17, 0], [0, 44, 20, 40, 24, 6, 19, 29, 4, 32, 18, 0]]",7.954256116761826,0.27764261786181194,2.5564933004789054,0.49828050285577774,0.24549408449803178,0.4908669177939484,0.8747913662653781,0.8964338958957334,0.8755898475646973
0.0,0.0,3,True,133998,5,"[[0, 12, 49, 30, 23, 26, 28, 36, 5, 20, 44, 0], [0, 14, 42, 41, 1, 45, 11, 15, 3, 16, 48, 0], [0, 27, 35, 10, 37, 50, 38, 31, 9, 47, 21, 0], [0, 25, 2, 34, 33, 43, 8, 7, 22, 46, 39, 0], [0, 18, 32, 4, 29, 19, 6, 24, 40, 13, 17, 0]]",5.954851799207972,0.18799591566702084,1.9233450417232234,0.22098547557834536,0.2564870026251842,0.31220480970236864,0.8691445715565564,0.8851646478860136,0.8755898475646973
0.0,0.0,4,True,133997,5,"[[0, 48, 14, 42, 41, 1, 45, 11, 15, 3, 16, 0], [0, 44, 20, 40, 24, 19, 6, 4, 32, 29, 12, 0], [0, 25, 2, 34, 33, 43, 8, 7, 22, 46, 39, 0], [0, 27, 35, 5, 36, 28, 26, 23, 30, 18, 49, 0], [0, 17, 13, 10, 37, 50, 38, 31, 9, 47, 21, 0]]",7.336837348353583,0.22962602497688656,2.9868233632296324,0.559654152393341,0.3028205095599812,0.7032469274716505,0.8903559784450197,0.9074124403441984,1.7511796951293945
0.0,0.0,5,True,133999,5,"[[0, 16, 3, 14, 42, 41, 1, 45, 39, 11, 15, 0], [0, 18, 32, 4, 29, 6, 19, 24, 40, 20, 44, 0], [0, 25, 2, 34, 33, 35, 10, 37, 50, 13, 17, 0], [0, 46, 22, 7, 8, 43, 5, 36, 28, 26, 12, 0], [0, 48, 38, 31, 9, 47, 21, 27, 23, 30, 49, 0]]",8.389547549697454,0.2929368264113481,1.9564758383203298,0.30058238888159394,0.08820311124753011,0.07899082891097993,0.8714790879848235,0.8908797515681727,0.8755898475646973
0.0,0.0,6,True,133997,5,"[[0, 16, 3, 14, 42, 41, 1, 45, 11, 39, 48, 0], [0, 15, 46, 22, 7, 8, 43, 17, 13, 18, 49, 0], [0, 27, 35, 10, 37, 50, 38, 31, 9, 47, 21, 0], [0, 12, 29, 4, 32, 6, 19, 24, 40, 20, 44, 0], [0, 25, 2, 34, 33, 5, 36, 28, 26, 23, 30, 0]]",7.456432646155008,0.22609417953838903,2.1320159105816856,0.3113747797906399,0.16581132921169228,0.20140154980566152,0.892204751470004,0.9117383546221318,1.7511796951293945
0.0,0.0,7,True,133998,5,"[[0, 13, 17, 43, 33, 34, 5, 2, 25, 45, 11, 0], [0, 16, 1, 41, 42, 12, 49, 14, 3, 15, 48, 0], [0, 44, 20, 40, 24, 19, 6, 29, 4, 32, 18, 0], [0, 30, 23, 26, 28, 36, 8, 7, 22, 46, 39, 0], [0, 21, 47, 9, 31, 38, 50, 37, 10, 35, 27, 0]]",7.337055736512411,0.20872943554422818,2.216634316195268,0.30058238888159394,0.1975631279665062,0.2796299527670982,0.8751296716970749,0.8968701543410693,0.8755898475646973
0.0,0.0,8,True,133998,5,"[[0, 48, 14, 42, 41, 1, 45, 11, 15, 3, 16, 0], [0, 49, 18, 12, 29, 32, 4, 6, 19, 24, 40, 0], [0, 44, 20, 34, 33, 5, 36, 28, 26, 23, 30, 0], [0, 17, 13, 37, 10, 35, 22, 43, 8, 7, 46, 0], [0, 27, 21, 47, 9, 31, 38, 50, 2, 25, 39, 0]]",7.440384128654841,0.2113217668957077,2.5802188814850524,0.47966275215148924,0.21488959632040494,0.3795155512987772,0.888292422651084,0.9046258955036076,1.7511796951293945
0.0,0.0,9,True,133997,5,"[[0, 48, 15, 45, 11, 1, 41, 42, 14, 3, 16, 0], [0, 27, 35, 5, 36, 28, 26, 23, 30, 12, 49, 0], [0, 21, 47, 9, 31, 38, 50, 37, 10, 13, 17, 0], [0, 25, 2, 34, 33, 43, 8, 7, 22, 46, 39, 0], [0, 44, 20, 40, 24, 6, 19, 29, 4, 32, 18, 0]]",5.997379622931476,0.1965369454205588,1.94414620148018,0.30058238888159394,0.21664617720087365,0.2225652676963553,0.8704420504224191,0.8859929698998369,0.8755898475646973
2.0,2.0,0,True,179651,5,"[[0, 37, 10, 35, 18, 34, 33, 50, 38, 3, 15, 0], [0, 40, 6, 19, 24, 41, 4, 32, 39, 11, 1, 0], [0, 48, 27, 21, 47, 29, 44, 17, 13, 12, 49, 0], [0, 46, 22, 7, 8, 43, 9, 31, 36, 5, 20, 0], [0, 30, 23, 26, 28, 2, 25, 45, 16, 42, 14, 0]]",1.6375523141323356,0.02823375879476468,0.47906520968535915,0.057004451441268124,0.20908623992630093,0.015102787031961976,0.7037795727344069,0.6372064431208662,0.22378498315811157
2.0,2.0,1,True,179652,5,"[[0, 30, 23, 26, 28, 2, 25, 45, 16, 42, 14, 0], [0, 15, 3, 38, 50, 33, 34, 18, 35, 10, 37, 0], [0, 40, 6, 19, 24, 41, 4, 32, 39, 11, 1, 0], [0, 20, 5, 36, 31, 9, 43, 8, 7, 22, 46, 0], [0, 27, 21, 47, 29, 44, 17, 13, 49, 12, 48, 0]]",1.6367411931714742,0.02823375879476468,0.47906520968535915,0.057004451441268124,0.2095863134895104,0.015167819112775626,0.701011335698376,0.6328909559205986,0.22378498315811157
2.0,2.0,2,True,180116,5,"[[0, 3, 38, 50, 33, 34, 18, 35, 10, 37, 40, 0], [0, 49, 12, 19, 6, 24, 41, 4, 32, 39, 11, 0], [0, 46, 22, 7, 8, 43, 9, 31, 36, 5, 20, 0], [0, 42, 14, 13, 17, 44, 29, 47, 21, 27, 48, 0], [0, 30, 23, 26, 28, 2, 25, 45, 15, 16, 1, 0]]",1.627011633128859,0.029379515251254335,0.5056736958504189,0.04378291480243206,0.22988339060606977,0.01762874423564581,0.6945953339799191,0.6209103289958959,0.22378498315811157
2.0,2.0,3,True,179651,5,"[[0, 14, 42, 16, 45, 25, 2, 28, 26, 23, 30, 0], [0, 1, 11, 39, 32, 4, 41, 24, 19, 6, 40, 0], [0, 37, 10, 35, 18, 34, 33, 50, 38, 3, 15, 0], [0, 49, 12, 13, 17, 44, 29, 47, 21, 27, 48, 0], [0, 46, 22, 7, 8, 43, 9, 31, 36, 5, 20, 0]]",1.6413010695687262,0.02823375879476468,0.47906520968535915,0.057004451441268124,0.20769507812455146,0.015019783031839224,0.7017431979799333,0.6296271139428984,0.22378498315811157
2.0,2.0,4,True,179651,5,"[[0, 15, 3, 38, 50, 33, 34, 18, 35, 10, 37, 0], [0, 49, 12, 13, 17, 44, 29, 47, 21, 27, 48, 0], [0, 30, 23, 26, 28, 2, 25, 45, 16, 42, 14, 0], [0, 20, 5, 36, 31, 9, 43, 8, 7, 22, 46, 0], [0, 1, 11, 39, 32, 4, 41, 24, 19, 6, 40, 0]]",1.6404899486078648,0.02823375879476468,0.47906520968535915,0.057004451441268124,0.2081933211041671,0.015085058368181803,0.6989082900831849,0.6253906574157116,0.22378498315811157
2.0,2.0,5,True,179728,5,"[[0, 20, 5, 36, 31, 9, 43, 8, 7, 22, 46, 0], [0, 48, 27, 21, 47, 29, 44, 17, 13, 12, 49, 0], [0, 37, 10, 35, 18, 34, 33, 50, 38, 3, 15, 0], [0, 14, 40, 6, 19, 24, 41, 4, 32, 39, 1, 0], [0, 30, 23, 26, 28, 2, 25, 45, 11, 16, 42, 0]]",1.6451726584200514,0.02823375879476468,0.46730089059565216,0.057004451441268124,0.19768401435393335,0.014049284481479827,0.6943085001443774,0.6238563427391912,0.22378498315811157
2.0,2.0,6,True,179651,5,"[[0, 49, 12, 13, 17, 44, 29, 47, 21, 27, 48, 0], [0, 30, 23, 26, 28, 2, 25, 45, 16, 42, 14, 0], [0, 46, 22, 7, 8, 43, 9, 31, 36, 5, 20, 0], [0, 15, 3, 38, 50, 33, 34, 18, 35, 10, 37, 0], [0, 1, 11, 39, 32, 4, 41, 24, 19, 6, 40, 0]]",1.6404899486078648,0.02823375879476468,0.47906520968535915,0.057004451441268124,0.2081933211041671,0.015085058368181803,0.6989082900831849,0.6253906574157116,0.22378498315811157
2.0,2.0,7,True,179664,5,"[[0, 48, 42, 14, 13, 17, 44, 29, 47, 21, 27, 0], [0, 11, 45, 25, 2, 28, 26, 23, 30, 12, 49, 0], [0, 40, 6, 19, 24, 41, 4, 32, 39, 16, 1, 0], [0, 46, 22, 7, 8, 43, 9, 31, 36, 5, 20, 0], [0, 37, 10, 35, 18, 34, 33, 50, 38, 3, 15, 0]]",1.6385280149261234,0.02823375879476468,0.5056736958504189,0.04378291480243206,0.21218935731529642,0.015662559132729525,0.6970816809373899,0.6297147129861693,0.22378498315811157
2.0,2.0,8,True,179808,5,"[[0, 48, 42, 16, 45, 25, 2, 28, 26, 23, 30, 0], [0, 27, 21, 47, 29, 44, 17, 13, 14, 3, 15, 0], [0, 20, 5, 36, 33, 34, 18, 35, 10, 37, 49, 0], [0, 40, 9, 31, 38, 50, 43, 8, 7, 22, 46, 0], [0, 1, 11, 39, 32, 4, 41, 24, 6, 19, 12, 0]]",1.4679981216177111,0.022790745353779278,0.4840411316254176,0.057004451441268124,0.2560495457745655,0.0182239241864816,0.6550521921556531,0.5730358528173993,0.22378498315811157
2.0,2.0,9,True,179651,5,"[[0, 46, 22, 7, 8, 43, 9, 31, 36, 5, 20, 0], [0, 30, 23, 26, 28, 2, 25, 45, 16, 42, 14, 0], [0, 1, 11, 39, 32, 4, 41, 24, 19, 6, 40, 0], [0, 37, 10, 35, 18, 34, 33, 50, 38, 3, 15, 0], [0, 48, 27, 21, 47, 29, 44, 17, 13, 12, 49, 0]]",1.6413010695687262,0.02823375879476468,0.47906520968535915,0.057004451441268124,0.20769507812455146,0.015019783031839224,0.7017431979799333,0.6296271139428984,0.22378498315811157
