beta,lambda_concentration,seed,is_feasible,pyvrp_cost,num_routes,routes,global_risk,global_cvar90,max_vehicle_risk,max_vehicle_cvar90,vehicle_risk_gini,risk_variance,edge_burden_gini_used,top10_burden_share,max_edge_burden
0.0,0.0,0,True,145999,5,"[[0, 44, 14, 3, 15, 41, 11, 1, 37, 38, 50, 0], [0, 42, 7, 8, 34, 17, 9, 47, 43, 26, 33, 0], [0, 45, 12, 13, 24, 32, 46, 23, 10, 18, 19, 0], [0, 40, 25, 20, 35, 4, 16, 28, 30, 21, 29, 0], [0, 36, 31, 6, 22, 2, 48, 5, 39, 49, 27, 0]]",7.314817567814316,0.17029642755500016,2.9043235942081083,0.4287502182026704,0.26772837966585117,0.5909020802084272,0.8765566522098256,0.8926699861975559,0.9443029761314392
0.0,0.0,1,True,145999,5,"[[0, 6, 22, 5, 2, 48, 43, 9, 47, 31, 36, 0], [0, 12, 45, 13, 24, 32, 46, 23, 10, 18, 19, 0], [0, 27, 49, 39, 17, 34, 8, 7, 30, 21, 29, 0], [0, 33, 26, 28, 16, 4, 35, 20, 25, 40, 44, 0], [0, 14, 3, 15, 42, 41, 11, 1, 37, 38, 50, 0]]",8.19058445860719,0.25581534020602703,2.754749076993903,0.48881503492593764,0.2202455408523638,0.4314644912623618,0.8895850996532151,0.9036294711590876,1.7391360998153687
0.0,0.0,2,True,146664,5,"[[0, 27, 49, 39, 17, 34, 8, 7, 16, 12, 45, 0], [0, 35, 4, 6, 22, 5, 43, 47, 9, 31, 36, 0], [0, 33, 26, 28, 30, 48, 2, 20, 25, 40, 19, 0], [0, 14, 3, 15, 42, 41, 11, 1, 37, 38, 50, 0], [0, 29, 21, 18, 10, 23, 46, 32, 24, 13, 44, 0]]",6.178406114748213,0.15322763371902207,2.307683371574967,0.40781910717487335,0.2548647680410927,0.3548057653872711,0.8746712918999362,0.8816723939158179,0.9443029761314392
0.0,0.0,3,True,146664,5,"[[0, 44, 50, 38, 37, 1, 41, 11, 15, 3, 14, 0], [0, 19, 18, 21, 29, 10, 23, 46, 32, 24, 13, 0], [0, 45, 12, 42, 7, 8, 34, 17, 39, 49, 27, 0], [0, 16, 35, 4, 6, 22, 5, 30, 28, 26, 33, 0], [0, 40, 25, 20, 2, 48, 43, 47, 9, 31, 36, 0]]",7.643058494977595,0.24463326700164803,2.629902962115011,0.4113841975728671,0.23183220318532283,0.43261928503347996,0.8760213670540282,0.8900168077019891,0.9443029761314392
0.0,0.0,4,True,147330,5,"[[0, 36, 31, 9, 47, 43, 48, 2, 20, 25, 40, 0], [0, 45, 12, 13, 24, 32, 46, 23, 10, 29, 44, 0], [0, 14, 3, 15, 42, 11, 41, 1, 37, 38, 50, 0], [0, 21, 35, 4, 6, 22, 5, 30, 28, 26, 33, 0], [0, 27, 49, 39, 17, 34, 8, 7, 16, 18, 19, 0]]",6.759479492102904,0.1564169545443012,1.917258495814167,0.30617077499628065,0.18035241672257052,0.19436784959590453,0.8783583291256736,0.8897438598414487,0.9443029761314392
0.0,0.0,5,True,147330,5,"[[0, 27, 49, 39, 48, 2, 43, 9, 47, 31, 36, 0], [0, 14, 3, 15, 42, 11, 41, 1, 37, 38, 50, 0], [0, 33, 26, 28, 30, 8, 17, 34, 7, 16, 45, 0], [0, 12, 35, 4, 6, 22, 5, 20, 25, 40, 44, 0], [0, 29, 21, 13, 24, 32, 46, 23, 10, 18, 19, 0]]",7.411355414893478,0.22910836891367517,2.45487856073305,0.33326865583658216,0.2161500687966511,0.3457146857850766,0.8714898377467417,0.8799198671583234,0.9443029761314392
0.0,0.0,6,True,147330,5,"[[0, 50, 38, 37, 1, 41, 11, 15, 3, 14, 45, 0], [0, 36, 31, 9, 47, 43, 2, 48, 39, 49, 27, 0], [0, 40, 25, 20, 5, 22, 6, 4, 35, 16, 12, 0], [0, 13, 24, 32, 46, 23, 10, 29, 21, 18, 19, 0], [0, 42, 7, 34, 17, 8, 30, 28, 26, 33, 44, 0]]",7.842122608846694,0.2513876460226519,2.1820952928683255,0.33625160281856853,0.16019719611401695,0.21015814419147588,0.8761807701699167,0.8926497539135699,0.9443029761314392
0.0,0.0,7,True,146664,5,"[[0, 19, 18, 10, 23, 46, 32, 24, 13, 21, 29, 0], [0, 33, 26, 28, 30, 5, 22, 6, 4, 35, 44, 0], [0, 12, 45, 16, 7, 8, 34, 17, 39, 49, 27, 0], [0, 40, 25, 20, 2, 48, 43, 47, 9, 31, 36, 0], [0, 14, 3, 15, 42, 11, 41, 1, 37, 38, 50, 0]]",6.905080206808634,0.21931245048264308,1.9153355344897136,0.26112567633390427,0.09970666197821298,0.07733536637722017,0.8705790784165086,0.8824615323423817,0.9443029761314392
0.0,0.0,8,True,147330,5,"[[0, 14, 3, 15, 42, 11, 41, 1, 37, 38, 50, 0], [0, 12, 45, 13, 46, 23, 10, 29, 21, 18, 19, 0], [0, 32, 24, 6, 22, 5, 48, 2, 20, 25, 40, 0], [0, 36, 31, 47, 9, 43, 30, 28, 26, 33, 44, 0], [0, 27, 49, 39, 17, 34, 8, 7, 16, 4, 35, 0]]",7.775009758304805,0.24186984256937585,1.8010105377834407,0.28806379437446594,0.08656814140075086,0.06568185569616644,0.8790357498190433,0.8889389619980469,0.9443029761314392
0.0,0.0,9,True,145999,5,"[[0, 14, 3, 15, 42, 41, 11, 1, 37, 38, 50, 0], [0, 27, 49, 39, 17, 34, 8, 7, 30, 21, 29, 0], [0, 12, 45, 13, 24, 32, 46, 23, 10, 18, 19, 0], [0, 44, 40, 25, 20, 35, 4, 16, 28, 26, 33, 0], [0, 6, 22, 5, 48, 2, 43, 47, 9, 31, 36, 0]]",8.189414277083415,0.25581534020602703,2.754749076993903,0.48881503492593764,0.2202198558229107,0.4313335819030984,0.8893130137434158,0.9037585903458466,1.7391360998153687
1.0,0.0,0,True,175155,5,"[[0, 27, 37, 24, 32, 46, 5, 22, 6, 4, 35, 0], [0, 15, 41, 11, 42, 7, 16, 28, 30, 26, 33, 0], [0, 1, 49, 39, 17, 34, 8, 23, 13, 12, 45, 0], [0, 36, 31, 40, 25, 20, 21, 18, 10, 19, 44, 0], [0, 29, 43, 9, 47, 48, 2, 3, 14, 38, 50, 0]]",3.23586160101695,0.08746091931544502,1.214535925682867,0.15009638826761926,0.2926205264086761,0.12641278525290806,0.8227506719229811,0.7950311584868888,0.6722076535224915
1.0,0.0,1,True,174583,5,"[[0, 44, 50, 38, 14, 3, 15, 11, 42, 41, 1, 0], [0, 27, 37, 49, 39, 17, 34, 22, 6, 4, 35, 0], [0, 33, 26, 30, 28, 2, 48, 9, 47, 43, 29, 0], [0, 36, 31, 40, 25, 20, 5, 46, 32, 24, 13, 0], [0, 45, 12, 21, 18, 10, 23, 8, 7, 16, 19, 0]]",3.1401991184835003,0.08166579765578111,1.2931556218391052,0.13790410105139017,0.3981741847906062,0.2211164610309453,0.8243117713395385,0.7954509849072912,0.6722076535224915
1.0,0.0,2,True,174845,5,"[[0, 35, 4, 6, 22, 34, 17, 39, 49, 37, 27, 0], [0, 13, 24, 32, 46, 5, 20, 25, 40, 31, 36, 0], [0, 50, 38, 14, 3, 15, 11, 42, 41, 12, 45, 0], [0, 33, 26, 30, 28, 43, 47, 9, 48, 2, 1, 0], [0, 19, 16, 7, 8, 23, 10, 18, 21, 29, 44, 0]]",3.2920370196375677,0.08930590196416296,1.292575755956932,0.13364943329777038,0.3483597309733675,0.19554021179371647,0.82736049093517,0.802030900216377,0.6722076535224915
1.0,0.0,3,True,175306,5,"[[0, 44, 50, 38, 14, 3, 15, 41, 11, 42, 1, 0], [0, 29, 43, 9, 47, 2, 48, 28, 30, 26, 33, 0], [0, 13, 23, 10, 18, 21, 20, 25, 40, 31, 36, 0], [0, 27, 37, 49, 39, 17, 34, 8, 7, 16, 19, 0], [0, 24, 32, 46, 5, 22, 6, 4, 35, 12, 45, 0]]",3.257559119156716,0.08534185128907362,1.2931556218391052,0.13790410105139017,0.34475366286837716,0.1818456379711875,0.8264993350736385,0.7967402393633369,0.6722076535224915
1.0,0.0,4,True,175154,5,"[[0, 19, 10, 18, 21, 29, 43, 47, 9, 31, 36, 0], [0, 1, 11, 42, 7, 16, 28, 30, 26, 33, 44, 0], [0, 13, 23, 8, 39, 17, 34, 3, 14, 38, 50, 0], [0, 35, 4, 6, 22, 46, 32, 24, 37, 49, 27, 0], [0, 15, 41, 2, 48, 5, 20, 25, 40, 12, 45, 0]]",3.0105770630179904,0.07633100636303425,1.1253916881105397,0.138807689504964,0.2798524187769451,0.09581107733055697,0.8068428384463249,0.7733817502364854,0.6722076535224915
1.0,0.0,5,True,174698,5,"[[0, 29, 21, 18, 4, 35, 43, 9, 47, 2, 48, 0], [0, 44, 50, 38, 14, 3, 15, 11, 42, 41, 1, 0], [0, 33, 26, 30, 28, 16, 7, 8, 23, 10, 19, 0], [0, 36, 31, 40, 25, 20, 5, 46, 32, 24, 13, 0], [0, 45, 12, 6, 22, 34, 17, 39, 49, 37, 27, 0]]",3.3818074054433964,0.08584253213578655,1.3419317679363303,0.14519533142447472,0.3326176800625358,0.1759760887901997,0.8192715808257645,0.792383705510351,0.6722076535224915
1.0,0.0,6,True,175153,5,"[[0, 15, 11, 42, 7, 16, 28, 30, 26, 33, 44, 0], [0, 27, 49, 37, 24, 32, 46, 5, 48, 2, 1, 0], [0, 36, 31, 47, 9, 43, 29, 21, 18, 10, 19, 0], [0, 41, 35, 4, 6, 22, 20, 25, 40, 12, 45, 0], [0, 13, 23, 8, 39, 17, 34, 3, 14, 38, 50, 0]]",3.012880950642284,0.07633100636303425,1.33901607664302,0.14662483893334866,0.31469227655429743,0.1492899837634896,0.8058941763008334,0.7727903612395707,0.6722076535224915
1.0,0.0,7,True,175764,5,"[[0, 15, 3, 34, 17, 39, 8, 16, 7, 42, 1, 0], [0, 44, 33, 26, 30, 28, 43, 47, 9, 31, 36, 0], [0, 41, 35, 4, 6, 22, 20, 25, 40, 12, 45, 0], [0, 50, 38, 14, 13, 23, 10, 18, 21, 29, 19, 0], [0, 27, 49, 37, 24, 32, 46, 5, 48, 2, 11, 0]]",3.018499933015846,0.07433860472613765,1.301945016028185,0.19263459369540215,0.3084598502776319,0.13610859593058552,0.8032709904478532,0.7704967948574141,0.6722076535224915
1.0,0.0,8,True,174698,5,"[[0, 50, 38, 14, 3, 15, 42, 11, 41, 1, 44, 0], [0, 45, 12, 6, 22, 34, 17, 39, 49, 37, 27, 0], [0, 36, 31, 40, 25, 20, 5, 46, 32, 24, 13, 0], [0, 33, 26, 30, 28, 16, 7, 8, 23, 10, 19, 0], [0, 29, 21, 18, 4, 35, 43, 9, 47, 48, 2, 0]]",3.3818074054433964,0.08584253213578655,1.3419317679363303,0.14519533142447472,0.3326176800625358,0.1759760887901997,0.8192715808257645,0.792383705510351,0.6722076535224915
1.0,0.0,9,True,175439,5,"[[0, 41, 11, 2, 48, 5, 20, 25, 40, 31, 36, 0], [0, 15, 3, 34, 17, 39, 8, 16, 7, 42, 1, 0], [0, 35, 4, 6, 22, 46, 32, 24, 37, 49, 27, 0], [0, 44, 33, 26, 30, 28, 47, 9, 43, 29, 19, 0], [0, 45, 12, 21, 18, 10, 23, 13, 14, 38, 50, 0]]",2.852627511958417,0.07158123838404815,1.065180092882656,0.138807689504964,0.3063556357520405,0.10158161208210911,0.7995255157238845,0.7602411880225983,0.6722076535224915
1.0,1.0,0,True,187651,5,"[[0, 50, 44, 27, 49, 37, 24, 32, 46, 31, 36, 0], [0, 33, 26, 30, 28, 47, 9, 48, 2, 11, 15, 0], [0, 19, 16, 7, 8, 39, 17, 34, 3, 14, 38, 0], [0, 45, 12, 13, 23, 10, 18, 21, 25, 40, 20, 0], [0, 29, 43, 35, 4, 6, 22, 5, 42, 41, 1, 0]]",2.5474683867219516,0.06093342366317908,0.9291679685920826,0.11118406296840735,0.27051759102643014,0.06270265448514144,0.7934463371917673,0.744312464340095,0.6722076535224915
1.0,1.0,1,True,187651,5,"[[0, 45, 20, 40, 25, 21, 18, 10, 23, 13, 12, 0], [0, 50, 44, 27, 49, 37, 24, 32, 46, 31, 36, 0], [0, 1, 11, 42, 5, 22, 6, 4, 35, 43, 29, 0], [0, 33, 26, 30, 28, 47, 9, 2, 48, 41, 15, 0], [0, 38, 14, 3, 34, 17, 39, 8, 7, 16, 19, 0]]",2.401069188418254,0.04709728011811102,0.9397416322171921,0.11118406296840735,0.3148807436700747,0.07784861849534433,0.7828910024878457,0.7300208902534278,0.6722076535224915
1.0,1.0,2,True,188526,5,"[[0, 29, 43, 35, 4, 40, 25, 20, 5, 22, 6, 0], [0, 36, 31, 46, 32, 24, 37, 49, 27, 44, 50, 0], [0, 1, 11, 2, 48, 9, 47, 28, 30, 26, 33, 0], [0, 15, 41, 42, 45, 21, 18, 10, 23, 13, 12, 0], [0, 38, 14, 3, 34, 17, 39, 8, 7, 16, 19, 0]]",2.497278186769612,0.057941116765141486,0.9543721397567424,0.0881493039843109,0.3103956215570618,0.08343336928358909,0.7777631010543571,0.7232877117409788,0.6722076535224915
1.0,1.0,3,True,187651,5,"[[0, 12, 13, 23, 10, 18, 21, 25, 40, 20, 45, 0], [0, 50, 44, 27, 49, 37, 24, 32, 46, 31, 36, 0], [0, 29, 43, 35, 4, 6, 22, 5, 42, 11, 1, 0], [0, 15, 41, 48, 2, 9, 47, 28, 30, 26, 33, 0], [0, 38, 14, 3, 34, 17, 39, 8, 7, 16, 19, 0]]",2.5477263111247828,0.06093342366317908,0.9397416322171921,0.11118406296840735,0.27372940316416683,0.06447945354598524,0.7932801446520668,0.7442371123107008,0.6722076535224915
1.0,1.0,4,True,187651,5,"[[0, 45, 20, 40, 25, 21, 18, 10, 23, 13, 12, 0], [0, 38, 14, 3, 34, 17, 39, 8, 7, 16, 19, 0], [0, 50, 36, 31, 46, 32, 24, 37, 49, 27, 44, 0], [0, 1, 41, 42, 5, 22, 6, 4, 35, 43, 29, 0], [0, 15, 11, 2, 48, 47, 9, 28, 30, 26, 33, 0]]",2.4029921497427074,0.04709728011811102,0.9291679685920826,0.11118406296840735,0.31142869333229606,0.07611520795245302,0.7818552289502312,0.7294367011048489,0.6722076535224915
1.0,1.0,5,True,187651,5,"[[0, 50, 36, 31, 46, 32, 24, 37, 49, 27, 44, 0], [0, 1, 11, 42, 5, 22, 6, 4, 35, 43, 29, 0], [0, 38, 14, 3, 34, 17, 39, 8, 7, 16, 19, 0], [0, 45, 13, 23, 10, 18, 21, 25, 40, 20, 12, 0], [0, 33, 26, 30, 28, 9, 47, 2, 48, 41, 15, 0]]",2.549649272449236,0.06093342366317908,0.9397416322171921,0.11118406296840735,0.2738246372329287,0.06453352802879256,0.7923027089560337,0.7436758040560085,0.6722076535224915
1.0,1.0,6,True,187651,5,"[[0, 19, 16, 7, 8, 39, 17, 34, 3, 14, 38, 0], [0, 33, 26, 30, 28, 9, 47, 48, 2, 11, 1, 0], [0, 15, 41, 42, 5, 22, 6, 4, 35, 43, 29, 0], [0, 20, 40, 25, 21, 18, 10, 23, 13, 12, 45, 0], [0, 50, 44, 27, 49, 37, 24, 32, 46, 31, 36, 0]]",2.400811264015423,0.04709728011811102,0.9543721397567424,0.0881493039843109,0.319875705648728,0.08053085425914343,0.7830671588353422,0.730099317993665,0.6722076535224915
1.0,1.0,7,True,187651,5,"[[0, 38, 14, 3, 34, 17, 39, 8, 7, 16, 19, 0], [0, 44, 27, 49, 37, 24, 32, 46, 31, 36, 50, 0], [0, 29, 43, 35, 4, 6, 22, 5, 42, 11, 15, 0], [0, 12, 13, 23, 10, 18, 21, 25, 40, 20, 45, 0], [0, 1, 41, 2, 48, 9, 47, 28, 30, 26, 33, 0]]",2.5477263111247828,0.06093342366317908,0.9649458033818519,0.0881493039843109,0.28164365079888465,0.06915471482896755,0.7932801446520668,0.7442371123107008,0.6722076535224915
1.0,1.0,8,True,188864,5,"[[0, 19, 10, 18, 21, 25, 40, 20, 14, 38, 50, 0], [0, 15, 3, 34, 17, 39, 8, 23, 13, 45, 12, 0], [0, 29, 43, 35, 4, 6, 22, 5, 48, 2, 41, 0], [0, 33, 26, 30, 28, 47, 9, 16, 7, 42, 11, 0], [0, 36, 31, 46, 32, 24, 37, 27, 49, 1, 44, 0]]",2.705002585549664,0.06426219221565031,1.2318034083000384,0.13357926439493895,0.33925231552541657,0.13504825151041894,0.7942393145495006,0.7498359697717589,0.6722076535224915
1.0,1.0,9,True,188526,5,"[[0, 36, 31, 46, 32, 24, 37, 49, 27, 44, 50, 0], [0, 6, 22, 5, 20, 25, 40, 4, 35, 43, 29, 0], [0, 12, 13, 23, 10, 18, 21, 45, 11, 42, 15, 0], [0, 19, 16, 7, 8, 39, 17, 34, 3, 14, 38, 0], [0, 33, 26, 30, 28, 47, 9, 2, 48, 41, 1, 0]]",2.496671358662346,0.057941116765141486,0.9649458033818519,0.0881493039843109,0.3174003525769098,0.08680532244322543,0.7780125104458244,0.7234635103344146,0.6722076535224915
