beta,lambda_concentration,seed,is_feasible,pyvrp_cost,num_routes,routes,global_risk,global_cvar90,max_vehicle_risk,max_vehicle_cvar90,vehicle_risk_gini,risk_variance,edge_burden_gini_used,top10_burden_share,max_edge_burden
0.0,0.0,0,True,133997,5,"[[0, 14, 42, 41, 1, 45, 11, 15, 3, 16, 48, 0], [0, 18, 32, 4, 29, 19, 6, 24, 40, 20, 44, 0], [0, 27, 35, 5, 36, 28, 26, 23, 30, 12, 49, 0], [0, 46, 22, 7, 8, 43, 33, 34, 2, 25, 39, 0], [0, 17, 13, 10, 37, 50, 38, 31, 9, 47, 21, 0]]",12.591534673701972,0.19556074226432937,3.531833049375564,0.39557522907853127,0.14149416915484347,0.41796764579950885,0.842866711271167,0.8901284943748153,1.5810209512710571
0.0,0.0,1,True,133997,5,"[[0, 17, 13, 10, 37, 50, 38, 31, 9, 47, 21, 0], [0, 18, 32, 4, 29, 6, 19, 24, 40, 20, 44, 0], [0, 14, 42, 41, 1, 11, 45, 15, 3, 16, 48, 0], [0, 46, 22, 7, 8, 43, 33, 34, 2, 25, 39, 0], [0, 27, 35, 5, 36, 28, 26, 23, 30, 12, 49, 0]]",12.591534673701972,0.19556074226432937,3.531833049375564,0.39557522907853127,0.14149416915484347,0.41796764579950885,0.842866711271167,0.8901284943748153,1.5810209512710571
0.0,0.0,2,True,133998,5,"[[0, 16, 3, 15, 45, 11, 1, 41, 42, 14, 48, 0], [0, 25, 2, 34, 33, 43, 8, 7, 22, 46, 39, 0], [0, 38, 31, 9, 47, 21, 27, 23, 30, 49, 12, 0], [0, 26, 28, 36, 5, 35, 10, 37, 50, 13, 17, 0], [0, 44, 20, 40, 24, 6, 19, 29, 4, 32, 18, 0]]",14.492889212444425,0.4975189899022763,3.8531390398275107,0.562104332447052,0.16649921914196675,0.816274504782265,0.8417317448900552,0.860570204064805,1.5810209512710571
1.0,0.0,0,True,162019,5,"[[0, 14, 3, 38, 50, 5, 33, 34, 18, 35, 27, 0], [0, 46, 22, 43, 8, 7, 36, 31, 9, 47, 21, 0], [0, 45, 39, 32, 4, 29, 19, 6, 24, 41, 42, 0], [0, 48, 15, 16, 20, 44, 17, 13, 37, 10, 40, 0], [0, 1, 11, 25, 2, 28, 26, 23, 30, 12, 49, 0]]",5.714101997669786,0.09115819346159697,1.9491870542988181,0.27905467463036376,0.22089783090770632,0.22099549036524216,0.7711203423786359,0.7748210836970291,0.906819760799408
1.0,0.0,1,True,162110,5,"[[0, 12, 49, 13, 17, 44, 20, 16, 3, 14, 42, 0], [0, 27, 21, 47, 32, 4, 29, 19, 6, 24, 41, 0], [0, 1, 46, 22, 43, 8, 7, 36, 31, 9, 40, 0], [0, 37, 10, 35, 18, 34, 33, 5, 50, 38, 39, 0], [0, 48, 30, 23, 26, 28, 2, 25, 11, 45, 15, 0]]",5.367319087265059,0.07810684528063845,1.9862121406476945,0.20975615922361612,0.28633528697482924,0.31665583500005257,0.762020435084751,0.7612537296385365,0.906819760799408
1.0,0.0,2,True,162110,5,"[[0, 27, 21, 47, 32, 4, 29, 19, 6, 24, 41, 0], [0, 42, 14, 3, 16, 20, 44, 17, 13, 12, 48, 0], [0, 40, 9, 31, 36, 7, 8, 43, 22, 46, 1, 0], [0, 15, 45, 11, 25, 2, 28, 26, 23, 30, 49, 0], [0, 39, 38, 50, 5, 33, 34, 18, 35, 10, 37, 0]]",5.368547763442621,0.07810684528063845,1.9862121406476945,0.20975615922361612,0.2857775124987243,0.31604116516244485,0.7600611463731128,0.7605294067669843,0.906819760799408
