beta,lambda_concentration,seed,is_feasible,pyvrp_cost,num_routes,routes,global_risk,global_cvar90,max_vehicle_risk,max_vehicle_cvar90,vehicle_risk_gini,risk_variance,edge_burden_gini_used,top10_burden_share,max_edge_burden
0.0,0.0,0,True,133997,5,"[[0, 14, 42, 41, 1, 45, 11, 15, 3, 16, 48, 0], [0, 18, 32, 4, 29, 19, 6, 24, 40, 20, 44, 0], [0, 27, 35, 5, 36, 28, 26, 23, 30, 12, 49, 0], [0, 46, 22, 7, 8, 43, 33, 34, 2, 25, 39, 0], [0, 17, 13, 10, 37, 50, 38, 31, 9, 47, 21, 0]]",7.582732797542121,0.21348006909829564,2.17039333214052,0.33537780415887636,0.10281224983700965,0.11126170517854286,0.8616874826140046,0.89418941157811,0.898494303226471
0.0,0.0,1,True,133997,5,"[[0, 17, 13, 10, 37, 50, 38, 31, 9, 47, 21, 0], [0, 18, 32, 4, 29, 6, 19, 24, 40, 20, 44, 0], [0, 14, 42, 41, 1, 11, 45, 15, 3, 16, 48, 0], [0, 46, 22, 7, 8, 43, 33, 34, 2, 25, 39, 0], [0, 27, 35, 5, 36, 28, 26, 23, 30, 12, 49, 0]]",7.582732797542121,0.21348006909829564,2.17039333214052,0.33537780415887636,0.10281224983700965,0.11126170517854288,0.8616874826140046,0.89418941157811,0.898494303226471
0.0,0.0,2,True,133998,5,"[[0, 16, 3, 15, 45, 11, 1, 41, 42, 14, 48, 0], [0, 25, 2, 34, 33, 43, 8, 7, 22, 46, 39, 0], [0, 38, 31, 9, 47, 21, 27, 23, 30, 49, 12, 0], [0, 26, 28, 36, 5, 35, 10, 37, 50, 13, 17, 0], [0, 44, 20, 40, 24, 6, 19, 29, 4, 32, 18, 0]]",9.282399721967522,0.32348546070548206,2.5656352194491774,0.4387109041213989,0.1846376776062666,0.39362277106072496,0.8649774268317862,0.8895911307135635,0.898494303226471
1.0,0.0,0,True,158508,5,"[[0, 37, 10, 35, 18, 34, 33, 50, 38, 3, 15, 0], [0, 30, 23, 26, 28, 2, 25, 45, 11, 39, 1, 0], [0, 48, 12, 49, 13, 17, 44, 20, 16, 42, 14, 0], [0, 41, 24, 19, 6, 4, 32, 29, 47, 21, 27, 0], [0, 46, 22, 7, 8, 43, 5, 36, 31, 9, 40, 0]]",3.4667973014875315,0.09610290898542319,1.2424892095441464,0.1552446593663522,0.2567048633354394,0.11079400005097646,0.8066322157456631,0.7975649212485991,0.5332204699516296
1.0,0.0,1,True,158745,5,"[[0, 1, 11, 25, 2, 28, 26, 23, 30, 49, 12, 0], [0, 21, 47, 29, 32, 4, 6, 19, 24, 41, 42, 0], [0, 14, 3, 38, 50, 5, 33, 34, 18, 35, 27, 0], [0, 48, 15, 16, 20, 44, 17, 13, 37, 10, 40, 0], [0, 45, 46, 22, 43, 8, 7, 36, 31, 9, 39, 0]]",3.192488572152797,0.07155824149293559,1.3628793931857217,0.17069338288690364,0.2992736560487572,0.15235141407017058,0.7952310299142382,0.7803638594785945,0.5332204699516296
1.0,0.0,2,True,158747,5,"[[0, 40, 9, 31, 36, 7, 8, 43, 22, 46, 15, 0], [0, 21, 47, 29, 32, 4, 6, 19, 24, 41, 42, 0], [0, 1, 11, 39, 38, 50, 5, 33, 34, 18, 35, 0], [0, 12, 49, 30, 23, 26, 28, 2, 25, 45, 48, 0], [0, 27, 10, 37, 13, 17, 44, 20, 16, 3, 14, 0]]",3.1930283866240643,0.07155824149293559,1.3628793931857217,0.17069338288690364,0.34626851606578346,0.16760489075785304,0.7962967590463723,0.7801915454579899,0.5332204699516296
