beta,lambda_concentration,seed,is_feasible,pyvrp_cost,num_routes,routes,global_risk,global_cvar90,max_vehicle_risk,max_vehicle_cvar90,vehicle_risk_gini,risk_variance,edge_burden_gini_used,top10_burden_share,max_edge_burden
0.0,0.0,0,True,133998,5,"[[0, 11, 45, 25, 2, 34, 33, 5, 43, 17, 13, 0], [0, 30, 23, 26, 28, 36, 8, 7, 22, 46, 39, 0], [0, 21, 47, 9, 31, 38, 50, 37, 10, 35, 27, 0], [0, 15, 3, 14, 49, 12, 42, 41, 1, 16, 48, 0], [0, 18, 32, 4, 29, 6, 19, 24, 40, 20, 44, 0]]",7.326286423529382,0.20579764677677304,2.2976863069925457,0.35490520934884745,0.20225899311527917,0.28788617326847915,0.8626192201949625,0.8863706968016207,0.889784038066864
0.0,0.0,1,True,133998,5,"[[0, 27, 35, 10, 37, 50, 38, 31, 9, 47, 21, 0], [0, 39, 25, 2, 36, 28, 26, 23, 30, 13, 17, 0], [0, 16, 3, 14, 42, 41, 1, 45, 11, 15, 48, 0], [0, 46, 22, 7, 8, 43, 5, 34, 33, 20, 44, 0], [0, 12, 29, 32, 4, 6, 19, 24, 40, 18, 49, 0]]",9.587257026621955,0.2681848674899701,2.6338500941637903,0.47888163328170774,0.1878335320904445,0.43039700029865224,0.8837202642646202,0.91851837368494,1.717564582824707
0.0,0.0,2,True,133998,5,"[[0, 16, 3, 15, 45, 11, 1, 41, 42, 14, 48, 0], [0, 25, 2, 34, 33, 43, 8, 7, 22, 46, 39, 0], [0, 38, 31, 9, 47, 21, 27, 23, 30, 49, 12, 0], [0, 26, 28, 36, 5, 35, 10, 37, 50, 13, 17, 0], [0, 44, 20, 40, 24, 6, 19, 29, 4, 32, 18, 0]]",9.411678315475001,0.32955672706548983,2.9732498209923506,0.5006423115730285,0.23456482796903866,0.6404713044189883,0.8694152119074252,0.8927378658162078,0.889784038066864
0.0,0.0,3,True,133999,5,"[[0, 16, 39, 11, 45, 15, 3, 14, 42, 41, 1, 0], [0, 49, 30, 23, 26, 28, 36, 33, 34, 20, 44, 0], [0, 25, 2, 5, 43, 22, 35, 10, 37, 13, 17, 0], [0, 46, 7, 8, 50, 38, 31, 9, 47, 21, 27, 0], [0, 40, 24, 6, 19, 29, 4, 32, 18, 12, 48, 0]]",8.901060583055369,0.31170779244544417,2.185211492862436,0.4453729488886893,0.09565066794051647,0.10104021305698233,0.8696387593532833,0.8931959892600856,0.889784038066864
0.0,0.0,4,True,133998,5,"[[0, 48, 14, 42, 41, 1, 11, 45, 15, 3, 16, 0], [0, 44, 20, 40, 24, 19, 6, 32, 4, 29, 12, 0], [0, 25, 2, 34, 33, 35, 10, 37, 50, 13, 17, 0], [0, 39, 46, 22, 7, 8, 43, 5, 36, 28, 26, 0], [0, 38, 31, 9, 47, 21, 27, 23, 30, 18, 49, 0]]",10.095521803406882,0.3384224565492736,2.871980164432898,0.4614535295404494,0.13842558615365386,0.25702321553775404,0.8765654361046595,0.8950526779464528,1.717564582824707
0.0,0.0,5,True,133999,5,"[[0, 16, 3, 14, 42, 41, 1, 45, 39, 11, 15, 0], [0, 18, 32, 4, 29, 6, 19, 24, 40, 20, 44, 0], [0, 25, 2, 34, 33, 35, 10, 37, 50, 13, 17, 0], [0, 46, 22, 7, 8, 43, 5, 36, 28, 26, 12, 0], [0, 48, 38, 31, 9, 47, 21, 27, 23, 30, 49, 0]]",9.79496593021031,0.34309266708218134,2.2976863069925457,0.4614535295404494,0.09940632706894803,0.16347934792091803,0.8673087715946313,0.8877997206871834,0.889784038066864
0.0,0.0,6,True,133997,5,"[[0, 16, 3, 14, 42, 41, 1, 45, 11, 39, 48, 0], [0, 15, 46, 22, 7, 8, 43, 17, 13, 18, 49, 0], [0, 27, 35, 10, 37, 50, 38, 31, 9, 47, 21, 0], [0, 12, 29, 4, 32, 6, 19, 24, 40, 20, 44, 0], [0, 25, 2, 34, 33, 5, 36, 28, 26, 23, 30, 0]]",8.488801683924976,0.24996965468650864,2.1562094740074826,0.3712877780199051,0.14346304153391132,0.21394203211001622,0.8854406340600043,0.9136233254748499,1.717564582824707
0.0,0.0,7,True,133998,5,"[[0, 13, 17, 43, 33, 34, 5, 2, 25, 45, 11, 0], [0, 16, 1, 41, 42, 12, 49, 14, 3, 15, 48, 0], [0, 44, 20, 40, 24, 19, 6, 29, 4, 32, 18, 0], [0, 30, 23, 26, 28, 36, 8, 7, 22, 46, 39, 0], [0, 21, 47, 9, 31, 38, 50, 37, 10, 35, 27, 0]]",8.576366954584955,0.23121094758457997,2.708708631354966,0.3591610597712653,0.21806799682397981,0.4586934167883525,0.8684554829018549,0.89604965728385,0.889784038066864
0.0,0.0,8,True,133998,5,"[[0, 48, 14, 42, 41, 1, 45, 11, 15, 3, 16, 0], [0, 49, 18, 12, 29, 32, 4, 6, 19, 24, 40, 0], [0, 44, 20, 34, 33, 5, 36, 28, 26, 23, 30, 0], [0, 17, 13, 37, 10, 35, 22, 43, 8, 7, 46, 0], [0, 27, 21, 47, 9, 31, 38, 50, 2, 25, 39, 0]]",8.508061796121183,0.29601236511594975,2.6338500941637903,0.47888163328170774,0.15784913885957996,0.2744851507560875,0.8804403478712217,0.9035933780079151,1.717564582824707
0.0,0.0,9,True,133997,5,"[[0, 48, 15, 45, 11, 1, 41, 42, 14, 3, 16, 0], [0, 27, 35, 5, 36, 28, 26, 23, 30, 12, 49, 0], [0, 21, 47, 9, 31, 38, 50, 37, 10, 13, 17, 0], [0, 25, 2, 34, 33, 43, 8, 7, 22, 46, 39, 0], [0, 44, 20, 40, 24, 6, 19, 29, 4, 32, 18, 0]]",7.173270866958774,0.2292509728576988,2.2843814015504904,0.35490520934884745,0.17901381124575444,0.2392920475121803,0.8677503214429401,0.8946325680333123,0.889784038066864
0.25,0.0,0,True,142803,5,"[[0, 49, 13, 17, 43, 8, 7, 22, 46, 25, 11, 0], [0, 18, 34, 33, 5, 36, 2, 28, 26, 23, 30, 0], [0, 35, 10, 37, 50, 38, 31, 9, 47, 21, 27, 0], [0, 12, 40, 24, 19, 6, 32, 4, 29, 44, 20, 0], [0, 15, 45, 39, 1, 41, 42, 14, 3, 16, 48, 0]]",4.856235413506511,0.1325586954612405,1.6425829655490816,0.3712877780199051,0.26175336827336615,0.20520578378865867,0.8446547870894618,0.8553596935508861,0.889784038066864
0.25,0.0,1,True,142804,5,"[[0, 15, 25, 45, 39, 1, 41, 42, 14, 3, 16, 0], [0, 20, 44, 29, 4, 32, 19, 6, 24, 40, 49, 0], [0, 30, 23, 26, 28, 2, 5, 36, 33, 34, 18, 0], [0, 21, 47, 9, 31, 38, 50, 37, 10, 35, 27, 0], [0, 48, 12, 13, 17, 43, 8, 7, 22, 46, 11, 0]]",4.861561421697843,0.1325586954612405,1.6425829655490816,0.3712877780199051,0.259390247067361,0.20209318636821255,0.843342950959505,0.8544226175090092,0.889784038066864
0.25,0.0,2,True,142931,5,"[[0, 48, 40, 24, 6, 19, 32, 4, 29, 44, 20, 0], [0, 35, 10, 37, 50, 38, 31, 9, 47, 21, 27, 0], [0, 18, 34, 33, 5, 36, 7, 8, 43, 22, 46, 0], [0, 25, 2, 28, 26, 23, 30, 12, 49, 13, 17, 0], [0, 16, 3, 14, 42, 41, 1, 45, 11, 39, 15, 0]]",6.305391730667907,0.17941007225383673,2.152514872534084,0.2716183476150036,0.22799440035937413,0.2737752779819891,0.86379612878133,0.8828394682448795,0.889784038066864
0.25,0.0,3,True,142803,5,"[[0, 12, 13, 17, 43, 8, 7, 22, 46, 11, 25, 0], [0, 18, 34, 33, 36, 5, 2, 28, 26, 23, 30, 0], [0, 15, 45, 39, 1, 41, 42, 14, 3, 16, 48, 0], [0, 27, 35, 10, 37, 50, 38, 31, 9, 47, 21, 0], [0, 20, 44, 29, 4, 32, 6, 19, 24, 40, 49, 0]]",4.861561421697843,0.1325586954612405,1.6425829655490816,0.3712877780199051,0.2609365307638589,0.20438653912248297,0.843342950959505,0.8544226175090092,0.889784038066864
0.25,0.0,4,True,142698,5,"[[0, 16, 3, 14, 42, 41, 1, 39, 45, 15, 48, 0], [0, 11, 46, 22, 7, 8, 43, 17, 13, 49, 12, 0], [0, 21, 47, 9, 31, 38, 50, 37, 10, 35, 27, 0], [0, 25, 2, 5, 34, 33, 36, 28, 26, 23, 30, 0], [0, 18, 32, 4, 29, 6, 19, 24, 40, 44, 20, 0]]",6.57686404469132,0.20821333659945854,2.166239350233809,0.3712877780199051,0.26201399945457404,0.38156732603548504,0.8677641252635053,0.8911780530959108,0.889784038066864
0.25,0.0,5,True,142698,5,"[[0, 48, 15, 45, 39, 1, 41, 42, 14, 3, 16, 0], [0, 27, 21, 47, 9, 31, 38, 50, 37, 10, 35, 0], [0, 11, 46, 22, 7, 8, 43, 17, 13, 49, 12, 0], [0, 18, 32, 4, 29, 19, 6, 24, 40, 44, 20, 0], [0, 30, 23, 26, 28, 36, 5, 34, 33, 2, 25, 0]]",5.72602464472584,0.18411819012490688,1.638308415771462,0.3712877780199051,0.21801732360405457,0.20784238398123617,0.8587852866700525,0.8764477587812463,0.889784038066864
0.25,0.0,6,True,142598,5,"[[0, 15, 11, 45, 39, 1, 41, 42, 14, 3, 16, 0], [0, 48, 20, 44, 29, 4, 32, 6, 19, 24, 40, 0], [0, 13, 17, 38, 50, 37, 10, 35, 18, 12, 49, 0], [0, 27, 21, 47, 9, 31, 36, 28, 26, 23, 30, 0], [0, 46, 22, 7, 8, 43, 5, 33, 34, 2, 25, 0]]",5.920510498151998,0.16663771534278507,1.501438261475414,0.2657612819224596,0.1237288686315765,0.08336492629297831,0.8609412071293447,0.8785111436461019,0.889784038066864
0.25,0.0,7,True,142698,5,"[[0, 12, 49, 13, 17, 43, 8, 7, 22, 46, 11, 0], [0, 27, 35, 10, 37, 50, 38, 31, 9, 47, 21, 0], [0, 20, 44, 40, 24, 19, 6, 29, 4, 32, 18, 0], [0, 30, 23, 26, 28, 36, 34, 33, 5, 2, 25, 0], [0, 48, 16, 3, 14, 42, 41, 1, 39, 45, 15, 0]]",6.694313765721745,0.20527697415572815,2.166239350233809,0.3712877780199051,0.25741704266124565,0.3927711891072524,0.8688677842707726,0.8915071904653051,0.889784038066864
0.25,0.0,8,True,142909,5,"[[0, 27, 21, 47, 29, 4, 32, 6, 19, 24, 40, 0], [0, 1, 41, 42, 14, 3, 15, 39, 45, 16, 48, 0], [0, 20, 44, 17, 13, 37, 10, 35, 18, 12, 49, 0], [0, 25, 2, 5, 33, 34, 36, 28, 26, 23, 30, 0], [0, 11, 46, 22, 7, 8, 43, 9, 31, 38, 50, 0]]",5.4464389847562416,0.15672400988017518,1.638308415771462,0.3712877780199051,0.19909731716051526,0.15118399944695105,0.8560183821736447,0.8643518265496766,0.889784038066864
0.25,0.0,9,True,142698,5,"[[0, 27, 21, 47, 9, 31, 38, 50, 37, 10, 35, 0], [0, 12, 49, 13, 17, 43, 8, 7, 22, 46, 11, 0], [0, 20, 44, 40, 24, 19, 6, 29, 4, 32, 18, 0], [0, 48, 16, 3, 14, 42, 41, 1, 45, 39, 15, 0], [0, 30, 23, 26, 28, 36, 33, 34, 5, 2, 25, 0]]",6.694163225576631,0.20527697415572815,2.166239350233809,0.3712877780199051,0.2574318268327198,0.392799535904806,0.8693673362040699,0.8939452951627581,0.889784038066864
0.5,0.0,0,True,148712,5,"[[0, 42, 14, 3, 16, 20, 44, 17, 13, 49, 12, 0], [0, 40, 34, 33, 5, 36, 7, 8, 43, 22, 46, 0], [0, 18, 32, 4, 29, 6, 19, 24, 41, 1, 48, 0], [0, 30, 23, 26, 28, 2, 25, 11, 39, 45, 15, 0], [0, 27, 21, 47, 9, 31, 38, 50, 37, 10, 35, 0]]",4.441359062722768,0.09929268853738904,1.860413097179844,0.18805341018984714,0.26699022672344164,0.2502880067915133,0.8324787530295961,0.8426924713597428,0.8587822914123535
0.5,0.0,1,True,148712,5,"[[0, 42, 14, 3, 16, 20, 44, 17, 13, 49, 12, 0], [0, 35, 10, 37, 50, 38, 31, 9, 47, 21, 27, 0], [0, 15, 45, 11, 39, 25, 2, 28, 26, 23, 30, 0], [0, 46, 22, 43, 8, 7, 36, 5, 33, 34, 40, 0], [0, 48, 1, 41, 24, 19, 6, 29, 4, 32, 18, 0]]",4.4406496577285,0.09929268853738904,1.859703692185576,0.18805341018984714,0.2669050770664545,0.2500122305594029,0.83276049174579,0.8428270936096143,0.8587822914123535
0.5,0.0,2,True,148712,5,"[[0, 30, 23, 26, 28, 2, 25, 39, 45, 11, 15, 0], [0, 18, 32, 4, 29, 6, 19, 24, 41, 1, 48, 0], [0, 35, 10, 37, 50, 38, 31, 9, 47, 21, 27, 0], [0, 46, 22, 43, 8, 7, 36, 5, 34, 33, 40, 0], [0, 49, 12, 13, 17, 44, 20, 16, 3, 14, 42, 0]]",4.441359062722768,0.09929268853738904,1.860413097179844,0.18805341018984714,0.26699022672344164,0.2502880067915133,0.8324787530295961,0.8426924713597428,0.8587822914123535
0.5,0.0,3,True,149121,5,"[[0, 21, 47, 9, 31, 38, 50, 37, 10, 27, 48, 0], [0, 1, 41, 24, 19, 6, 29, 4, 32, 18, 35, 0], [0, 40, 5, 36, 33, 34, 43, 8, 7, 22, 46, 0], [0, 42, 14, 3, 16, 20, 44, 17, 13, 12, 49, 0], [0, 30, 23, 26, 28, 2, 25, 39, 11, 45, 15, 0]]",3.382320093092858,0.07700954915157386,0.9866276376851602,0.11753961816430092,0.19406054712556808,0.05575499701364371,0.7964408675481831,0.7948888176688161,0.45416611433029175
0.5,0.0,4,True,148904,5,"[[0, 48, 15, 16, 3, 14, 42, 41, 1, 11, 45, 0], [0, 39, 32, 4, 29, 6, 19, 24, 40, 49, 12, 0], [0, 25, 2, 28, 26, 23, 30, 13, 17, 44, 20, 0], [0, 27, 21, 47, 9, 31, 38, 50, 37, 10, 35, 0], [0, 18, 34, 33, 5, 36, 7, 8, 43, 22, 46, 0]]",4.516166386529221,0.1040291093742928,1.3196910605038283,0.2716183476150036,0.21175848973570588,0.12018678840776402,0.8447215311576115,0.8480250126189983,0.889784038066864
0.5,0.0,5,True,148719,5,"[[0, 42, 14, 3, 16, 20, 44, 17, 13, 49, 12, 0], [0, 30, 23, 26, 28, 2, 25, 11, 39, 45, 15, 0], [0, 40, 34, 33, 36, 5, 43, 8, 7, 22, 46, 0], [0, 48, 1, 41, 24, 19, 6, 29, 4, 32, 18, 0], [0, 35, 10, 37, 50, 38, 31, 9, 47, 21, 27, 0]]",4.23756199410127,0.09628662675921176,1.859703692185576,0.18805341018984714,0.3180371335921335,0.2858382657544397,0.8291550578391476,0.8364095833017766,0.8587822914123535
0.5,0.0,6,True,148730,5,"[[0, 35, 10, 37, 50, 38, 31, 9, 47, 21, 27, 0], [0, 30, 23, 26, 28, 2, 25, 39, 11, 45, 15, 0], [0, 49, 18, 32, 4, 29, 6, 19, 24, 41, 1, 0], [0, 46, 22, 43, 8, 7, 36, 5, 34, 33, 40, 0], [0, 42, 16, 3, 14, 12, 13, 17, 44, 20, 48, 0]]",4.4478863795957295,0.09929268853738904,1.8573558459611377,0.23958347458392382,0.2651865929660142,0.24788851271147241,0.8287412901747477,0.8377277243163593,0.8587822914123535
0.5,0.0,7,True,148712,5,"[[0, 27, 21, 47, 9, 31, 38, 50, 37, 10, 35, 0], [0, 48, 1, 41, 24, 19, 6, 29, 4, 32, 18, 0], [0, 42, 14, 3, 16, 20, 44, 17, 13, 12, 49, 0], [0, 40, 34, 33, 5, 36, 7, 8, 43, 22, 46, 0], [0, 15, 45, 39, 11, 25, 2, 28, 26, 23, 30, 0]]",4.4406496577285,0.09929268853738904,1.859703692185576,0.18805341018984714,0.2669050770664545,0.2500122305594029,0.83276049174579,0.8428270936096143,0.8587822914123535
0.5,0.0,8,True,149153,5,"[[0, 25, 45, 46, 22, 7, 8, 43, 17, 13, 12, 0], [0, 18, 34, 33, 36, 5, 2, 28, 26, 23, 30, 0], [0, 11, 39, 15, 16, 3, 14, 42, 41, 1, 48, 0], [0, 27, 21, 47, 9, 31, 38, 50, 37, 10, 35, 0], [0, 49, 40, 24, 19, 6, 32, 4, 29, 44, 20, 0]]",4.857465675493586,0.1325586954612405,1.6425829655490816,0.3712877780199051,0.260073132637586,0.20286245695463245,0.8449417726396828,0.8559731730064314,0.889784038066864
0.5,0.0,9,True,149395,5,"[[0, 14, 42, 41, 1, 16, 3, 15, 11, 39, 25, 0], [0, 45, 46, 22, 43, 8, 7, 36, 5, 33, 34, 0], [0, 27, 21, 47, 29, 4, 32, 6, 19, 24, 40, 0], [0, 50, 38, 31, 9, 2, 28, 26, 23, 30, 49, 0], [0, 48, 20, 44, 17, 13, 37, 10, 35, 18, 12, 0]]",4.451107029381092,0.1271861063573381,1.346873640708509,0.11552009762575229,0.2172929175311047,0.11813178060640914,0.8382323746186389,0.8378229556511916,0.889784038066864
1.0,0.0,0,True,157737,5,"[[0, 34, 33, 36, 5, 50, 38, 31, 9, 3, 14, 0], [0, 37, 10, 35, 18, 32, 4, 29, 47, 21, 27, 0], [0, 39, 11, 25, 2, 28, 26, 23, 30, 49, 12, 0], [0, 15, 16, 42, 41, 24, 6, 19, 40, 44, 20, 0], [0, 1, 45, 46, 22, 7, 8, 43, 17, 13, 48, 0]]",2.933955434753443,0.0605089160538203,1.003421293818974,0.10497305123135448,0.2643099571012182,0.07710455055123866,0.7717166017244643,0.7577546542548494,0.45416611433029175
1.0,0.0,1,True,158027,5,"[[0, 27, 21, 47, 29, 4, 32, 18, 35, 10, 37, 0], [0, 34, 33, 36, 31, 9, 2, 28, 26, 23, 30, 0], [0, 46, 22, 7, 8, 43, 5, 50, 38, 44, 20, 0], [0, 48, 14, 3, 16, 15, 39, 25, 11, 45, 1, 0], [0, 42, 41, 24, 19, 6, 40, 17, 13, 49, 12, 0]]",3.252937271594419,0.06758518355261338,0.9070828369731316,0.1358339488506317,0.19439060668548236,0.060172875225054934,0.7940439809554183,0.7827691773124131,0.45416611433029175
1.0,0.0,2,True,157924,5,"[[0, 46, 22, 7, 8, 43, 5, 36, 31, 9, 40, 0], [0, 37, 10, 35, 18, 34, 33, 50, 38, 44, 20, 0], [0, 15, 3, 16, 39, 32, 4, 29, 47, 21, 27, 0], [0, 48, 12, 13, 17, 6, 19, 24, 41, 42, 14, 0], [0, 1, 45, 49, 30, 23, 26, 28, 2, 25, 11, 0]]",3.106895042103133,0.08340347318777017,0.9060411118116463,0.10296270943113736,0.1455230742587985,0.028035629595503975,0.7894070120581369,0.7733797081090716,0.45416611433029175
1.0,0.0,3,True,157250,5,"[[0, 41, 24, 19, 6, 32, 4, 29, 47, 21, 27, 0], [0, 15, 45, 11, 25, 2, 28, 26, 23, 30, 49, 0], [0, 12, 13, 17, 44, 20, 16, 3, 14, 42, 48, 0], [0, 37, 10, 35, 18, 34, 33, 5, 50, 38, 39, 0], [0, 1, 46, 22, 43, 8, 7, 36, 31, 9, 40, 0]]",2.900905013360898,0.07825065376581969,1.1477284048305592,0.1377278912280287,0.3096124552738906,0.11063913183263689,0.7789315877220291,0.7620122190867573,0.45416611433029175
1.0,0.0,4,True,157931,5,"[[0, 12, 49, 13, 17, 43, 8, 7, 22, 46, 45, 0], [0, 1, 16, 39, 11, 25, 2, 28, 26, 23, 30, 0], [0, 15, 3, 9, 31, 38, 50, 5, 36, 33, 34, 0], [0, 48, 14, 42, 41, 24, 6, 19, 40, 44, 20, 0], [0, 27, 21, 47, 29, 4, 32, 18, 35, 10, 37, 0]]",2.9683254626434064,0.060078031285420844,1.0148831865662942,0.10527710057795048,0.2582868179549156,0.07550859262524638,0.7728259227355629,0.7581299128042833,0.45416611433029175
1.0,0.0,5,True,157719,5,"[[0, 46, 22, 43, 8, 7, 36, 31, 9, 3, 14, 0], [0, 12, 49, 30, 23, 26, 28, 2, 25, 45, 1, 0], [0, 11, 39, 38, 50, 5, 33, 34, 18, 35, 27, 0], [0, 48, 15, 16, 20, 44, 17, 13, 10, 37, 40, 0], [0, 21, 47, 29, 4, 32, 6, 19, 24, 41, 42, 0]]",2.8619239454128547,0.06216954620821136,1.1824935453623766,0.14371152275374957,0.29222664213371075,0.10980862974184209,0.7763380995312834,0.7603502024266502,0.45416611433029175
1.0,0.0,6,True,157586,5,"[[0, 46, 22, 43, 8, 7, 36, 31, 9, 47, 21, 0], [0, 1, 45, 11, 25, 2, 28, 26, 23, 30, 49, 0], [0, 15, 16, 20, 44, 17, 13, 37, 10, 40, 12, 0], [0, 39, 32, 4, 29, 19, 6, 24, 41, 42, 48, 0], [0, 14, 3, 38, 50, 5, 33, 34, 18, 35, 27, 0]]",2.9624187397857895,0.0687658969651569,1.0055185725941556,0.10877134464681149,0.22781071735757585,0.06387893712989892,0.7805421941091806,0.7682830829697285,0.45416611433029175
1.0,0.0,7,True,157690,5,"[[0, 12, 49, 30, 23, 26, 28, 2, 25, 11, 39, 0], [0, 40, 9, 31, 36, 7, 8, 43, 22, 46, 45, 0], [0, 21, 47, 29, 4, 32, 6, 19, 24, 41, 1, 0], [0, 48, 15, 16, 20, 44, 17, 13, 37, 10, 27, 0], [0, 35, 18, 34, 33, 5, 50, 38, 3, 14, 42, 0]]",2.8580602058646036,0.06216954620821136,0.9765024160587927,0.11146789842418262,0.2017297286345916,0.04889738315936547,0.7793452605292963,0.7641444318551703,0.45416611433029175
1.0,0.0,8,True,157056,5,"[[0, 1, 45, 11, 39, 32, 4, 29, 47, 21, 27, 0], [0, 46, 22, 7, 8, 43, 5, 36, 31, 9, 40, 0], [0, 37, 10, 35, 18, 34, 33, 50, 38, 44, 20, 0], [0, 14, 3, 16, 42, 41, 24, 19, 6, 17, 13, 0], [0, 48, 15, 25, 2, 28, 26, 23, 30, 49, 12, 0]]",3.0691162953007733,0.08485785016307125,0.9002203416457633,0.10284978177930627,0.14839964780824433,0.028063800735034266,0.7899738317344662,0.7755108364247946,0.45416611433029175
1.0,0.0,9,True,157250,5,"[[0, 1, 45, 11, 25, 2, 28, 26, 23, 30, 12, 0], [0, 48, 42, 14, 3, 16, 20, 44, 17, 13, 49, 0], [0, 37, 10, 35, 18, 34, 33, 5, 50, 38, 39, 0], [0, 41, 24, 19, 6, 32, 4, 29, 47, 21, 27, 0], [0, 15, 46, 22, 43, 8, 7, 36, 31, 9, 40, 0]]",2.900905013360898,0.07825065376581969,1.1477284048305592,0.1377278912280287,0.3163335551659745,0.11287692784378889,0.7789315877220291,0.7620122190867573,0.45416611433029175
2.0,0.0,0,True,170552,5,"[[0, 48, 27, 10, 37, 13, 17, 44, 20, 16, 15, 0], [0, 11, 46, 22, 43, 8, 7, 36, 31, 9, 40, 0], [0, 35, 18, 34, 33, 5, 50, 38, 3, 14, 42, 0], [0, 21, 47, 29, 6, 19, 24, 41, 4, 32, 39, 0], [0, 1, 45, 25, 2, 28, 26, 23, 30, 12, 49, 0]]",2.2769842785055516,0.047879676362781814,0.6662414006423205,0.06313727307133377,0.12984041920257372,0.013402152334563896,0.7368901888184474,0.7059452866866603,0.45416611433029175
2.0,0.0,1,True,171741,5,"[[0, 42, 14, 3, 9, 31, 38, 50, 5, 36, 49, 0], [0, 15, 16, 20, 44, 29, 47, 21, 10, 37, 40, 0], [0, 46, 22, 7, 8, 43, 33, 34, 18, 35, 27, 0], [0, 48, 1, 11, 45, 25, 2, 28, 26, 23, 30, 0], [0, 39, 32, 4, 41, 24, 19, 6, 17, 13, 12, 0]]",2.530922072517569,0.06059890857030605,0.7499687863746658,0.12680923342704772,0.17449801167752388,0.027473294611865134,0.7556104126670533,0.7291966172726602,0.45416611433029175
2.0,0.0,2,True,171941,5,"[[0, 49, 10, 37, 13, 17, 44, 29, 47, 21, 27, 0], [0, 12, 40, 9, 31, 38, 50, 33, 34, 18, 35, 0], [0, 15, 11, 45, 39, 32, 4, 41, 24, 6, 19, 0], [0, 48, 20, 5, 36, 7, 8, 43, 22, 46, 1, 0], [0, 42, 14, 3, 16, 25, 2, 28, 26, 23, 30, 0]]",2.2186189406056656,0.03968673836635916,0.8693436177272815,0.11883928409467141,0.2673889158242213,0.052801160274222256,0.723560505646828,0.6863159646849004,0.45416611433029175
2.0,0.0,3,True,171216,5,"[[0, 30, 23, 26, 28, 2, 25, 11, 45, 1, 48, 0], [0, 49, 12, 13, 17, 44, 20, 16, 3, 14, 42, 0], [0, 40, 37, 10, 35, 18, 34, 33, 50, 38, 39, 0], [0, 19, 6, 24, 41, 32, 4, 29, 47, 21, 27, 0], [0, 15, 46, 22, 7, 8, 43, 5, 36, 31, 9, 0]]",2.6704920073825633,0.06754290159525615,0.7122575598041294,0.09000588990747929,0.18584957036632477,0.04197169308156374,0.7703962424006998,0.7481745575676396,0.45416611433029175
2.0,0.0,4,True,171474,5,"[[0, 3, 9, 31, 38, 50, 43, 8, 7, 22, 46, 0], [0, 49, 12, 30, 23, 26, 28, 2, 25, 11, 1, 0], [0, 40, 37, 10, 35, 18, 34, 33, 5, 36, 20, 0], [0, 48, 27, 21, 47, 29, 44, 17, 13, 14, 42, 0], [0, 19, 6, 24, 41, 4, 32, 39, 45, 16, 15, 0]]",2.0308463714754907,0.03530827311700896,0.6873696632974315,0.06313727307133377,0.30209101083876466,0.051316671104821535,0.7025182501563803,0.6586479972498048,0.45416611433029175
2.0,0.0,5,True,170632,5,"[[0, 48, 42, 16, 3, 14, 49, 13, 17, 44, 20, 0], [0, 15, 46, 22, 43, 8, 7, 36, 31, 9, 40, 0], [0, 1, 11, 45, 25, 2, 28, 26, 23, 30, 12, 0], [0, 19, 6, 24, 41, 32, 4, 29, 47, 21, 27, 0], [0, 37, 10, 35, 18, 34, 33, 5, 50, 38, 39, 0]]",2.47196148520743,0.060173321049660444,0.7122575598041294,0.08135347130397956,0.23029360427366785,0.044564542143110154,0.7470555275886885,0.718713900919818,0.45416611433029175
2.0,0.0,6,True,171438,5,"[[0, 15, 16, 20, 44, 17, 13, 37, 10, 27, 48, 0], [0, 35, 18, 34, 33, 5, 50, 38, 3, 14, 42, 0], [0, 21, 47, 29, 4, 32, 41, 24, 6, 19, 40, 0], [0, 49, 12, 30, 23, 26, 28, 2, 25, 45, 11, 0], [0, 39, 9, 31, 36, 7, 8, 43, 22, 46, 1, 0]]",2.425975234466023,0.05091300288982251,0.632473456353182,0.06313727307133377,0.11093395227424763,0.009339772280278272,0.7520132698677258,0.7223015282146116,0.45416611433029175
2.0,0.0,7,True,170562,5,"[[0, 37, 10, 35, 18, 34, 33, 5, 50, 38, 39, 0], [0, 30, 23, 26, 28, 2, 25, 11, 45, 1, 48, 0], [0, 27, 21, 47, 29, 4, 32, 41, 24, 6, 19, 0], [0, 40, 9, 31, 36, 7, 8, 43, 22, 46, 15, 0], [0, 49, 12, 13, 17, 44, 20, 16, 3, 14, 42, 0]]",2.46718218793103,0.060173321049660444,0.7140055794006912,0.06702257203869522,0.2315967669886636,0.04457506034358434,0.7520705920145079,0.7227309374907296,0.45416611433029175
2.0,0.0,8,True,170552,5,"[[0, 35, 18, 34, 33, 5, 50, 38, 3, 14, 42, 0], [0, 49, 12, 30, 23, 26, 28, 2, 25, 11, 1, 0], [0, 21, 47, 29, 6, 19, 24, 41, 4, 32, 39, 0], [0, 45, 46, 22, 43, 8, 7, 36, 31, 9, 40, 0], [0, 48, 27, 10, 37, 13, 17, 44, 20, 16, 15, 0]]",2.2769842785055516,0.047879676362781814,0.6597206101578195,0.06313727307133377,0.12754939223464712,0.012697052579396323,0.7368901888184474,0.7059452866866603,0.45416611433029175
2.0,0.0,9,True,170615,5,"[[0, 15, 45, 11, 25, 2, 28, 26, 23, 30, 49, 0], [0, 37, 10, 35, 18, 34, 33, 36, 31, 9, 40, 0], [0, 42, 14, 3, 16, 20, 44, 29, 47, 21, 27, 0], [0, 46, 22, 7, 8, 43, 5, 50, 38, 17, 13, 0], [0, 12, 19, 6, 24, 41, 4, 32, 39, 1, 48, 0]]",2.5505868507752893,0.04711546510075911,0.7737284653412644,0.09000588990747929,0.22425133517529372,0.04252881241482943,0.7536173588070287,0.7249509486194201,0.45416611433029175
