beta,lambda_concentration,seed,is_feasible,pyvrp_cost,num_routes,routes,global_risk,global_cvar90,max_vehicle_risk,max_vehicle_cvar90,vehicle_risk_gini,risk_variance,edge_burden_gini_used,top10_burden_share,max_edge_burden
0.0,0.0,0,True,145999,5,"[[0, 44, 14, 3, 15, 41, 11, 1, 37, 38, 50, 0], [0, 42, 7, 8, 34, 17, 9, 47, 43, 26, 33, 0], [0, 45, 12, 13, 24, 32, 46, 23, 10, 18, 19, 0], [0, 40, 25, 20, 35, 4, 16, 28, 30, 21, 29, 0], [0, 36, 31, 6, 22, 2, 48, 5, 39, 49, 27, 0]]",7.314817567814316,0.17029642755500016,2.9043235942081083,0.4287502182026704,0.26772837966585117,0.5909020802084272,0.8765566522098256,0.8926699861975559,0.9443029761314392
0.0,0.0,1,True,145999,5,"[[0, 6, 22, 5, 2, 48, 43, 9, 47, 31, 36, 0], [0, 12, 45, 13, 24, 32, 46, 23, 10, 18, 19, 0], [0, 27, 49, 39, 17, 34, 8, 7, 30, 21, 29, 0], [0, 33, 26, 28, 16, 4, 35, 20, 25, 40, 44, 0], [0, 14, 3, 15, 42, 41, 11, 1, 37, 38, 50, 0]]",8.19058445860719,0.25581534020602703,2.754749076993903,0.48881503492593764,0.2202455408523638,0.4314644912623618,0.8895850996532151,0.9036294711590876,1.7391360998153687
0.0,0.0,2,True,146664,5,"[[0, 27, 49, 39, 17, 34, 8, 7, 16, 12, 45, 0], [0, 35, 4, 6, 22, 5, 43, 47, 9, 31, 36, 0], [0, 33, 26, 28, 30, 48, 2, 20, 25, 40, 19, 0], [0, 14, 3, 15, 42, 41, 11, 1, 37, 38, 50, 0], [0, 29, 21, 18, 10, 23, 46, 32, 24, 13, 44, 0]]",6.178406114748213,0.15322763371902207,2.307683371574967,0.40781910717487335,0.2548647680410927,0.3548057653872711,0.8746712918999362,0.8816723939158179,0.9443029761314392
0.0,0.0,3,True,146664,5,"[[0, 44, 50, 38, 37, 1, 41, 11, 15, 3, 14, 0], [0, 19, 18, 21, 29, 10, 23, 46, 32, 24, 13, 0], [0, 45, 12, 42, 7, 8, 34, 17, 39, 49, 27, 0], [0, 16, 35, 4, 6, 22, 5, 30, 28, 26, 33, 0], [0, 40, 25, 20, 2, 48, 43, 47, 9, 31, 36, 0]]",7.643058494977595,0.24463326700164803,2.629902962115011,0.4113841975728671,0.23183220318532283,0.43261928503347996,0.8760213670540282,0.8900168077019891,0.9443029761314392
0.0,0.0,4,True,147330,5,"[[0, 36, 31, 9, 47, 43, 48, 2, 20, 25, 40, 0], [0, 45, 12, 13, 24, 32, 46, 23, 10, 29, 44, 0], [0, 14, 3, 15, 42, 11, 41, 1, 37, 38, 50, 0], [0, 21, 35, 4, 6, 22, 5, 30, 28, 26, 33, 0], [0, 27, 49, 39, 17, 34, 8, 7, 16, 18, 19, 0]]",6.759479492102904,0.1564169545443012,1.917258495814167,0.30617077499628065,0.18035241672257052,0.19436784959590453,0.8783583291256736,0.8897438598414487,0.9443029761314392
0.0,0.0,5,True,147330,5,"[[0, 27, 49, 39, 48, 2, 43, 9, 47, 31, 36, 0], [0, 14, 3, 15, 42, 11, 41, 1, 37, 38, 50, 0], [0, 33, 26, 28, 30, 8, 17, 34, 7, 16, 45, 0], [0, 12, 35, 4, 6, 22, 5, 20, 25, 40, 44, 0], [0, 29, 21, 13, 24, 32, 46, 23, 10, 18, 19, 0]]",7.411355414893478,0.22910836891367517,2.45487856073305,0.33326865583658216,0.2161500687966511,0.3457146857850766,0.8714898377467417,0.8799198671583234,0.9443029761314392
0.0,0.0,6,True,147330,5,"[[0, 50, 38, 37, 1, 41, 11, 15, 3, 14, 45, 0], [0, 36, 31, 9, 47, 43, 2, 48, 39, 49, 27, 0], [0, 40, 25, 20, 5, 22, 6, 4, 35, 16, 12, 0], [0, 13, 24, 32, 46, 23, 10, 29, 21, 18, 19, 0], [0, 42, 7, 34, 17, 8, 30, 28, 26, 33, 44, 0]]",7.842122608846694,0.2513876460226519,2.1820952928683255,0.33625160281856853,0.16019719611401695,0.21015814419147588,0.8761807701699167,0.8926497539135699,0.9443029761314392
0.0,0.0,7,True,146664,5,"[[0, 19, 18, 10, 23, 46, 32, 24, 13, 21, 29, 0], [0, 33, 26, 28, 30, 5, 22, 6, 4, 35, 44, 0], [0, 12, 45, 16, 7, 8, 34, 17, 39, 49, 27, 0], [0, 40, 25, 20, 2, 48, 43, 47, 9, 31, 36, 0], [0, 14, 3, 15, 42, 11, 41, 1, 37, 38, 50, 0]]",6.905080206808634,0.21931245048264308,1.9153355344897136,0.26112567633390427,0.09970666197821298,0.07733536637722017,0.8705790784165086,0.8824615323423817,0.9443029761314392
0.0,0.0,8,True,147330,5,"[[0, 14, 3, 15, 42, 11, 41, 1, 37, 38, 50, 0], [0, 12, 45, 13, 46, 23, 10, 29, 21, 18, 19, 0], [0, 32, 24, 6, 22, 5, 48, 2, 20, 25, 40, 0], [0, 36, 31, 47, 9, 43, 30, 28, 26, 33, 44, 0], [0, 27, 49, 39, 17, 34, 8, 7, 16, 4, 35, 0]]",7.775009758304805,0.24186984256937585,1.8010105377834407,0.28806379437446594,0.08656814140075086,0.06568185569616644,0.8790357498190433,0.8889389619980469,0.9443029761314392
0.0,0.0,9,True,145999,5,"[[0, 14, 3, 15, 42, 41, 11, 1, 37, 38, 50, 0], [0, 27, 49, 39, 17, 34, 8, 7, 30, 21, 29, 0], [0, 12, 45, 13, 24, 32, 46, 23, 10, 18, 19, 0], [0, 44, 40, 25, 20, 35, 4, 16, 28, 26, 33, 0], [0, 6, 22, 5, 48, 2, 43, 47, 9, 31, 36, 0]]",8.189414277083415,0.25581534020602703,2.754749076993903,0.48881503492593764,0.2202198558229107,0.4313335819030984,0.8893130137434158,0.9037585903458466,1.7391360998153687
2.0,1.0,0,True,205680,5,"[[0, 12, 6, 22, 5, 46, 32, 24, 37, 49, 27, 0], [0, 38, 14, 3, 20, 25, 40, 4, 35, 43, 29, 0], [0, 1, 2, 48, 34, 17, 39, 8, 7, 16, 19, 0], [0, 45, 21, 18, 10, 23, 13, 42, 11, 41, 15, 0], [0, 33, 26, 30, 28, 47, 9, 31, 36, 44, 50, 0]]",2.4250374940898416,0.054556929416233496,0.8668015994704126,0.11776019508639972,0.2885548334235013,0.06360710259712436,0.7812333881228815,0.7227766320857228,0.6722076535224915
2.0,1.0,1,True,205680,5,"[[0, 38, 14, 3, 20, 25, 40, 4, 35, 43, 29, 0], [0, 19, 16, 7, 8, 39, 17, 34, 48, 2, 1, 0], [0, 27, 49, 37, 24, 32, 46, 5, 22, 6, 12, 0], [0, 15, 11, 41, 42, 21, 18, 10, 23, 13, 45, 0], [0, 33, 26, 30, 28, 9, 47, 31, 36, 44, 50, 0]]",2.4250374940898416,0.054556929416233496,0.8668015994704126,0.11776019508639972,0.2885548334235013,0.06360710259712436,0.7812333881228815,0.7227766320857228,0.6722076535224915
2.0,1.0,2,True,205770,5,"[[0, 50, 38, 14, 3, 20, 25, 40, 4, 43, 35, 0], [0, 27, 49, 37, 24, 32, 46, 5, 16, 7, 42, 0], [0, 33, 26, 30, 28, 9, 47, 48, 2, 1, 44, 0], [0, 15, 11, 41, 12, 45, 21, 18, 10, 29, 19, 0], [0, 13, 23, 8, 39, 17, 34, 22, 6, 31, 36, 0]]",2.277806530572483,0.042834211434972916,0.9751799779332941,0.11150602357728141,0.3344731556117244,0.08319639142647368,0.772026647558824,0.7120593779338384,0.6722076535224915
2.0,1.0,3,True,205174,5,"[[0, 44, 15, 33, 26, 30, 28, 9, 47, 31, 36, 0], [0, 27, 49, 37, 24, 32, 46, 5, 22, 6, 12, 0], [0, 35, 43, 4, 40, 25, 20, 3, 14, 38, 50, 0], [0, 29, 21, 18, 10, 23, 13, 45, 41, 11, 42, 0], [0, 1, 2, 48, 34, 17, 39, 8, 7, 16, 19, 0]]",2.2912381066276373,0.042834211434972916,0.8668015994704126,0.11776019508639972,0.28003031139580403,0.05888134360705325,0.7718722460738636,0.7111043075711306,0.6722076535224915
2.0,1.0,4,True,206162,5,"[[0, 50, 44, 27, 49, 37, 24, 32, 46, 31, 36, 0], [0, 12, 13, 23, 8, 39, 17, 34, 48, 2, 1, 0], [0, 29, 43, 35, 4, 40, 25, 20, 3, 14, 38, 0], [0, 33, 26, 30, 28, 9, 47, 21, 18, 10, 19, 0], [0, 45, 6, 22, 5, 16, 7, 42, 11, 41, 15, 0]]",2.4135088602020494,0.054556929416233496,0.8968559171480592,0.09046169789507985,0.3031480667333304,0.07005270485423074,0.784513390315384,0.7262582273439149,0.6722076535224915
2.0,1.0,5,True,205174,5,"[[0, 44, 15, 33, 26, 30, 28, 9, 47, 31, 36, 0], [0, 29, 21, 18, 10, 23, 13, 12, 42, 11, 41, 0], [0, 50, 38, 14, 3, 20, 25, 40, 4, 43, 35, 0], [0, 1, 2, 48, 34, 17, 39, 8, 7, 16, 19, 0], [0, 45, 6, 22, 5, 46, 32, 24, 37, 49, 27, 0]]",2.2912381066276373,0.042834211434972916,0.8668015994704126,0.11776019508639972,0.2797843348505087,0.0587309218542121,0.7718722460738636,0.7111043075711306,0.6722076535224915
2.0,1.0,6,True,205998,5,"[[0, 1, 2, 48, 34, 17, 39, 8, 7, 16, 19, 0], [0, 36, 31, 47, 9, 28, 30, 26, 33, 15, 44, 0], [0, 42, 35, 43, 4, 40, 25, 20, 3, 14, 38, 0], [0, 29, 21, 18, 10, 23, 13, 45, 12, 11, 41, 0], [0, 6, 22, 5, 46, 32, 24, 37, 49, 27, 50, 0]]",2.309335538957888,0.04925942572299391,0.8668015994704126,0.11776019508639972,0.2741267598091768,0.057316028377899966,0.7691604280599453,0.7083680750885912,0.6722076535224915
2.0,1.0,7,True,205770,5,"[[0, 44, 1, 2, 48, 9, 47, 28, 30, 26, 33, 0], [0, 13, 23, 8, 39, 17, 34, 22, 6, 31, 36, 0], [0, 50, 38, 14, 3, 20, 25, 40, 4, 43, 35, 0], [0, 42, 7, 16, 5, 46, 32, 24, 37, 49, 27, 0], [0, 19, 29, 10, 18, 21, 45, 12, 41, 11, 15, 0]]",2.277457626868048,0.042834211434972916,0.9751799779332941,0.11150602357728141,0.33452439648736143,0.08321257617182556,0.7721069486149683,0.7121684645538516,0.6722076535224915
2.0,1.0,8,True,205174,5,"[[0, 35, 43, 4, 40, 25, 20, 3, 14, 38, 50, 0], [0, 29, 21, 18, 10, 23, 13, 12, 41, 11, 42, 0], [0, 45, 6, 22, 5, 46, 32, 24, 37, 49, 27, 0], [0, 1, 2, 48, 34, 17, 39, 8, 7, 16, 19, 0], [0, 15, 33, 26, 30, 28, 9, 47, 31, 36, 44, 0]]",2.2912381066276373,0.042834211434972916,0.8668015994704126,0.11776019508639972,0.2797843348505087,0.0587309218542121,0.7718722460738636,0.7111043075711306,0.6722076535224915
2.0,1.0,9,True,206518,5,"[[0, 19, 16, 7, 8, 39, 17, 34, 48, 2, 1, 0], [0, 15, 42, 11, 41, 35, 43, 4, 37, 49, 27, 0], [0, 50, 38, 14, 3, 9, 47, 28, 30, 26, 33, 0], [0, 36, 31, 6, 22, 5, 46, 32, 24, 23, 13, 0], [0, 29, 10, 18, 21, 25, 40, 20, 45, 12, 44, 0]]",2.3991285534726137,0.04768751168975959,0.8668015994704126,0.11776019508639972,0.29331666519281785,0.06313094354179077,0.7938599123915115,0.7396848319120697,0.6722076535224915
