beta,lambda_concentration,seed,is_feasible,pyvrp_cost,num_routes,routes,global_risk,global_cvar90,max_vehicle_risk,max_vehicle_cvar90,vehicle_risk_gini,risk_variance,edge_burden_gini_used,top10_burden_share,max_edge_burden
0.0,0.0,0,True,133997,5,"[[0, 14, 42, 41, 1, 45, 11, 15, 3, 16, 48, 0], [0, 18, 32, 4, 29, 19, 6, 24, 40, 20, 44, 0], [0, 27, 35, 5, 36, 28, 26, 23, 30, 12, 49, 0], [0, 46, 22, 7, 8, 43, 33, 34, 2, 25, 39, 0], [0, 17, 13, 10, 37, 50, 38, 31, 9, 47, 21, 0]]",6.665310812160897,0.1995866222307086,2.2683549433131702,0.3473098152317107,0.17312514409007806,0.2368871927228048,0.8728286713063897,0.894411062542489,0.9035152792930603
0.0,0.0,1,True,133997,5,"[[0, 17, 13, 10, 37, 50, 38, 31, 9, 47, 21, 0], [0, 18, 32, 4, 29, 6, 19, 24, 40, 20, 44, 0], [0, 14, 42, 41, 1, 11, 45, 15, 3, 16, 48, 0], [0, 46, 22, 7, 8, 43, 33, 34, 2, 25, 39, 0], [0, 27, 35, 5, 36, 28, 26, 23, 30, 12, 49, 0]]",6.665310812160897,0.1995866222307086,2.2683549433131702,0.3473098152317107,0.17312514409007806,0.2368871927228048,0.8728286713063897,0.894411062542489,0.9035152792930603
0.0,0.0,2,True,133998,5,"[[0, 16, 3, 15, 45, 11, 1, 41, 42, 14, 48, 0], [0, 25, 2, 34, 33, 43, 8, 7, 22, 46, 39, 0], [0, 38, 31, 9, 47, 21, 27, 23, 30, 49, 12, 0], [0, 26, 28, 36, 5, 35, 10, 37, 50, 13, 17, 0], [0, 44, 20, 40, 24, 6, 19, 29, 4, 32, 18, 0]]",8.501550974127895,0.2988709844648838,2.470691268637893,0.42672955989837646,0.25330012949988556,0.6355484107500489,0.8761005070861259,0.8995402002284731,0.9035152792930603
0.0,0.0,3,True,133998,5,"[[0, 12, 49, 30, 23, 26, 28, 36, 5, 20, 44, 0], [0, 14, 42, 41, 1, 45, 11, 15, 3, 16, 48, 0], [0, 27, 35, 10, 37, 50, 38, 31, 9, 47, 21, 0], [0, 25, 2, 34, 33, 43, 8, 7, 22, 46, 39, 0], [0, 18, 32, 4, 29, 19, 6, 24, 40, 13, 17, 0]]",6.187783151435724,0.18390795315305392,2.0439960283983964,0.23346664721611887,0.2857194837817725,0.3998399518404562,0.8725790373764837,0.8901591212989383,0.9035152792930603
0.0,0.0,4,True,133997,5,"[[0, 48, 14, 42, 41, 1, 45, 11, 15, 3, 16, 0], [0, 44, 20, 40, 24, 19, 6, 4, 32, 29, 12, 0], [0, 25, 2, 34, 33, 43, 8, 7, 22, 46, 39, 0], [0, 27, 35, 5, 36, 28, 26, 23, 30, 18, 49, 0], [0, 17, 13, 10, 37, 50, 38, 31, 9, 47, 21, 0]]",7.541601776472817,0.22224425725759037,2.879355516517535,0.5406960248947144,0.3014821247312891,0.695235805968552,0.8930944240856049,0.9113193614290263,1.694395661354065
0.0,0.0,5,True,133999,5,"[[0, 16, 3, 14, 42, 41, 1, 45, 39, 11, 15, 0], [0, 18, 32, 4, 29, 6, 19, 24, 40, 20, 44, 0], [0, 25, 2, 34, 33, 35, 10, 37, 50, 13, 17, 0], [0, 46, 22, 7, 8, 43, 5, 36, 28, 26, 12, 0], [0, 48, 38, 31, 9, 47, 21, 27, 23, 30, 49, 0]]",8.769522378432157,0.3076457137671801,2.2683549433131702,0.4319065858144313,0.12279794348624495,0.1478202366554734,0.8744845717555896,0.8916072256312837,0.9035152792930603
0.0,0.0,6,True,133997,5,"[[0, 16, 3, 14, 42, 41, 1, 45, 11, 39, 48, 0], [0, 15, 46, 22, 7, 8, 43, 17, 13, 18, 49, 0], [0, 27, 35, 10, 37, 50, 38, 31, 9, 47, 21, 0], [0, 12, 29, 4, 32, 6, 19, 24, 40, 20, 44, 0], [0, 25, 2, 34, 33, 5, 36, 28, 26, 23, 30, 0]]",7.864316170212987,0.23269603368375572,2.0667321933287894,0.28444143384695053,0.17487517302464273,0.26331569760744467,0.8964149285628067,0.9183513694028282,1.694395661354065
0.0,0.0,7,True,133998,5,"[[0, 13, 17, 43, 33, 34, 5, 2, 25, 45, 11, 0], [0, 16, 1, 41, 42, 12, 49, 14, 3, 15, 48, 0], [0, 44, 20, 40, 24, 19, 6, 29, 4, 32, 18, 0], [0, 30, 23, 26, 28, 36, 8, 7, 22, 46, 39, 0], [0, 21, 47, 9, 31, 38, 50, 37, 10, 35, 27, 0]]",7.798736151853518,0.2166059147848776,2.4305213578845724,0.37532134835297865,0.24546974015819023,0.5269084675726734,0.8774977809482525,0.9034862141132957,0.9035152792930603
0.0,0.0,8,True,133998,5,"[[0, 48, 14, 42, 41, 1, 45, 11, 15, 3, 16, 0], [0, 49, 18, 12, 29, 32, 4, 6, 19, 24, 40, 0], [0, 44, 20, 34, 33, 5, 36, 28, 26, 23, 30, 0], [0, 17, 13, 37, 10, 35, 22, 43, 8, 7, 46, 0], [0, 27, 21, 47, 9, 31, 38, 50, 2, 25, 39, 0]]",7.600146930468327,0.264826668605495,2.780483122827718,0.5168773800134658,0.2510035835757314,0.5129419835872998,0.8925595487109521,0.9093362386109933,1.694395661354065
0.0,0.0,9,True,133997,5,"[[0, 48, 15, 45, 11, 1, 41, 42, 14, 3, 16, 0], [0, 27, 35, 5, 36, 28, 26, 23, 30, 12, 49, 0], [0, 21, 47, 9, 31, 38, 50, 37, 10, 13, 17, 0], [0, 25, 2, 34, 33, 43, 8, 7, 22, 46, 39, 0], [0, 44, 20, 40, 24, 6, 19, 29, 4, 32, 18, 0]]",6.380966834527499,0.2037564414287252,2.4295377670787275,0.37532134835297865,0.2558783970989513,0.4244186540426355,0.8752127930615587,0.8940310983659837,0.9035152792930603
1.5,1.0,0,True,169447,5,"[[0, 20, 5, 33, 34, 18, 35, 10, 37, 40, 49, 0], [0, 30, 23, 26, 28, 2, 25, 15, 3, 14, 42, 0], [0, 13, 17, 44, 29, 4, 41, 24, 6, 19, 12, 0], [0, 27, 21, 47, 32, 39, 11, 45, 16, 1, 48, 0], [0, 36, 50, 38, 31, 9, 43, 8, 7, 22, 46, 0]]",1.4375307319205604,0.02143735115073229,0.41297404630313395,0.038076476593102725,0.16016090928271853,0.007264244598332965,0.6583945076650151,0.5691051622983987,0.15954655408859253
1.5,1.0,1,True,169263,5,"[[0, 46, 22, 7, 8, 43, 9, 31, 36, 5, 20, 0], [0, 14, 3, 38, 50, 33, 34, 18, 35, 10, 37, 0], [0, 40, 6, 19, 24, 41, 4, 29, 44, 17, 13, 0], [0, 1, 25, 2, 28, 26, 23, 30, 49, 12, 48, 0], [0, 27, 21, 47, 32, 39, 11, 45, 15, 16, 42, 0]]",1.416080117545789,0.0233925822557825,0.3687126595323207,0.03684009984135628,0.13791366628171953,0.005136596843366886,0.6613178302219884,0.5676696098716404,0.15954655408859253
1.5,1.0,2,True,169263,5,"[[0, 46, 22, 7, 8, 43, 9, 31, 36, 5, 20, 0], [0, 12, 49, 30, 23, 26, 28, 2, 25, 1, 48, 0], [0, 40, 6, 19, 24, 41, 4, 29, 44, 17, 13, 0], [0, 42, 16, 15, 45, 11, 39, 32, 47, 21, 27, 0], [0, 37, 10, 35, 18, 34, 33, 50, 38, 3, 14, 0]]",1.4147395615873393,0.0233925822557825,0.3687126595323207,0.03684009984135628,0.13880239929519012,0.005201740720679255,0.6662680398872693,0.5741958800688292,0.15954655408859253
1.5,1.0,3,True,169263,5,"[[0, 40, 6, 19, 24, 41, 4, 29, 44, 17, 13, 0], [0, 27, 21, 47, 32, 39, 11, 45, 15, 16, 42, 0], [0, 20, 5, 36, 31, 9, 43, 8, 7, 22, 46, 0], [0, 48, 1, 25, 2, 28, 26, 23, 30, 49, 12, 0], [0, 37, 10, 35, 18, 34, 33, 50, 38, 3, 14, 0]]",1.4147395615873393,0.0233925822557825,0.3687126595323207,0.03684009984135628,0.13880239929519012,0.005201740720679255,0.6662680398872693,0.5741958800688292,0.15954655408859253
1.5,1.0,4,True,169447,5,"[[0, 12, 19, 6, 24, 41, 4, 29, 44, 17, 13, 0], [0, 30, 23, 26, 28, 2, 25, 15, 3, 14, 42, 0], [0, 36, 50, 38, 31, 9, 43, 8, 7, 22, 46, 0], [0, 1, 16, 11, 45, 39, 32, 47, 21, 27, 48, 0], [0, 49, 40, 37, 10, 35, 18, 34, 33, 5, 20, 0]]",1.4271629654904245,0.02215764956134889,0.41297404630313395,0.038076476593102725,0.16460597968288515,0.007439314084376614,0.6607955614445513,0.573239483002876,0.15954655408859253
1.5,1.0,5,True,169263,5,"[[0, 12, 49, 30, 23, 26, 28, 2, 25, 1, 48, 0], [0, 27, 21, 47, 32, 39, 11, 45, 15, 16, 42, 0], [0, 40, 6, 19, 24, 41, 4, 29, 44, 17, 13, 0], [0, 46, 22, 7, 8, 43, 9, 31, 36, 5, 20, 0], [0, 37, 10, 35, 18, 34, 33, 50, 38, 3, 14, 0]]",1.4147395615873393,0.0233925822557825,0.3687126595323207,0.03684009984135628,0.13880239929519012,0.005201740720679254,0.6662680398872693,0.5741958800688292,0.15954655408859253
1.5,1.0,6,True,169306,5,"[[0, 48, 1, 25, 2, 28, 26, 23, 30, 49, 12, 0], [0, 15, 3, 38, 50, 33, 34, 18, 35, 10, 37, 0], [0, 20, 5, 36, 31, 9, 43, 8, 7, 22, 46, 0], [0, 40, 6, 19, 24, 41, 4, 29, 44, 17, 13, 0], [0, 14, 42, 16, 11, 45, 39, 32, 47, 21, 27, 0]]",1.413483606695081,0.022961312466684508,0.39585442599491216,0.03684009984135628,0.17035983625103834,0.007827490489442031,0.6574522547824051,0.564094990172527,0.15954655408859253
1.5,1.0,7,True,169263,5,"[[0, 48, 1, 25, 2, 28, 26, 23, 30, 49, 12, 0], [0, 37, 10, 35, 18, 34, 33, 50, 38, 3, 14, 0], [0, 40, 6, 19, 24, 41, 4, 29, 44, 17, 13, 0], [0, 27, 21, 47, 32, 39, 11, 45, 15, 16, 42, 0], [0, 20, 5, 36, 31, 9, 43, 8, 7, 22, 46, 0]]",1.4147395615873393,0.0233925822557825,0.3687126595323207,0.03684009984135628,0.13880239929519012,0.005201740720679255,0.6662680398872693,0.5741958800688292,0.15954655408859253
1.5,1.0,8,True,169306,5,"[[0, 48, 1, 25, 2, 28, 26, 23, 30, 49, 12, 0], [0, 14, 42, 16, 45, 11, 39, 32, 47, 21, 27, 0], [0, 40, 6, 19, 24, 41, 4, 29, 44, 17, 13, 0], [0, 46, 22, 7, 8, 43, 9, 31, 36, 5, 20, 0], [0, 37, 10, 35, 18, 34, 33, 50, 38, 3, 15, 0]]",1.4121430507366313,0.022961312466684508,0.39585442599491216,0.03684009984135628,0.17128100472589503,0.007908302235245582,0.6624259925815599,0.5706298668303986,0.15954655408859253
1.5,1.0,9,True,169458,5,"[[0, 40, 37, 10, 35, 18, 34, 33, 5, 20, 48, 0], [0, 13, 17, 44, 29, 4, 41, 24, 6, 19, 12, 0], [0, 1, 16, 45, 25, 2, 28, 26, 23, 30, 49, 0], [0, 27, 21, 47, 32, 39, 11, 15, 3, 14, 42, 0], [0, 36, 50, 38, 31, 9, 43, 8, 7, 22, 46, 0]]",1.4361901759621105,0.02143735115073229,0.400579788867617,0.04103415459394455,0.15628112675062922,0.006781209066587325,0.6603195869658254,0.5696363714161551,0.15954655408859253
