beta,lambda_concentration,seed,is_feasible,pyvrp_cost,num_routes,routes,global_risk,global_cvar90,max_vehicle_risk,max_vehicle_cvar90,vehicle_risk_gini,risk_variance,edge_burden_gini_used,top10_burden_share,max_edge_burden
0.0,0.0,0,True,133997,5,"[[0, 14, 42, 41, 1, 45, 11, 15, 3, 16, 48, 0], [0, 18, 32, 4, 29, 19, 6, 24, 40, 20, 44, 0], [0, 27, 35, 5, 36, 28, 26, 23, 30, 12, 49, 0], [0, 46, 22, 7, 8, 43, 33, 34, 2, 25, 39, 0], [0, 17, 13, 10, 37, 50, 38, 31, 9, 47, 21, 0]]",7.215825489896815,0.20245048191281967,2.020263754646294,0.3299567233771086,0.11645934717349649,0.10102934383863924,0.8625696299599788,0.890702958960034,0.8542657494544983
0.0,0.0,1,True,133997,5,"[[0, 17, 13, 10, 37, 50, 38, 31, 9, 47, 21, 0], [0, 18, 32, 4, 29, 6, 19, 24, 40, 20, 44, 0], [0, 14, 42, 41, 1, 11, 45, 15, 3, 16, 48, 0], [0, 46, 22, 7, 8, 43, 33, 34, 2, 25, 39, 0], [0, 27, 35, 5, 36, 28, 26, 23, 30, 12, 49, 0]]",7.215825489896815,0.20245048191281967,2.020263754646294,0.3299567233771086,0.11645934717349649,0.10102934383863922,0.8625696299599788,0.890702958960034,0.8542657494544983
0.0,0.0,2,True,133998,5,"[[0, 16, 3, 15, 45, 11, 1, 41, 42, 14, 48, 0], [0, 25, 2, 34, 33, 43, 8, 7, 22, 46, 39, 0], [0, 38, 31, 9, 47, 21, 27, 23, 30, 49, 12, 0], [0, 26, 28, 36, 5, 35, 10, 37, 50, 13, 17, 0], [0, 44, 20, 40, 24, 6, 19, 29, 4, 32, 18, 0]]",8.95317884470569,0.3124782299766174,2.4527984311571345,0.42756760120391846,0.14959021949172158,0.23073264012624456,0.865448658103426,0.8854455340063383,0.8542657494544983
0.0,0.0,3,True,133997,5,"[[0, 39, 25, 2, 36, 28, 26, 23, 30, 49, 18, 0], [0, 44, 20, 40, 24, 19, 6, 4, 32, 29, 12, 0], [0, 17, 13, 10, 37, 50, 38, 31, 9, 47, 21, 0], [0, 46, 22, 7, 8, 43, 5, 34, 33, 35, 27, 0], [0, 14, 42, 41, 1, 11, 45, 15, 3, 16, 48, 0]]",8.625634967407677,0.290669877771978,3.591848236043006,0.654144537448883,0.2780020999225927,0.9497222838186345,0.8802787896256945,0.9082424684280791,1.680478811264038
0.0,0.0,4,True,133997,5,"[[0, 48, 14, 42, 41, 1, 45, 11, 15, 3, 16, 0], [0, 44, 20, 40, 24, 19, 6, 4, 32, 29, 12, 0], [0, 25, 2, 34, 33, 43, 8, 7, 22, 46, 39, 0], [0, 27, 35, 5, 36, 28, 26, 23, 30, 18, 49, 0], [0, 17, 13, 10, 37, 50, 38, 31, 9, 47, 21, 0]]",8.266772170609329,0.2879076548493825,3.1348629648564383,0.5810628414154053,0.2363508268186898,0.6161159647609452,0.8814652083352421,0.9074521457033546,1.680478811264038
0.0,0.0,5,True,133999,5,"[[0, 16, 3, 14, 42, 41, 1, 45, 39, 11, 15, 0], [0, 18, 32, 4, 29, 6, 19, 24, 40, 20, 44, 0], [0, 25, 2, 34, 33, 35, 10, 37, 50, 13, 17, 0], [0, 46, 22, 7, 8, 43, 5, 36, 28, 26, 12, 0], [0, 48, 38, 31, 9, 47, 21, 27, 23, 30, 49, 0]]",9.26605211966671,0.31350877273965766,2.082909122109413,0.41240426199510694,0.058384794181217003,0.03854802775091369,0.8637812119241197,0.8792481167647053,0.8542657494544983
0.0,0.0,6,True,133997,5,"[[0, 16, 3, 14, 42, 41, 1, 45, 11, 39, 48, 0], [0, 15, 46, 22, 7, 8, 43, 17, 13, 18, 49, 0], [0, 27, 35, 10, 37, 50, 38, 31, 9, 47, 21, 0], [0, 12, 29, 4, 32, 6, 19, 24, 40, 20, 44, 0], [0, 25, 2, 34, 33, 5, 36, 28, 26, 23, 30, 0]]",8.508252598869149,0.23600124968498043,2.000713278132025,0.4375850558280945,0.09941535339429919,0.11026536284590585,0.884886000057775,0.9142958776505472,1.680478811264038
0.0,0.0,7,True,133998,5,"[[0, 13, 17, 43, 33, 34, 5, 2, 25, 45, 11, 0], [0, 16, 1, 41, 42, 12, 49, 14, 3, 15, 48, 0], [0, 44, 20, 40, 24, 19, 6, 29, 4, 32, 18, 0], [0, 30, 23, 26, 28, 36, 8, 7, 22, 46, 39, 0], [0, 21, 47, 9, 31, 38, 50, 37, 10, 35, 27, 0]]",8.239067783637438,0.28691099705890966,2.3376829215558246,0.3109717224724591,0.16400466407004255,0.23550452735055796,0.8656755754927739,0.8913165541505286,0.8542657494544983
0.0,0.0,8,True,133998,5,"[[0, 48, 14, 42, 41, 1, 45, 11, 15, 3, 16, 0], [0, 49, 18, 12, 29, 32, 4, 6, 19, 24, 40, 0], [0, 44, 20, 34, 33, 5, 36, 28, 26, 23, 30, 0], [0, 17, 13, 37, 10, 35, 22, 43, 8, 7, 46, 0], [0, 27, 21, 47, 9, 31, 38, 50, 2, 25, 39, 0]]",8.296979001781438,0.27816712069842553,2.884020022698678,0.516766032576561,0.2185191627846279,0.4666213904721075,0.8814821594806876,0.9035329066112379,1.680478811264038
0.0,0.0,9,True,133997,5,"[[0, 48, 15, 45, 11, 1, 41, 42, 14, 3, 16, 0], [0, 27, 35, 5, 36, 28, 26, 23, 30, 12, 49, 0], [0, 21, 47, 9, 31, 38, 50, 37, 10, 13, 17, 0], [0, 25, 2, 34, 33, 43, 8, 7, 22, 46, 39, 0], [0, 44, 20, 40, 24, 6, 19, 29, 4, 32, 18, 0]]",6.845145373488776,0.20360309043899177,2.0373498557601124,0.3299567233771086,0.14160768820067693,0.13666996803191656,0.8650608161784978,0.8897980516214986,0.8542657494544983
1.0,0.0,0,True,158580,5,"[[0, 27, 21, 47, 29, 4, 32, 39, 11, 45, 15, 0], [0, 42, 14, 3, 16, 25, 2, 28, 26, 23, 30, 0], [0, 37, 10, 35, 18, 34, 33, 50, 38, 44, 20, 0], [0, 48, 12, 49, 13, 17, 6, 19, 24, 41, 1, 0], [0, 46, 22, 7, 8, 43, 5, 36, 31, 9, 40, 0]]",3.3631717454700265,0.09636758888761203,1.0358328012516722,0.14557985806216797,0.16487637266310173,0.042351935513386056,0.8140256936533277,0.8007901018294424,0.7359781265258789
1.0,0.0,1,True,158988,5,"[[0, 20, 44, 17, 13, 12, 49, 14, 3, 16, 42, 0], [0, 15, 39, 38, 50, 5, 43, 8, 7, 22, 46, 0], [0, 37, 10, 35, 18, 34, 33, 36, 31, 9, 40, 0], [0, 41, 24, 19, 6, 32, 4, 29, 47, 21, 27, 0], [0, 48, 1, 45, 11, 25, 2, 28, 26, 23, 30, 0]]",3.0799662311619613,0.06313800135333288,1.3704303746344522,0.16825070178934506,0.42651095648433324,0.22922763153568856,0.7976958116361537,0.7772775667215011,0.7359781265258789
1.0,0.0,2,True,159343,5,"[[0, 49, 13, 17, 43, 8, 7, 22, 46, 11, 48, 0], [0, 42, 16, 20, 44, 40, 6, 19, 24, 41, 1, 0], [0, 15, 45, 39, 25, 2, 28, 26, 23, 30, 12, 0], [0, 37, 10, 35, 18, 32, 4, 29, 47, 21, 27, 0], [0, 14, 3, 9, 31, 38, 50, 5, 36, 33, 34, 0]]",3.38726602087263,0.07160008399698295,0.9906661534914747,0.13500551941494146,0.26827379246029937,0.12202900976569768,0.8065892605259295,0.7980912112739064,0.7359781265258789
1.0,0.0,3,True,159389,5,"[[0, 12, 49, 30, 23, 26, 28, 2, 25, 39, 45, 0], [0, 11, 46, 22, 43, 8, 7, 36, 31, 9, 40, 0], [0, 35, 18, 34, 33, 5, 50, 38, 3, 14, 42, 0], [0, 48, 27, 10, 37, 13, 17, 44, 20, 16, 15, 0], [0, 21, 47, 29, 4, 32, 6, 19, 24, 41, 1, 0]]",3.210167330078548,0.07281973617417471,1.0303049887297675,0.11768781925950732,0.2664572712182247,0.09453429318864497,0.8110168937680049,0.796473487051764,0.7359781265258789
1.0,0.0,4,True,159342,5,"[[0, 15, 45, 39, 25, 2, 28, 26, 23, 30, 48, 0], [0, 27, 21, 47, 29, 4, 32, 18, 35, 10, 37, 0], [0, 11, 46, 22, 7, 8, 43, 17, 13, 49, 12, 0], [0, 14, 3, 9, 31, 38, 50, 5, 36, 33, 34, 0], [0, 42, 16, 20, 44, 40, 6, 19, 24, 41, 1, 0]]",3.4097430877154693,0.07218389423858178,0.9950010562315583,0.13870298427840075,0.2699427002767778,0.12533266478235525,0.8062768923969903,0.7975830366692339,0.7359781265258789
1.0,0.0,5,True,159342,5,"[[0, 12, 49, 13, 17, 43, 8, 7, 22, 46, 11, 0], [0, 14, 3, 9, 31, 38, 50, 5, 36, 33, 34, 0], [0, 27, 21, 47, 29, 4, 32, 18, 35, 10, 37, 0], [0, 30, 23, 26, 28, 2, 25, 39, 45, 15, 48, 0], [0, 1, 41, 24, 19, 6, 40, 44, 20, 16, 42, 0]]",3.263702644268051,0.07016044789673509,0.9950010562315583,0.13870298427840075,0.27268167759102746,0.11071101622196788,0.7994795768079734,0.7882157529863043,0.7359781265258789
1.0,0.0,6,True,158965,5,"[[0, 1, 45, 11, 25, 2, 28, 26, 23, 30, 48, 0], [0, 42, 14, 3, 16, 20, 44, 17, 13, 49, 12, 0], [0, 41, 24, 19, 6, 32, 4, 29, 47, 21, 27, 0], [0, 39, 38, 50, 5, 33, 34, 18, 35, 10, 37, 0], [0, 40, 9, 31, 36, 7, 8, 43, 22, 46, 15, 0]]",3.254516719171079,0.09194531609062795,1.3704303746344522,0.16825070178934506,0.378326383124602,0.20180797910722914,0.8083943631761803,0.7918095109921632,0.7359781265258789
1.0,0.0,7,True,158965,5,"[[0, 41, 24, 19, 6, 32, 4, 29, 47, 21, 27, 0], [0, 42, 14, 3, 16, 20, 44, 17, 13, 12, 49, 0], [0, 37, 10, 35, 18, 34, 33, 5, 50, 38, 39, 0], [0, 15, 11, 45, 25, 2, 28, 26, 23, 30, 48, 0], [0, 40, 9, 31, 36, 7, 8, 43, 22, 46, 1, 0]]",3.2548613761609886,0.09194531609062795,1.3704303746344522,0.16825070178934506,0.369697270447517,0.19369372681485014,0.8100967587930976,0.7935182608274378,0.7359781265258789
1.0,0.0,8,True,158965,5,"[[0, 41, 24, 19, 6, 32, 4, 29, 47, 21, 27, 0], [0, 37, 10, 35, 18, 34, 33, 5, 50, 38, 39, 0], [0, 48, 30, 23, 26, 28, 2, 25, 11, 45, 15, 0], [0, 40, 9, 31, 36, 7, 8, 43, 22, 46, 1, 0], [0, 12, 49, 13, 17, 44, 20, 16, 3, 14, 42, 0]]",3.2549997993337456,0.09194531609062795,1.3704303746344522,0.16825070178934506,0.3696815485819902,0.19368266766132375,0.8100286254712441,0.7934845154135897,0.7359781265258789
1.0,0.0,9,True,159391,5,"[[0, 42, 16, 15, 45, 25, 2, 28, 26, 23, 30, 0], [0, 14, 3, 38, 50, 5, 43, 8, 7, 22, 46, 0], [0, 12, 49, 40, 10, 37, 13, 17, 44, 20, 48, 0], [0, 1, 41, 24, 19, 6, 29, 4, 32, 39, 11, 0], [0, 35, 18, 34, 33, 36, 31, 9, 47, 21, 27, 0]]",3.155100141389994,0.07742623740341514,1.0217900502611883,0.14557985806216797,0.29804962461490647,0.11744403277457045,0.8079272881693982,0.7921278342883974,0.7359781265258789
1.0,1.0,0,True,171363,5,"[[0, 40, 9, 31, 38, 50, 43, 8, 7, 22, 46, 0], [0, 42, 16, 45, 25, 2, 28, 26, 23, 30, 49, 0], [0, 1, 11, 39, 32, 4, 41, 24, 6, 19, 12, 0], [0, 37, 10, 35, 18, 34, 33, 5, 36, 20, 48, 0], [0, 15, 3, 14, 13, 17, 44, 29, 47, 21, 27, 0]]",2.4138907830929384,0.05832947850493448,1.032658797572367,0.11128549231216311,0.3631439903996798,0.10523703109226787,0.7527203816299295,0.7133210025011837,0.7359781265258789
1.0,1.0,1,True,172078,5,"[[0, 1, 41, 24, 19, 6, 4, 32, 39, 45, 11, 0], [0, 27, 21, 47, 29, 44, 17, 13, 10, 37, 40, 0], [0, 35, 18, 34, 33, 36, 7, 8, 43, 22, 46, 0], [0, 48, 20, 5, 50, 38, 31, 9, 3, 14, 42, 0], [0, 15, 16, 25, 2, 28, 26, 23, 30, 12, 49, 0]]",2.8869518518913537,0.06318863811237471,0.9201300639542751,0.09829906211234629,0.23872300475819208,0.061712602728894804,0.7928843995994383,0.7676473643301621,0.7359781265258789
1.0,1.0,2,True,171268,5,"[[0, 48, 42, 16, 25, 2, 28, 26, 23, 30, 49, 0], [0, 12, 37, 10, 35, 18, 34, 33, 5, 36, 20, 0], [0, 46, 22, 7, 8, 43, 50, 38, 31, 9, 40, 0], [0, 1, 41, 24, 6, 19, 4, 32, 39, 45, 11, 0], [0, 15, 3, 14, 13, 17, 44, 29, 47, 21, 27, 0]]",3.120239469106309,0.08410308230668306,1.0400318288011476,0.11128549231216311,0.25511515110465544,0.0828237992673182,0.7965735383520858,0.7784271381693537,0.7359781265258789
1.0,1.0,3,True,171460,5,"[[0, 11, 46, 22, 43, 8, 7, 36, 31, 9, 40, 0], [0, 49, 12, 30, 23, 26, 28, 2, 25, 45, 1, 0], [0, 39, 32, 4, 41, 24, 19, 6, 29, 47, 21, 0], [0, 42, 14, 3, 38, 50, 5, 33, 34, 18, 35, 0], [0, 15, 16, 20, 44, 17, 13, 37, 10, 27, 48, 0]]",2.642460447823396,0.05956458548704783,0.9603034892352298,0.09829906211234629,0.26347514040777287,0.06544707844734632,0.7810149279782612,0.7536041560675882,0.7359781265258789
1.0,1.0,4,True,171858,5,"[[0, 41, 24, 19, 6, 29, 4, 32, 47, 21, 27, 0], [0, 49, 13, 17, 44, 20, 16, 3, 14, 42, 48, 0], [0, 1, 11, 45, 25, 2, 28, 26, 23, 30, 12, 0], [0, 40, 9, 31, 36, 7, 8, 43, 22, 46, 15, 0], [0, 37, 10, 35, 18, 34, 33, 5, 50, 38, 39, 0]]",3.0555433413537685,0.06250576116144657,1.170973916654475,0.12826461779574552,0.35032488843995835,0.15019484672393663,0.7997028365625125,0.778430422948233,0.7359781265258789
1.0,1.0,5,True,171268,5,"[[0, 12, 37, 10, 35, 18, 34, 33, 5, 36, 20, 0], [0, 1, 41, 24, 19, 6, 4, 32, 39, 45, 11, 0], [0, 40, 9, 31, 38, 50, 43, 8, 7, 22, 46, 0], [0, 15, 3, 14, 13, 17, 44, 29, 47, 21, 27, 0], [0, 49, 30, 23, 26, 28, 2, 25, 16, 42, 48, 0]]",2.7615150954807177,0.05364552417244667,1.0401702519739047,0.11128549231216311,0.34027560538746005,0.11742166649227585,0.777544125296098,0.7522542801163757,0.7359781265258789
1.0,1.0,6,True,171460,5,"[[0, 12, 30, 23, 26, 28, 2, 25, 45, 11, 1, 0], [0, 21, 47, 29, 6, 19, 24, 41, 4, 32, 39, 0], [0, 46, 22, 43, 8, 7, 36, 31, 9, 40, 49, 0], [0, 48, 27, 10, 37, 13, 17, 44, 20, 16, 15, 0], [0, 42, 14, 3, 38, 50, 5, 33, 34, 18, 35, 0]]",2.642460447823396,0.05956458548704783,0.9522372384089977,0.12826461779574552,0.25981207669022455,0.06347693946867115,0.7810149279782612,0.7536041560675882,0.7359781265258789
1.0,1.0,7,True,171328,5,"[[0, 46, 22, 7, 8, 43, 5, 50, 38, 17, 13, 0], [0, 48, 1, 41, 24, 6, 19, 4, 32, 39, 15, 0], [0, 42, 14, 3, 16, 20, 44, 29, 47, 21, 27, 0], [0, 40, 9, 31, 36, 33, 34, 18, 35, 10, 37, 0], [0, 11, 45, 25, 2, 28, 26, 23, 30, 12, 49, 0]]",3.2516977992199827,0.0882827817861523,0.9283874125685543,0.09829906211234629,0.22450133631747504,0.07296586557028632,0.8007394274302944,0.7862948239660846,0.7359781265258789
1.0,1.0,8,True,171858,5,"[[0, 15, 46, 22, 43, 8, 7, 36, 31, 9, 40, 0], [0, 37, 10, 35, 18, 34, 33, 5, 50, 38, 39, 0], [0, 12, 30, 23, 26, 28, 2, 25, 45, 11, 1, 0], [0, 48, 42, 14, 3, 16, 20, 44, 17, 13, 49, 0], [0, 41, 24, 19, 6, 29, 4, 32, 47, 21, 27, 0]]",3.0554049181810115,0.06250576116144657,1.170973916654475,0.12826461779574552,0.35034075968578393,0.1502035592885731,0.7997749978829902,0.7784656892424887,0.7359781265258789
1.0,1.0,9,True,172017,5,"[[0, 12, 30, 23, 26, 28, 2, 25, 45, 11, 15, 0], [0, 39, 32, 18, 35, 10, 37, 34, 33, 5, 36, 0], [0, 42, 16, 3, 14, 49, 13, 17, 44, 20, 48, 0], [0, 40, 9, 31, 38, 50, 43, 8, 7, 22, 46, 0], [0, 1, 41, 24, 19, 6, 4, 29, 47, 21, 27, 0]]",2.900645723217167,0.0574279221204611,0.9867117906687781,0.12826461779574552,0.3007880065320483,0.10148859604587082,0.7880405740155583,0.7632813960625155,0.7359781265258789
