beta,lambda_concentration,seed,is_feasible,pyvrp_cost,num_routes,routes,global_risk,global_cvar90,max_vehicle_risk,max_vehicle_cvar90,vehicle_risk_gini,risk_variance,edge_burden_gini_used,top10_burden_share,max_edge_burden
0.0,0.0,0,True,133997,5,"[[0, 14, 42, 41, 1, 45, 11, 15, 3, 16, 48, 0], [0, 18, 32, 4, 29, 19, 6, 24, 40, 20, 44, 0], [0, 27, 35, 5, 36, 28, 26, 23, 30, 12, 49, 0], [0, 46, 22, 7, 8, 43, 33, 34, 2, 25, 39, 0], [0, 17, 13, 10, 37, 50, 38, 31, 9, 47, 21, 0]]",7.634002479928313,0.19705435335088303,2.3781167211709544,0.34715424478054047,0.16575426067111443,0.2317424299855161,0.8362041043646484,0.8697845205147433,1.0091875791549683
0.0,0.0,1,True,133997,5,"[[0, 17, 13, 10, 37, 50, 38, 31, 9, 47, 21, 0], [0, 18, 32, 4, 29, 6, 19, 24, 40, 20, 44, 0], [0, 14, 42, 41, 1, 11, 45, 15, 3, 16, 48, 0], [0, 46, 22, 7, 8, 43, 33, 34, 2, 25, 39, 0], [0, 27, 35, 5, 36, 28, 26, 23, 30, 12, 49, 0]]",7.634002479928313,0.19705435335088303,2.3781167211709544,0.34715424478054047,0.16575426067111443,0.2317424299855161,0.8362041043646484,0.8697845205147433,1.0091875791549683
0.0,0.0,2,True,133998,5,"[[0, 16, 3, 15, 45, 11, 1, 41, 42, 14, 48, 0], [0, 25, 2, 34, 33, 43, 8, 7, 22, 46, 39, 0], [0, 38, 31, 9, 47, 21, 27, 23, 30, 49, 12, 0], [0, 26, 28, 36, 5, 35, 10, 37, 50, 13, 17, 0], [0, 44, 20, 40, 24, 6, 19, 29, 4, 32, 18, 0]]",9.4237139201432,0.32303037265172374,2.739471782115288,0.45001529455184935,0.2242506900435779,0.617890993883302,0.8444368416232304,0.8678586723147446,1.0091875791549683
0.0,0.0,3,True,133998,5,"[[0, 12, 49, 30, 23, 26, 28, 36, 5, 20, 44, 0], [0, 14, 42, 41, 1, 45, 11, 15, 3, 16, 48, 0], [0, 27, 35, 10, 37, 50, 38, 31, 9, 47, 21, 0], [0, 25, 2, 34, 33, 43, 8, 7, 22, 46, 39, 0], [0, 18, 32, 4, 29, 19, 6, 24, 40, 13, 17, 0]]",7.173070095101139,0.19476172197028063,2.3043463230133057,0.3472927558856706,0.2340617551436619,0.35471204791178507,0.8361774533589796,0.8652779008024932,1.0091875791549683
0.0,0.0,4,True,133997,5,"[[0, 48, 14, 42, 41, 1, 45, 11, 15, 3, 16, 0], [0, 44, 20, 40, 24, 19, 6, 4, 32, 29, 12, 0], [0, 25, 2, 34, 33, 43, 8, 7, 22, 46, 39, 0], [0, 27, 35, 5, 36, 28, 26, 23, 30, 18, 49, 0], [0, 17, 13, 10, 37, 50, 38, 31, 9, 47, 21, 0]]",8.615895027847728,0.21427595747324327,3.2445307665038854,0.5948245704174042,0.2797136811209,0.7920897389181695,0.8596882031610984,0.8883608280951306,1.7115010023117065
0.0,0.0,5,True,133999,5,"[[0, 16, 3, 14, 42, 41, 1, 45, 39, 11, 15, 0], [0, 18, 32, 4, 29, 6, 19, 24, 40, 20, 44, 0], [0, 25, 2, 34, 33, 35, 10, 37, 50, 13, 17, 0], [0, 46, 22, 7, 8, 43, 5, 36, 28, 26, 12, 0], [0, 48, 38, 31, 9, 47, 21, 27, 23, 30, 49, 0]]",9.764408012822969,0.3237559127586859,2.3781167211709544,0.32895294986665247,0.09548161861762816,0.11394033165171003,0.8426779347050375,0.8577604260737846,1.0091875791549683
0.0,0.0,6,True,133997,5,"[[0, 16, 3, 14, 42, 41, 1, 45, 11, 39, 48, 0], [0, 15, 46, 22, 7, 8, 43, 17, 13, 18, 49, 0], [0, 27, 35, 10, 37, 50, 38, 31, 9, 47, 21, 0], [0, 12, 29, 4, 32, 6, 19, 24, 40, 20, 44, 0], [0, 25, 2, 34, 33, 5, 36, 28, 26, 23, 30, 0]]",8.840111252953648,0.22647075150161983,2.275288626551628,0.3802129354327917,0.13869306109927515,0.20059969176048376,0.8644248935697385,0.893744032908314,1.7115010023117065
0.0,0.0,7,True,133998,5,"[[0, 13, 17, 43, 33, 34, 5, 2, 25, 45, 11, 0], [0, 16, 1, 41, 42, 12, 49, 14, 3, 15, 48, 0], [0, 44, 20, 40, 24, 19, 6, 29, 4, 32, 18, 0], [0, 30, 23, 26, 28, 36, 8, 7, 22, 46, 39, 0], [0, 21, 47, 9, 31, 38, 50, 37, 10, 35, 27, 0]]",8.488577218391583,0.2158482956833073,2.7443053505849093,0.309657505314265,0.21608037511101807,0.5085915709203899,0.8424176815237838,0.8679969886866662,1.0091875791549683
0.0,0.0,8,True,133998,5,"[[0, 48, 14, 42, 41, 1, 45, 11, 15, 3, 16, 0], [0, 49, 18, 12, 29, 32, 4, 6, 19, 24, 40, 0], [0, 44, 20, 34, 33, 5, 36, 28, 26, 23, 30, 0], [0, 17, 13, 37, 10, 35, 22, 43, 8, 7, 46, 0], [0, 27, 21, 47, 9, 31, 38, 50, 2, 25, 39, 0]]",8.690546521655051,0.29549234811789715,2.991844721720554,0.5428117275238037,0.18439414574934387,0.42763499705045555,0.8578861156053115,0.8860092924377709,1.7115010023117065
0.0,0.0,9,True,133997,5,"[[0, 48, 15, 45, 11, 1, 41, 42, 14, 3, 16, 0], [0, 27, 35, 5, 36, 28, 26, 23, 30, 12, 49, 0], [0, 21, 47, 9, 31, 38, 50, 37, 10, 13, 17, 0], [0, 25, 2, 34, 33, 43, 8, 7, 22, 46, 39, 0], [0, 44, 20, 40, 24, 6, 19, 29, 4, 32, 18, 0]]",7.287919291033177,0.19264327449667634,2.3724719471065328,0.34715424478054047,0.21008022317599084,0.3331516198839619,0.8371917202051455,0.8664248818006848,1.0091875791549683
1.0,0.0,0,True,160097,5,"[[0, 40, 10, 37, 13, 17, 44, 20, 16, 3, 14, 0], [0, 42, 41, 24, 6, 19, 29, 4, 32, 39, 15, 0], [0, 49, 12, 36, 5, 50, 38, 31, 9, 47, 21, 0], [0, 1, 11, 45, 25, 2, 28, 26, 23, 30, 48, 0], [0, 46, 22, 7, 8, 43, 33, 34, 18, 35, 27, 0]]",3.444539207004709,0.08997135837044981,1.1964983234356623,0.15344539135694504,0.2436029703222764,0.09794568285161795,0.733494710681144,0.7287456970265958,0.5045937895774841
1.0,0.0,1,True,160062,5,"[[0, 48, 1, 16, 20, 44, 17, 13, 37, 10, 27, 0], [0, 21, 47, 9, 31, 38, 50, 5, 36, 40, 12, 0], [0, 42, 41, 24, 6, 19, 29, 4, 32, 39, 11, 0], [0, 14, 3, 15, 25, 2, 28, 26, 23, 30, 49, 0], [0, 35, 18, 34, 33, 43, 8, 7, 22, 46, 45, 0]]",3.2152845647506183,0.0827147379103634,1.1941694339038804,0.16358297287176052,0.2829695089449964,0.11078176719928526,0.7240874004310356,0.7171089177349231,0.5045937895774841
1.0,0.0,2,True,159975,5,"[[0, 27, 35, 18, 34, 33, 36, 31, 9, 47, 21, 0], [0, 48, 20, 44, 17, 13, 37, 10, 40, 12, 49, 0], [0, 1, 16, 15, 45, 25, 2, 28, 26, 23, 30, 0], [0, 42, 41, 24, 6, 19, 29, 4, 32, 39, 11, 0], [0, 46, 22, 7, 8, 43, 5, 50, 38, 3, 14, 0]]",3.42138568192604,0.08997135837044981,1.1941694339038804,0.16358297287176052,0.24012975940305803,0.09145672083196558,0.7353151056494249,0.7286753172592814,0.5045937895774841
1.0,0.0,3,True,159975,5,"[[0, 48, 49, 12, 40, 10, 37, 13, 17, 44, 20, 0], [0, 27, 35, 18, 34, 33, 36, 31, 9, 47, 21, 0], [0, 1, 16, 15, 45, 25, 2, 28, 26, 23, 30, 0], [0, 42, 41, 24, 6, 19, 29, 4, 32, 39, 11, 0], [0, 46, 22, 7, 8, 43, 5, 50, 38, 3, 14, 0]]",3.42138568192604,0.08997135837044981,1.1941694339038804,0.16358297287176052,0.24012975940305803,0.09145672083196558,0.7353151056494249,0.7286753172592814,0.5045937895774841
1.0,0.0,4,True,159291,5,"[[0, 20, 44, 38, 50, 5, 43, 8, 7, 22, 46, 0], [0, 15, 45, 11, 39, 32, 4, 29, 47, 21, 27, 0], [0, 30, 23, 26, 28, 2, 25, 16, 3, 14, 42, 0], [0, 37, 10, 35, 18, 34, 33, 36, 31, 9, 40, 0], [0, 1, 41, 24, 19, 6, 17, 13, 12, 49, 48, 0]]",2.960136771405814,0.05386160848368155,0.9454806622525211,0.10740506542580468,0.25587853966927754,0.07230627495399303,0.7037858899799869,0.6910697316172435,0.5045937895774841
1.0,0.0,5,True,159975,5,"[[0, 48, 20, 44, 17, 13, 37, 10, 40, 49, 12, 0], [0, 27, 35, 18, 34, 33, 36, 31, 9, 47, 21, 0], [0, 46, 22, 7, 8, 43, 5, 50, 38, 3, 14, 0], [0, 1, 16, 15, 45, 25, 2, 28, 26, 23, 30, 0], [0, 11, 39, 32, 4, 29, 19, 6, 24, 41, 42, 0]]",3.4201228089805227,0.08997135837044981,1.1929065609583631,0.16358297287176052,0.23992302852836733,0.09119940433259224,0.7359274535565554,0.7289443790432081,0.5045937895774841
1.0,0.0,6,True,159291,5,"[[0, 27, 21, 47, 29, 4, 32, 39, 11, 45, 15, 0], [0, 20, 44, 38, 50, 5, 43, 8, 7, 22, 46, 0], [0, 1, 41, 24, 19, 6, 17, 13, 12, 49, 48, 0], [0, 30, 23, 26, 28, 2, 25, 16, 3, 14, 42, 0], [0, 40, 9, 31, 36, 33, 34, 18, 35, 10, 37, 0]]",2.9619827542628627,0.05386160848368155,0.9454806622525211,0.10740506542580468,0.25522048935465325,0.07202835956140646,0.7007793414926642,0.6881545238939821,0.5045937895774841
1.0,0.0,7,True,159975,5,"[[0, 48, 20, 44, 17, 13, 10, 37, 40, 12, 49, 0], [0, 14, 3, 38, 50, 5, 43, 8, 7, 22, 46, 0], [0, 1, 16, 15, 45, 25, 2, 28, 26, 23, 30, 0], [0, 42, 41, 24, 6, 19, 29, 4, 32, 39, 11, 0], [0, 21, 47, 9, 31, 36, 33, 34, 18, 35, 27, 0]]",3.0854877980600577,0.06341791005038164,1.1941694339038804,0.16358297287176052,0.320112612032067,0.1282270412752267,0.7128713660679311,0.7010524743260779,0.5045937895774841
1.0,0.0,8,True,159976,5,"[[0, 46, 22, 7, 8, 43, 36, 31, 9, 47, 21, 0], [0, 42, 41, 24, 6, 19, 29, 4, 32, 39, 11, 0], [0, 30, 23, 26, 28, 2, 25, 45, 15, 16, 1, 0], [0, 14, 3, 38, 50, 5, 33, 34, 18, 35, 27, 0], [0, 12, 49, 40, 10, 37, 13, 17, 44, 20, 48, 0]]",3.4232316647830885,0.08997135837044981,1.1941694339038804,0.16358297287176052,0.23271697352762044,0.08559064381525922,0.7340853645479335,0.728282377991439,0.5045937895774841
1.0,0.0,9,True,160205,5,"[[0, 48, 45, 11, 25, 2, 28, 26, 23, 30, 49, 0], [0, 1, 46, 22, 7, 8, 43, 5, 50, 38, 39, 0], [0, 41, 24, 6, 19, 29, 4, 32, 47, 21, 27, 0], [0, 42, 16, 15, 3, 14, 12, 13, 17, 44, 20, 0], [0, 37, 10, 35, 18, 34, 33, 36, 31, 9, 40, 0]]",3.228742986699217,0.060365163034906515,1.4794820168754086,0.15705365594476461,0.3206763841253024,0.18737136815558356,0.7193963702801118,0.7080621143513394,0.5045937895774841
