beta,lambda_concentration,seed,is_feasible,pyvrp_cost,num_routes,routes,global_risk,global_cvar90,max_vehicle_risk,max_vehicle_cvar90,vehicle_risk_gini,risk_variance,edge_burden_gini_used,top10_burden_share,max_edge_burden
0.0,0.0,0,True,145999,5,"[[0, 44, 14, 3, 15, 41, 11, 1, 37, 38, 50, 0], [0, 42, 7, 8, 34, 17, 9, 47, 43, 26, 33, 0], [0, 45, 12, 13, 24, 32, 46, 23, 10, 18, 19, 0], [0, 40, 25, 20, 35, 4, 16, 28, 30, 21, 29, 0], [0, 36, 31, 6, 22, 2, 48, 5, 39, 49, 27, 0]]",8.32720710541062,0.19354864955259396,3.3620793880201147,0.47360381216696873,0.2782579087027275,0.8169833110858743,0.8556120196799273,0.890776074726797,0.8515648207190131
0.0,0.0,1,True,145999,5,"[[0, 6, 22, 5, 2, 48, 43, 9, 47, 31, 36, 0], [0, 12, 45, 13, 24, 32, 46, 23, 10, 18, 19, 0], [0, 27, 49, 39, 17, 34, 8, 7, 30, 21, 29, 0], [0, 33, 26, 28, 16, 4, 35, 20, 25, 40, 44, 0], [0, 14, 3, 15, 42, 41, 11, 1, 37, 38, 50, 0]]",9.152758390890838,0.214532968852076,3.0803347372975103,0.46927550906289306,0.265219035764491,0.7523405386393288,0.8703748910496827,0.9028959270020109,1.7031296414380261
0.0,0.0,2,True,146664,5,"[[0, 27, 49, 39, 17, 34, 8, 7, 16, 12, 45, 0], [0, 35, 4, 6, 22, 5, 43, 47, 9, 31, 36, 0], [0, 33, 26, 28, 30, 48, 2, 20, 25, 40, 19, 0], [0, 14, 3, 15, 42, 41, 11, 1, 37, 38, 50, 0], [0, 29, 21, 18, 10, 23, 46, 32, 24, 13, 44, 0]]",7.27859083278819,0.18108962829335978,2.824054455742031,0.45540898862761525,0.2712339974117153,0.5617590809457452,0.8557745915994581,0.8850790807739856,0.8515648207190131
0.0,0.0,3,True,146664,5,"[[0, 44, 50, 38, 37, 1, 41, 11, 15, 3, 14, 0], [0, 19, 18, 21, 29, 10, 23, 46, 32, 24, 13, 0], [0, 45, 12, 42, 7, 8, 34, 17, 39, 49, 27, 0], [0, 16, 35, 4, 6, 22, 5, 30, 28, 26, 33, 0], [0, 40, 25, 20, 2, 48, 43, 47, 9, 31, 36, 0]]",8.884587999890408,0.28563004707354617,3.1185447324666966,0.4717980240696075,0.25670487318063384,0.7775459432864325,0.8554744051400367,0.8841517283185613,0.8515648207190131
0.0,0.0,4,True,147330,5,"[[0, 36, 31, 9, 47, 43, 48, 2, 20, 25, 40, 0], [0, 45, 12, 13, 24, 32, 46, 23, 10, 29, 44, 0], [0, 14, 3, 15, 42, 11, 41, 1, 37, 38, 50, 0], [0, 21, 35, 4, 6, 22, 5, 30, 28, 26, 33, 0], [0, 27, 49, 39, 17, 34, 8, 7, 16, 18, 19, 0]]",8.065902114046224,0.1870860844565481,2.546597512888353,0.34922864082048233,0.2325547878984362,0.464122616733264,0.8567524932940538,0.8918481378562898,0.8515648207190131
0.0,0.0,5,True,147330,5,"[[0, 27, 49, 39, 48, 2, 43, 9, 47, 31, 36, 0], [0, 14, 3, 15, 42, 11, 41, 1, 37, 38, 50, 0], [0, 33, 26, 28, 30, 8, 17, 34, 7, 16, 45, 0], [0, 12, 35, 4, 6, 22, 5, 20, 25, 40, 44, 0], [0, 29, 21, 13, 24, 32, 46, 23, 10, 18, 19, 0]]",8.621203627670516,0.274211986584829,2.9932663437257006,0.39507870087558566,0.23512366441025567,0.6018598044570358,0.8516016966636901,0.8649117836522877,0.8515648207190131
0.0,0.0,6,True,147330,5,"[[0, 50, 38, 37, 1, 41, 11, 15, 3, 14, 45, 0], [0, 36, 31, 9, 47, 43, 2, 48, 39, 49, 27, 0], [0, 40, 25, 20, 5, 22, 6, 4, 35, 16, 12, 0], [0, 13, 24, 32, 46, 23, 10, 29, 21, 18, 19, 0], [0, 42, 7, 34, 17, 8, 30, 28, 26, 33, 44, 0]]",8.973172517419624,0.28778360636642125,2.574390600768224,0.38684357061098723,0.2034880162218875,0.4527716375304308,0.8555145762873839,0.8852550690154917,0.8515648207190131
0.0,0.0,7,True,146664,5,"[[0, 19, 18, 10, 23, 46, 32, 24, 13, 21, 29, 0], [0, 33, 26, 28, 30, 5, 22, 6, 4, 35, 44, 0], [0, 12, 45, 16, 7, 8, 34, 17, 39, 49, 27, 0], [0, 40, 25, 20, 2, 48, 43, 47, 9, 31, 36, 0], [0, 14, 3, 15, 42, 11, 41, 1, 37, 38, 50, 0]]",8.207252306020461,0.2622539063156191,2.5461630461072233,0.3229360507663685,0.18693559203351628,0.3098222727587783,0.8515883411185672,0.8782751707999753,0.8515648207190131
0.0,0.0,8,True,147330,5,"[[0, 14, 3, 15, 42, 11, 41, 1, 37, 38, 50, 0], [0, 12, 45, 13, 46, 23, 10, 29, 21, 18, 19, 0], [0, 32, 24, 6, 22, 5, 48, 2, 20, 25, 40, 0], [0, 36, 31, 47, 9, 43, 30, 28, 26, 33, 44, 0], [0, 27, 49, 39, 17, 34, 8, 7, 16, 4, 35, 0]]",8.987798592116729,0.2793902726249164,2.6674641128130427,0.35284770190301323,0.1808468388654214,0.3495092832736407,0.8570132409982054,0.877411675088457,0.8515648207190131
0.0,0.0,9,True,145999,5,"[[0, 14, 3, 15, 42, 41, 11, 1, 37, 38, 50, 0], [0, 27, 49, 39, 17, 34, 8, 7, 30, 21, 29, 0], [0, 12, 45, 13, 24, 32, 46, 23, 10, 18, 19, 0], [0, 44, 40, 25, 20, 35, 4, 16, 28, 26, 33, 0], [0, 6, 22, 5, 48, 2, 43, 47, 9, 31, 36, 0]]",9.153131503180045,0.214532968852076,3.0803347372975103,0.46927550906289306,0.2652245298879057,0.7524423509944916,0.869702166288219,0.9028591219406912,1.7031296414380261
1.0,0.0,0,True,177805,5,"[[0, 19, 16, 7, 8, 23, 10, 18, 21, 45, 12, 0], [0, 36, 31, 40, 25, 20, 5, 46, 32, 24, 13, 0], [0, 35, 4, 6, 22, 34, 17, 39, 49, 37, 27, 0], [0, 33, 26, 30, 28, 2, 48, 47, 9, 43, 29, 0], [0, 1, 42, 11, 41, 15, 3, 14, 38, 50, 44, 0]]",3.964226954907737,0.10528429830013555,1.7192264125322774,0.18925294332668144,0.41391238208945325,0.3795266907811822,0.8032855733376125,0.8049349757196709,0.5762198499812283
1.0,0.0,1,True,178106,5,"[[0, 44, 50, 38, 14, 3, 15, 11, 41, 42, 1, 0], [0, 48, 2, 47, 9, 43, 35, 4, 18, 21, 29, 0], [0, 33, 26, 30, 28, 16, 7, 8, 23, 10, 19, 0], [0, 27, 37, 49, 39, 17, 34, 22, 6, 12, 45, 0], [0, 13, 24, 32, 46, 5, 20, 25, 40, 31, 36, 0]]",4.250628943536757,0.11009669272477268,1.3019590329741917,0.14248796365672398,0.2559283609384353,0.16100827687624897,0.800822451159918,0.8068696738164024,0.5762198499812283
1.0,0.0,2,True,177805,5,"[[0, 36, 31, 40, 25, 20, 5, 46, 32, 24, 13, 0], [0, 45, 12, 21, 18, 10, 23, 8, 7, 16, 19, 0], [0, 35, 4, 6, 22, 34, 17, 39, 49, 37, 27, 0], [0, 1, 42, 11, 41, 15, 3, 14, 38, 50, 44, 0], [0, 33, 26, 30, 28, 2, 48, 47, 9, 43, 29, 0]]",3.9642478451045875,0.10528429830013554,1.7192264125322774,0.18925294332668144,0.4139059851966218,0.3795214416998268,0.8034413270344829,0.8049307339944429,0.5762198499812283
1.0,0.0,3,True,178106,5,"[[0, 33, 26, 30, 28, 16, 7, 8, 23, 10, 19, 0], [0, 36, 31, 40, 25, 20, 5, 46, 32, 24, 13, 0], [0, 27, 37, 49, 39, 17, 34, 22, 6, 12, 45, 0], [0, 50, 38, 14, 3, 15, 11, 41, 42, 1, 44, 0], [0, 29, 21, 18, 4, 35, 43, 9, 47, 2, 48, 0]]",4.245480779303449,0.1100966927247727,1.2988511214817768,0.14248796365672398,0.2558452921691168,0.16080740855124356,0.8020974835730679,0.8078481018936019,0.5762198499812283
1.0,0.0,4,True,179467,5,"[[0, 44, 19, 16, 7, 8, 24, 32, 46, 31, 36, 0], [0, 13, 23, 10, 18, 21, 20, 25, 40, 12, 45, 0], [0, 33, 26, 30, 28, 47, 9, 2, 48, 41, 15, 0], [0, 27, 37, 49, 39, 17, 34, 3, 14, 38, 50, 0], [0, 1, 11, 42, 5, 22, 6, 4, 35, 43, 29, 0]]",3.560125622682305,0.08812445180336313,1.2721565086376045,0.1411282171463438,0.34667280222934793,0.1998951163442124,0.7847642945031095,0.7778450251843133,0.5762198499812283
1.0,0.0,5,True,178347,5,"[[0, 29, 43, 47, 9, 2, 48, 28, 30, 26, 33, 0], [0, 19, 16, 7, 8, 34, 17, 39, 49, 37, 27, 0], [0, 35, 4, 6, 22, 5, 20, 25, 40, 31, 36, 0], [0, 1, 42, 41, 11, 15, 3, 14, 38, 50, 44, 0], [0, 12, 45, 13, 24, 32, 46, 23, 10, 18, 21, 0]]",4.290692245849103,0.10902983510892784,1.7192264125322774,0.18925294332668144,0.3393376930804768,0.2971158937615173,0.8058178273987442,0.8142852072437984,0.5762198499812283
1.0,0.0,6,True,178912,5,"[[0, 12, 45, 40, 25, 20, 21, 18, 10, 23, 13, 0], [0, 36, 31, 46, 32, 24, 37, 49, 27, 44, 50, 0], [0, 38, 14, 3, 34, 17, 39, 8, 7, 16, 19, 0], [0, 15, 41, 42, 5, 22, 6, 4, 35, 43, 29, 0], [0, 1, 11, 2, 48, 9, 47, 28, 30, 26, 33, 0]]",3.2339853780146957,0.07919939868542618,1.203628152057288,0.1411282171463438,0.28403127090325353,0.1136244778423769,0.7663375597730728,0.7515354322848864,0.5618464682764113
1.0,0.0,7,True,177805,5,"[[0, 12, 45, 21, 18, 10, 23, 8, 7, 16, 19, 0], [0, 33, 26, 30, 28, 2, 48, 9, 47, 43, 29, 0], [0, 44, 50, 38, 14, 3, 15, 11, 41, 42, 1, 0], [0, 36, 31, 40, 25, 20, 5, 46, 32, 24, 13, 0], [0, 27, 37, 49, 39, 17, 34, 22, 6, 4, 35, 0]]",3.9642478451045875,0.10528429830013557,1.7192264125322774,0.18925294332668144,0.41390598519662203,0.3795214416998268,0.8034413270344829,0.804930733994443,0.5762198499812283
1.0,0.0,8,True,178966,5,"[[0, 29, 43, 4, 35, 20, 25, 40, 31, 36, 44, 0], [0, 27, 49, 37, 24, 32, 46, 5, 22, 6, 12, 0], [0, 1, 42, 7, 16, 8, 39, 17, 34, 3, 15, 0], [0, 41, 11, 2, 48, 47, 9, 28, 30, 26, 33, 0], [0, 19, 21, 18, 10, 23, 13, 45, 14, 38, 50, 0]]",3.593061804275366,0.08876876138424537,1.1728321478474846,0.1411282171463438,0.2403549089063599,0.0968449712104584,0.7784420457060834,0.7712162679804726,0.5618464682764113
1.0,0.0,9,True,178699,5,"[[0, 27, 49, 37, 1, 11, 15, 3, 14, 38, 50, 0], [0, 44, 45, 12, 34, 17, 39, 8, 7, 16, 19, 0], [0, 33, 26, 30, 28, 47, 9, 2, 48, 41, 42, 0], [0, 36, 31, 40, 25, 20, 21, 18, 10, 23, 13, 0], [0, 24, 32, 46, 5, 22, 6, 4, 35, 43, 29, 0]]",3.657571373393907,0.0915646648802659,1.2896972658596753,0.1411282171463438,0.3328638956569352,0.19698344845806928,0.7903249921098698,0.7828732419044955,0.5618464682764113
