beta,lambda_concentration,seed,is_feasible,pyvrp_cost,num_routes,routes,global_risk,global_cvar90,max_vehicle_risk,max_vehicle_cvar90,vehicle_risk_gini,risk_variance,edge_burden_gini_used,top10_burden_share,max_edge_burden
0.0,0.0,0,True,133997,5,"[[0, 14, 42, 41, 1, 45, 11, 15, 3, 16, 48, 0], [0, 18, 32, 4, 29, 19, 6, 24, 40, 20, 44, 0], [0, 27, 35, 5, 36, 28, 26, 23, 30, 12, 49, 0], [0, 46, 22, 7, 8, 43, 33, 34, 2, 25, 39, 0], [0, 17, 13, 10, 37, 50, 38, 31, 9, 47, 21, 0]]",6.665311083728739,0.19958663145080208,2.268355028470978,0.34730983013287187,0.1731251451675868,0.2368872014106534,0.8728286729572277,0.8944110663424046,0.9035153985023499
0.0,0.0,1,True,133997,5,"[[0, 17, 13, 10, 37, 50, 38, 31, 9, 47, 21, 0], [0, 18, 32, 4, 29, 6, 19, 24, 40, 20, 44, 0], [0, 14, 42, 41, 1, 11, 45, 15, 3, 16, 48, 0], [0, 46, 22, 7, 8, 43, 33, 34, 2, 25, 39, 0], [0, 27, 35, 5, 36, 28, 26, 23, 30, 12, 49, 0]]",6.665311083728739,0.19958663145080208,2.268355028470978,0.34730983013287187,0.1731251451675868,0.2368872014106534,0.8728286729572277,0.8944110663424046,0.9035153985023499
0.0,0.0,2,True,133998,5,"[[0, 16, 3, 15, 45, 11, 1, 41, 42, 14, 48, 0], [0, 25, 2, 34, 33, 43, 8, 7, 22, 46, 39, 0], [0, 38, 31, 9, 47, 21, 27, 23, 30, 49, 12, 0], [0, 26, 28, 36, 5, 35, 10, 37, 50, 13, 17, 0], [0, 44, 20, 40, 24, 6, 19, 29, 4, 32, 18, 0]]",8.501551206347358,0.29887099306170756,2.4706911440589465,0.42672953605651853,0.2533001039045475,0.6355483551246367,0.876100506757852,0.8995402001961866,0.9035153985023499
0.0,0.0,3,True,133997,5,"[[0, 39, 25, 2, 36, 28, 26, 23, 30, 49, 18, 0], [0, 44, 20, 40, 24, 19, 6, 4, 32, 29, 12, 0], [0, 17, 13, 10, 37, 50, 38, 31, 9, 47, 21, 0], [0, 46, 22, 7, 8, 43, 5, 34, 33, 35, 27, 0], [0, 14, 42, 41, 1, 11, 45, 15, 3, 16, 48, 0]]",7.978942625988566,0.2800191741866561,2.977258115177392,0.47202693422635394,0.2607400253842893,0.6159101867562555,0.8926796327488078,0.9146101835401342,1.6943957805633545
0.0,0.0,4,True,133997,5,"[[0, 48, 14, 42, 41, 1, 45, 11, 15, 3, 16, 0], [0, 44, 20, 40, 24, 19, 6, 4, 32, 29, 12, 0], [0, 25, 2, 34, 33, 43, 8, 7, 22, 46, 39, 0], [0, 27, 35, 5, 36, 28, 26, 23, 30, 18, 49, 0], [0, 17, 13, 10, 37, 50, 38, 31, 9, 47, 21, 0]]",7.5416021112541785,0.22224426810299197,2.879355696597486,0.540696057677269,0.3014821269219141,0.6952358641848729,0.8930944259231932,0.9113193644433473,1.6943957805633545
0.0,0.0,5,True,133999,5,"[[0, 16, 3, 14, 42, 41, 1, 45, 39, 11, 15, 0], [0, 18, 32, 4, 29, 6, 19, 24, 40, 20, 44, 0], [0, 25, 2, 34, 33, 35, 10, 37, 50, 13, 17, 0], [0, 46, 22, 7, 8, 43, 5, 36, 28, 26, 12, 0], [0, 48, 38, 31, 9, 47, 21, 27, 23, 30, 49, 0]]",8.769522597845935,0.30764572179088223,2.268355028470978,0.4319065932650119,0.12279795153230344,0.14782026178033886,0.8744845720074534,0.8916072271120196,0.9035153985023499
0.0,0.0,6,True,133997,5,"[[0, 16, 3, 14, 42, 41, 1, 45, 11, 39, 48, 0], [0, 15, 46, 22, 7, 8, 43, 17, 13, 18, 49, 0], [0, 27, 35, 10, 37, 50, 38, 31, 9, 47, 21, 0], [0, 12, 29, 4, 32, 6, 19, 24, 40, 20, 44, 0], [0, 25, 2, 34, 33, 5, 36, 28, 26, 23, 30, 0]]",7.864316522456647,0.23269604522013856,2.0667323148663854,0.2844414561986923,0.1748751815048475,0.2633157446695152,0.8964149313723149,0.9183513737445179,1.6943957805633545
0.0,0.0,7,True,133998,5,"[[0, 13, 17, 43, 33, 34, 5, 2, 25, 45, 11, 0], [0, 16, 1, 41, 42, 12, 49, 14, 3, 15, 48, 0], [0, 44, 20, 40, 24, 19, 6, 29, 4, 32, 18, 0], [0, 30, 23, 26, 28, 36, 8, 7, 22, 46, 39, 0], [0, 21, 47, 9, 31, 38, 50, 37, 10, 35, 27, 0]]",7.798736502161773,0.21660592542453247,2.4305215127023985,0.37532136325413984,0.24546974775105523,0.5269085372254988,0.8774977821654653,0.9034862174764082,0.9035153985023499
0.0,0.0,8,True,133998,5,"[[0, 48, 14, 42, 41, 1, 45, 11, 15, 3, 16, 0], [0, 49, 18, 12, 29, 32, 4, 6, 19, 24, 40, 0], [0, 44, 20, 34, 33, 5, 36, 28, 26, 23, 30, 0], [0, 17, 13, 37, 10, 35, 22, 43, 8, 7, 46, 0], [0, 27, 21, 47, 9, 31, 38, 50, 2, 25, 39, 0]]",7.60014733538992,0.2648266844021586,2.780483269627439,0.5168774098157882,0.25100357056345857,0.5129419996426186,0.892559551263177,0.9093362431005738,1.6943957805633545
0.0,0.0,9,True,133997,5,"[[0, 48, 15, 45, 11, 1, 41, 42, 14, 3, 16, 0], [0, 27, 35, 5, 36, 28, 26, 23, 30, 12, 49, 0], [0, 21, 47, 9, 31, 38, 50, 37, 10, 13, 17, 0], [0, 25, 2, 34, 33, 43, 8, 7, 22, 46, 39, 0], [0, 44, 20, 40, 24, 6, 19, 29, 4, 32, 18, 0]]",6.380967101205897,0.20375645100804313,2.4295378561946563,0.37532136325413984,0.2558783953948851,0.4244186598757045,0.8752127950002349,0.8940311030364545,0.9035153985023499
2.0,1.0,0,True,173542,5,"[[0, 40, 6, 19, 24, 41, 4, 29, 44, 17, 13, 0], [0, 27, 21, 47, 32, 39, 11, 45, 15, 16, 42, 0], [0, 37, 10, 35, 18, 34, 33, 50, 38, 3, 14, 0], [0, 46, 22, 7, 8, 43, 9, 31, 36, 5, 20, 0], [0, 1, 25, 2, 28, 26, 23, 30, 12, 49, 48, 0]]",1.414739711326547,0.023392586771285896,0.36871271376730874,0.036840105429291725,0.13880244023035004,0.005201744528775178,0.666268070408431,0.5741959272557892,0.1595465987920761
2.0,1.0,1,True,173542,5,"[[0, 37, 10, 35, 18, 34, 33, 50, 38, 3, 14, 0], [0, 48, 49, 12, 30, 23, 26, 28, 2, 25, 1, 0], [0, 46, 22, 7, 8, 43, 9, 31, 36, 5, 20, 0], [0, 40, 6, 19, 24, 41, 4, 29, 44, 17, 13, 0], [0, 27, 21, 47, 32, 39, 45, 11, 15, 16, 42, 0]]",1.414739711326547,0.023392586771285896,0.36871271376730874,0.036840105429291725,0.13880244023035004,0.005201744528775178,0.666268070408431,0.5741959272557892,0.1595465987920761
2.0,1.0,2,True,173542,5,"[[0, 42, 16, 15, 11, 45, 39, 32, 47, 21, 27, 0], [0, 48, 49, 12, 30, 23, 26, 28, 2, 25, 1, 0], [0, 13, 17, 44, 29, 4, 41, 24, 19, 6, 40, 0], [0, 37, 10, 35, 18, 34, 33, 50, 38, 3, 14, 0], [0, 46, 22, 7, 8, 43, 9, 31, 36, 5, 20, 0]]",1.4189063252415508,0.023392586771285896,0.36871271376730874,0.036840105429291725,0.13722024857684567,0.005176886265464056,0.6670923455343063,0.5741349609363526,0.1595465987920761
2.0,1.0,3,True,173722,5,"[[0, 14, 12, 49, 30, 23, 26, 28, 2, 25, 48, 0], [0, 15, 3, 38, 50, 33, 34, 18, 35, 10, 37, 0], [0, 27, 21, 47, 32, 39, 11, 45, 1, 16, 42, 0], [0, 40, 6, 19, 24, 41, 4, 29, 44, 17, 13, 0], [0, 20, 5, 36, 31, 9, 43, 8, 7, 22, 46, 0]]",1.4265727462479845,0.022961317095905542,0.39571190992137417,0.036840105429291725,0.17242686168687404,0.008161562625406207,0.6496529600135086,0.5566423824017068,0.1595465987920761
2.0,1.0,4,True,173542,5,"[[0, 42, 16, 15, 11, 45, 39, 32, 47, 21, 27, 0], [0, 37, 10, 35, 18, 34, 33, 50, 38, 3, 14, 0], [0, 48, 49, 12, 30, 23, 26, 28, 2, 25, 1, 0], [0, 40, 6, 19, 24, 41, 4, 29, 44, 17, 13, 0], [0, 20, 5, 36, 31, 9, 43, 8, 7, 22, 46, 0]]",1.414739711326547,0.023392586771285896,0.36871271376730874,0.036840105429291725,0.13880244023035004,0.005201744528775178,0.666268070408431,0.5741959272557892,0.1595465987920761
2.0,1.0,5,True,173542,5,"[[0, 40, 6, 19, 24, 41, 4, 29, 44, 17, 13, 0], [0, 20, 5, 36, 31, 9, 43, 8, 7, 22, 46, 0], [0, 14, 3, 38, 50, 33, 34, 18, 35, 10, 37, 0], [0, 1, 25, 2, 28, 26, 23, 30, 12, 49, 48, 0], [0, 42, 16, 15, 11, 45, 39, 32, 47, 21, 27, 0]]",1.4160802672849968,0.023392586771285896,0.36871271376730874,0.036840105429291725,0.13791370727210395,0.005136600629068021,0.6613178612168487,0.5676696577040311,0.1595465987920761
2.0,1.0,6,True,173542,5,"[[0, 42, 16, 15, 45, 11, 39, 32, 47, 21, 27, 0], [0, 13, 17, 44, 29, 4, 41, 24, 19, 6, 40, 0], [0, 48, 49, 12, 30, 23, 26, 28, 2, 25, 1, 0], [0, 37, 10, 35, 18, 34, 33, 50, 38, 3, 14, 0], [0, 20, 5, 36, 31, 9, 43, 8, 7, 22, 46, 0]]",1.4189063252415508,0.023392586771285896,0.36871271376730874,0.036840105429291725,0.13722024857684567,0.005176886265464055,0.6670923455343063,0.5741349609363526,0.1595465987920761
2.0,1.0,7,True,173542,5,"[[0, 46, 22, 7, 8, 43, 9, 31, 36, 5, 20, 0], [0, 27, 21, 47, 32, 39, 45, 11, 15, 16, 42, 0], [0, 13, 17, 44, 29, 4, 41, 24, 19, 6, 40, 0], [0, 48, 49, 12, 30, 23, 26, 28, 2, 25, 1, 0], [0, 37, 10, 35, 18, 34, 33, 50, 38, 3, 14, 0]]",1.4189063252415508,0.023392586771285896,0.36871271376730874,0.036840105429291725,0.13722024857684567,0.005176886265464055,0.6670923455343063,0.5741349609363526,0.1595465987920761
2.0,1.0,8,True,173542,5,"[[0, 1, 25, 2, 28, 26, 23, 30, 12, 49, 48, 0], [0, 46, 22, 7, 8, 43, 9, 31, 36, 5, 20, 0], [0, 42, 16, 15, 11, 45, 39, 32, 47, 21, 27, 0], [0, 37, 10, 35, 18, 34, 33, 50, 38, 3, 14, 0], [0, 40, 6, 19, 24, 41, 4, 29, 44, 17, 13, 0]]",1.414739711326547,0.023392586771285896,0.36871271376730874,0.036840105429291725,0.13880244023035004,0.005201744528775178,0.666268070408431,0.5741959272557892,0.1595465987920761
2.0,1.0,9,True,173564,5,"[[0, 49, 12, 30, 23, 26, 28, 2, 25, 45, 1, 0], [0, 14, 3, 38, 50, 33, 34, 18, 35, 10, 37, 0], [0, 20, 5, 36, 31, 9, 43, 8, 7, 22, 46, 0], [0, 40, 6, 19, 24, 41, 4, 29, 44, 17, 13, 0], [0, 42, 16, 15, 11, 39, 32, 47, 21, 27, 48, 0]]",1.4160802672849968,0.023392586771285896,0.3816937508818228,0.036908323876559734,0.14158045905571637,0.005344191933915962,0.6613178612168487,0.5676696577040311,0.1595465987920761
