beta,lambda_concentration,seed,is_feasible,pyvrp_cost,num_routes,routes,global_risk,global_cvar90,max_vehicle_risk,max_vehicle_cvar90,vehicle_risk_gini,risk_variance,edge_burden_gini_used,top10_burden_share,max_edge_burden
0.0,0.0,0,True,133997,5,"[[0, 14, 42, 41, 1, 45, 11, 15, 3, 16, 48, 0], [0, 18, 32, 4, 29, 19, 6, 24, 40, 20, 44, 0], [0, 27, 35, 5, 36, 28, 26, 23, 30, 12, 49, 0], [0, 46, 22, 7, 8, 43, 33, 34, 2, 25, 39, 0], [0, 17, 13, 10, 37, 50, 38, 31, 9, 47, 21, 0]]",10.53069561580196,0.3552348961193974,2.5766911460086703,0.416365422308445,0.0803727875254232,0.09353710196157511,0.818908417797023,0.8756761994692422,1.0913177728652954
0.0,0.0,1,True,133997,5,"[[0, 17, 13, 10, 37, 50, 38, 31, 9, 47, 21, 0], [0, 18, 32, 4, 29, 6, 19, 24, 40, 20, 44, 0], [0, 14, 42, 41, 1, 11, 45, 15, 3, 16, 48, 0], [0, 46, 22, 7, 8, 43, 33, 34, 2, 25, 39, 0], [0, 27, 35, 5, 36, 28, 26, 23, 30, 12, 49, 0]]",10.53069561580196,0.3552348961193974,2.5766911460086703,0.416365422308445,0.0803727875254232,0.09353710196157511,0.818908417797023,0.8756761994692422,1.0913177728652954
0.0,0.0,2,True,133998,5,"[[0, 16, 3, 15, 45, 11, 1, 41, 42, 14, 48, 0], [0, 25, 2, 34, 33, 43, 8, 7, 22, 46, 39, 0], [0, 38, 31, 9, 47, 21, 27, 23, 30, 49, 12, 0], [0, 26, 28, 36, 5, 35, 10, 37, 50, 13, 17, 0], [0, 44, 20, 40, 24, 6, 19, 29, 4, 32, 18, 0]]",12.258597476873547,0.406120033175857,3.1600477306637913,0.5211678370833397,0.1447099566386849,0.4238483756516237,0.8211593407935733,0.826741449131978,1.0913177728652954
1.0,0.0,0,True,161860,5,"[[0, 20, 44, 17, 13, 49, 14, 3, 16, 15, 48, 0], [0, 1, 39, 45, 11, 25, 2, 28, 26, 23, 30, 0], [0, 46, 22, 43, 8, 7, 36, 5, 33, 34, 18, 0], [0, 42, 41, 24, 6, 19, 4, 32, 29, 47, 21, 0], [0, 12, 40, 9, 31, 38, 50, 37, 10, 35, 27, 0]]",6.037184578599408,0.1753329547053134,2.0220058276318014,0.24764841375872493,0.1875768811766021,0.19532408941266927,0.7663380950624703,0.7892312846442698,0.8204123377799988
1.0,0.0,1,True,162409,5,"[[0, 49, 40, 9, 31, 36, 7, 8, 43, 22, 46, 0], [0, 1, 11, 45, 39, 25, 2, 28, 26, 23, 30, 0], [0, 21, 47, 29, 32, 4, 19, 6, 24, 41, 42, 0], [0, 15, 16, 20, 44, 17, 13, 37, 10, 35, 27, 0], [0, 14, 3, 38, 50, 5, 33, 34, 18, 12, 48, 0]]",5.672649186803028,0.15596803710130708,2.0220058276318014,0.24433522804507188,0.21402071288422797,0.22490401593151504,0.7583213188015259,0.7770495245272508,0.8204123377799988
1.0,0.0,2,True,162395,5,"[[0, 1, 41, 24, 6, 19, 4, 32, 29, 47, 21, 0], [0, 46, 22, 43, 8, 7, 36, 31, 9, 40, 49, 0], [0, 27, 35, 10, 37, 13, 17, 44, 20, 16, 15, 0], [0, 18, 34, 33, 5, 50, 38, 3, 14, 42, 48, 0], [0, 39, 45, 11, 25, 2, 28, 26, 23, 30, 12, 0]]",5.669474077178165,0.15596803710130708,1.4855567067861557,0.17458081724388258,0.15396411331193338,0.1021540540519041,0.7590044133106271,0.7774778986550902,0.8204123377799988
