beta,lambda_concentration,seed,is_feasible,pyvrp_cost,num_routes,routes,global_risk,global_cvar90,max_vehicle_risk,max_vehicle_cvar90,vehicle_risk_gini,risk_variance,edge_burden_gini_used,top10_burden_share,max_edge_burden
0.0,0.0,0,True,133997,5,"[[0, 14, 42, 41, 1, 45, 11, 15, 3, 16, 48, 0], [0, 18, 32, 4, 29, 19, 6, 24, 40, 20, 44, 0], [0, 27, 35, 5, 36, 28, 26, 23, 30, 12, 49, 0], [0, 46, 22, 7, 8, 43, 33, 34, 2, 25, 39, 0], [0, 17, 13, 10, 37, 50, 38, 31, 9, 47, 21, 0]]",6.739853839612109,0.1692840152772239,1.807634382931155,0.3017555630039007,0.11076057010687168,0.07579746692444875,0.8419786356863059,0.8689566470706275,0.8546266306473567
0.0,0.0,1,True,133997,5,"[[0, 17, 13, 10, 37, 50, 38, 31, 9, 47, 21, 0], [0, 18, 32, 4, 29, 6, 19, 24, 40, 20, 44, 0], [0, 14, 42, 41, 1, 11, 45, 15, 3, 16, 48, 0], [0, 46, 22, 7, 8, 43, 33, 34, 2, 25, 39, 0], [0, 27, 35, 5, 36, 28, 26, 23, 30, 12, 49, 0]]",6.73985383961211,0.16928401527722386,1.807634382931155,0.3017555630039007,0.11076057010687168,0.07579746692444875,0.8419786356863059,0.8689566470706275,0.8546266306473567
0.0,0.0,2,True,133998,5,"[[0, 16, 3, 15, 45, 11, 1, 41, 42, 14, 48, 0], [0, 25, 2, 34, 33, 43, 8, 7, 22, 46, 39, 0], [0, 38, 31, 9, 47, 21, 27, 23, 30, 49, 12, 0], [0, 26, 28, 36, 5, 35, 10, 37, 50, 13, 17, 0], [0, 44, 20, 40, 24, 6, 19, 29, 4, 32, 18, 0]]",8.490646953180544,0.29145133890542857,2.514834881096916,0.4314278626273172,0.21245270534463634,0.4404452945557663,0.850235812507536,0.8717027190336428,0.8546266306473567
0.0,0.0,3,True,133998,5,"[[0, 12, 49, 30, 23, 26, 28, 36, 5, 20, 44, 0], [0, 14, 42, 41, 1, 45, 11, 15, 3, 16, 48, 0], [0, 27, 35, 10, 37, 50, 38, 31, 9, 47, 21, 0], [0, 25, 2, 34, 33, 43, 8, 7, 22, 46, 39, 0], [0, 18, 32, 4, 29, 19, 6, 24, 40, 13, 17, 0]]",6.254511195830403,0.16456059958037067,1.9200643896037153,0.28804343866095766,0.2048781419990795,0.21037441243083296,0.839507873844803,0.8627924259177802,0.8546266306473567
0.0,0.0,4,True,133997,5,"[[0, 48, 14, 42, 41, 1, 45, 11, 15, 3, 16, 0], [0, 44, 20, 40, 24, 19, 6, 4, 32, 29, 12, 0], [0, 25, 2, 34, 33, 43, 8, 7, 22, 46, 39, 0], [0, 27, 35, 5, 36, 28, 26, 23, 30, 18, 49, 0], [0, 17, 13, 10, 37, 50, 38, 31, 9, 47, 21, 0]]",7.561573463127718,0.25660197882333924,2.979322030204626,0.5538119872658931,0.26844745895325084,0.6388976576621868,0.8610430692787017,0.885695293029274,1.6355710050972099
0.0,0.0,5,True,133999,5,"[[0, 16, 3, 14, 42, 41, 1, 45, 39, 11, 15, 0], [0, 18, 32, 4, 29, 6, 19, 24, 40, 20, 44, 0], [0, 25, 2, 34, 33, 35, 10, 37, 50, 13, 17, 0], [0, 46, 22, 7, 8, 43, 5, 36, 28, 26, 12, 0], [0, 48, 38, 31, 9, 47, 21, 27, 23, 30, 49, 0]]",8.833935998197068,0.3020553798280225,2.036715115017182,0.4242655124169141,0.05682681925061028,0.03278559351666305,0.8496685725909945,0.8646397744634161,0.8546266306473567
0.0,0.0,6,True,133997,5,"[[0, 16, 3, 14, 42, 41, 1, 45, 11, 39, 48, 0], [0, 15, 46, 22, 7, 8, 43, 17, 13, 18, 49, 0], [0, 27, 35, 10, 37, 50, 38, 31, 9, 47, 21, 0], [0, 12, 29, 4, 32, 6, 19, 24, 40, 20, 44, 0], [0, 25, 2, 34, 33, 5, 36, 28, 26, 23, 30, 0]]",7.951837911919176,0.1988807252742256,2.0457200120732235,0.37304034008187004,0.12973258483579486,0.14666501835993137,0.8686338017660999,0.8959533916853716,1.6355710050972099
0.0,0.0,7,True,133998,5,"[[0, 13, 17, 43, 33, 34, 5, 2, 25, 45, 11, 0], [0, 16, 1, 41, 42, 12, 49, 14, 3, 15, 48, 0], [0, 44, 20, 40, 24, 19, 6, 29, 4, 32, 18, 0], [0, 30, 23, 26, 28, 36, 8, 7, 22, 46, 39, 0], [0, 21, 47, 9, 31, 38, 50, 37, 10, 35, 27, 0]]",7.811253209384886,0.19424172002271783,2.473045453938191,0.24760868546930295,0.18043449864681627,0.28885371594384557,0.8470536829549913,0.8733072612963663,0.8546266306473567
0.0,0.0,8,True,133998,5,"[[0, 48, 14, 42, 41, 1, 45, 11, 15, 3, 16, 0], [0, 49, 18, 12, 29, 32, 4, 6, 19, 24, 40, 0], [0, 44, 20, 34, 33, 5, 36, 28, 26, 23, 30, 0], [0, 17, 13, 37, 10, 35, 22, 43, 8, 7, 46, 0], [0, 27, 21, 47, 9, 31, 38, 50, 2, 25, 39, 0]]",7.654398480633,0.2597528155126072,2.5825539475110033,0.4503622774830257,0.16874858500593848,0.29259914638568696,0.8603094114332568,0.8843195649094439,1.6355710050972099
0.0,0.0,9,True,133997,5,"[[0, 48, 15, 45, 11, 1, 41, 42, 14, 3, 16, 0], [0, 27, 35, 5, 36, 28, 26, 23, 30, 12, 49, 0], [0, 21, 47, 9, 31, 38, 50, 37, 10, 13, 17, 0], [0, 25, 2, 34, 33, 43, 8, 7, 22, 46, 39, 0], [0, 44, 20, 40, 24, 6, 19, 29, 4, 32, 18, 0]]",6.389394736614522,0.16399123970388374,1.8774586620060048,0.3017555630039007,0.17797650918599817,0.18381903765646887,0.841506467879962,0.864631949994318,0.8546266306473567
1.0,0.0,0,True,156839,5,"[[0, 1, 16, 3, 15, 25, 2, 28, 26, 23, 30, 0], [0, 20, 44, 40, 6, 19, 24, 41, 42, 14, 48, 0], [0, 27, 21, 47, 29, 4, 32, 18, 35, 10, 37, 0], [0, 45, 46, 22, 7, 8, 43, 17, 13, 12, 49, 0], [0, 11, 39, 9, 31, 38, 50, 5, 36, 33, 34, 0]]",2.9538778835738486,0.06978764775601559,1.0141096478180274,0.1147081251766091,0.28913795640182705,0.09349314207194696,0.7336272665286632,0.7243128766683622,0.40452492483833324
1.0,0.0,1,True,156835,5,"[[0, 48, 15, 45, 11, 39, 1, 16, 3, 14, 42, 0], [0, 37, 10, 35, 18, 34, 33, 5, 36, 49, 12, 0], [0, 25, 2, 28, 26, 23, 30, 13, 17, 44, 20, 0], [0, 41, 24, 19, 6, 32, 4, 29, 47, 21, 27, 0], [0, 46, 22, 7, 8, 43, 50, 38, 31, 9, 40, 0]]",3.074815944382637,0.07135010743815871,1.294981586587394,0.15549104877625172,0.31218678576910874,0.1372007844083735,0.7486872933855571,0.7355051487928392,0.42090742776725754
1.0,0.0,2,True,156839,5,"[[0, 45, 46, 22, 7, 8, 43, 17, 13, 12, 49, 0], [0, 30, 23, 26, 28, 2, 25, 15, 3, 16, 1, 0], [0, 48, 14, 42, 41, 24, 19, 6, 40, 44, 20, 0], [0, 27, 21, 47, 29, 4, 32, 18, 35, 10, 37, 0], [0, 11, 39, 9, 31, 38, 50, 36, 5, 33, 34, 0]]",2.852285796437771,0.06864648197812909,0.9125175606819499,0.1147081251766091,0.270942184676372,0.07794153768325623,0.7267898005625217,0.714041466113702,0.40452492483833324
1.0,0.0,3,True,156932,5,"[[0, 1, 16, 3, 14, 42, 41, 24, 6, 19, 12, 0], [0, 48, 15, 11, 25, 2, 28, 26, 23, 30, 49, 0], [0, 40, 34, 33, 36, 5, 43, 8, 7, 22, 46, 0], [0, 27, 21, 47, 29, 4, 32, 18, 35, 10, 37, 0], [0, 20, 44, 17, 13, 50, 38, 31, 9, 39, 45, 0]]",2.9616361009472945,0.07509498061274025,0.8609214924438889,0.1147081251766091,0.21003101234583688,0.05151261484223306,0.7422853130435567,0.7352485865617495,0.40452492483833324
1.0,0.0,4,True,156839,5,"[[0, 48, 14, 42, 41, 24, 19, 6, 40, 44, 20, 0], [0, 12, 49, 13, 17, 43, 8, 7, 22, 46, 45, 0], [0, 1, 16, 3, 15, 25, 2, 28, 26, 23, 30, 0], [0, 27, 21, 47, 29, 4, 32, 18, 35, 10, 37, 0], [0, 11, 39, 9, 31, 38, 50, 5, 36, 33, 34, 0]]",2.852285796437771,0.06864648197812909,0.9125175606819499,0.1147081251766091,0.270942184676372,0.07794153768325625,0.7267898005625217,0.7140414661137019,0.40452492483833324
1.0,0.0,5,True,156765,5,"[[0, 15, 3, 16, 11, 25, 2, 28, 26, 23, 30, 0], [0, 40, 5, 36, 31, 9, 43, 8, 7, 22, 46, 0], [0, 12, 49, 13, 17, 6, 19, 24, 41, 42, 14, 0], [0, 27, 21, 47, 29, 4, 32, 39, 45, 1, 48, 0], [0, 20, 44, 38, 50, 33, 34, 18, 35, 10, 37, 0]]",2.8524751384197393,0.06622279088210978,0.8167409987096379,0.05823168761088698,0.1565068192665071,0.02700006700258841,0.7282116075137317,0.716359735354317,0.40452492483833324
1.0,0.0,6,True,156967,5,"[[0, 40, 5, 34, 33, 43, 8, 7, 22, 46, 45, 0], [0, 30, 23, 26, 28, 2, 25, 16, 3, 14, 42, 0], [0, 27, 21, 47, 29, 4, 32, 18, 35, 10, 37, 0], [0, 48, 1, 41, 24, 19, 6, 17, 13, 49, 12, 0], [0, 20, 44, 38, 50, 36, 31, 9, 39, 11, 15, 0]]",2.839975142238756,0.07058266966646128,0.8609214924438889,0.1147081251766091,0.20765546038089555,0.04559690306423368,0.7358381605780699,0.7245784760122416,0.40452492483833324
1.0,0.0,7,True,156839,5,"[[0, 45, 46, 22, 7, 8, 43, 17, 13, 12, 49, 0], [0, 30, 23, 26, 28, 2, 25, 15, 3, 16, 1, 0], [0, 11, 39, 9, 31, 38, 50, 36, 5, 33, 34, 0], [0, 27, 21, 47, 29, 4, 32, 18, 35, 10, 37, 0], [0, 20, 44, 40, 6, 19, 24, 41, 42, 14, 48, 0]]",2.9538778835738486,0.0697876477560156,1.0141096478180274,0.1147081251766091,0.28913795640182705,0.09349314207194696,0.7336272665286634,0.7243128766683623,0.40452492483833324
1.0,0.0,8,True,156844,5,"[[0, 45, 46, 22, 7, 8, 43, 17, 13, 12, 49, 0], [0, 48, 14, 42, 41, 24, 19, 6, 40, 44, 20, 0], [0, 27, 21, 47, 29, 4, 32, 18, 35, 10, 37, 0], [0, 15, 3, 16, 11, 25, 2, 28, 26, 23, 30, 0], [0, 1, 39, 9, 31, 38, 50, 5, 36, 33, 34, 0]]",2.853301179160779,0.06864648197812909,0.9125175606819499,0.1147081251766091,0.2611007803244383,0.07386637991723011,0.7253912468036323,0.7117189502113497,0.40452492483833324
1.0,0.0,9,True,156879,5,"[[0, 1, 16, 42, 41, 24, 19, 6, 40, 44, 20, 0], [0, 49, 13, 17, 43, 8, 7, 22, 46, 11, 39, 0], [0, 48, 15, 45, 25, 2, 28, 26, 23, 30, 12, 0], [0, 34, 33, 5, 36, 50, 38, 31, 9, 3, 14, 0], [0, 37, 10, 35, 18, 32, 4, 29, 47, 21, 27, 0]]",2.7877905745705265,0.06617513566790607,0.912529079443092,0.10276328467719785,0.26035324342444577,0.06710053861389911,0.7201820545941304,0.7061465121847836,0.40452492483833324
