beta,lambda_concentration,seed,is_feasible,pyvrp_cost,num_routes,routes,global_risk,global_cvar90,max_vehicle_risk,max_vehicle_cvar90,vehicle_risk_gini,risk_variance,edge_burden_gini_used,top10_burden_share,max_edge_burden
0.0,0.0,0,True,133997,5,"[[0, 14, 42, 41, 1, 45, 11, 15, 3, 16, 48, 0], [0, 18, 32, 4, 29, 19, 6, 24, 40, 20, 44, 0], [0, 27, 35, 5, 36, 28, 26, 23, 30, 12, 49, 0], [0, 46, 22, 7, 8, 43, 33, 34, 2, 25, 39, 0], [0, 17, 13, 10, 37, 50, 38, 31, 9, 47, 21, 0]]",15.90631947433576,0.08152340457986587,4.149025767110288,0.5410197228193283,0.12067586276540165,0.5152825173397579,0.8084523699256319,0.8661918003254793,1.999999761581421
0.0,0.0,1,True,133997,5,"[[0, 17, 13, 10, 37, 50, 38, 31, 9, 47, 21, 0], [0, 18, 32, 4, 29, 6, 19, 24, 40, 20, 44, 0], [0, 14, 42, 41, 1, 11, 45, 15, 3, 16, 48, 0], [0, 46, 22, 7, 8, 43, 33, 34, 2, 25, 39, 0], [0, 27, 35, 5, 36, 28, 26, 23, 30, 12, 49, 0]]",15.90631947433576,0.08152340457986587,4.149025767110288,0.5410197228193283,0.12067586276540165,0.515282517339758,0.8084523699256319,0.8661918003254793,1.999999761581421
0.0,0.0,2,True,133998,5,"[[0, 16, 3, 15, 45, 11, 1, 41, 42, 14, 48, 0], [0, 25, 2, 34, 33, 43, 8, 7, 22, 46, 39, 0], [0, 38, 31, 9, 47, 21, 27, 23, 30, 49, 12, 0], [0, 26, 28, 36, 5, 35, 10, 37, 50, 13, 17, 0], [0, 44, 20, 40, 24, 6, 19, 29, 4, 32, 18, 0]]",18.697182005271316,0.6140616525102545,5.139025648124516,0.6039999723434448,0.1651411125834994,1.2819318147732872,0.8112024542341958,0.8086568747154183,1.999999761581421
1.0,0.0,0,True,167796,5,"[[0, 21, 47, 29, 32, 4, 6, 19, 24, 41, 49, 0], [0, 15, 11, 25, 2, 28, 26, 23, 30, 12, 48, 0], [0, 27, 35, 18, 34, 33, 5, 50, 38, 39, 45, 0], [0, 40, 9, 31, 36, 7, 8, 43, 22, 46, 1, 0], [0, 10, 37, 13, 17, 44, 20, 16, 3, 14, 42, 0]]",7.52909949561581,0.034541417078431606,2.038675220683217,0.045642895084854807,0.15698389952646674,0.18720235810654645,0.7051746532256913,0.7161424425683875,1.0099999904632568
1.0,0.0,1,True,167796,5,"[[0, 49, 30, 23, 26, 28, 2, 25, 11, 15, 48, 0], [0, 40, 9, 31, 36, 7, 8, 43, 22, 46, 45, 0], [0, 27, 35, 18, 34, 33, 5, 50, 38, 39, 1, 0], [0, 21, 47, 29, 32, 4, 6, 19, 24, 41, 12, 0], [0, 42, 14, 3, 16, 20, 44, 17, 13, 37, 10, 0]]",7.52909949561581,0.034541417078431606,2.038675220683217,0.045642895084854807,0.15968665147856065,0.18857965212294978,0.7050015356454977,0.7161424425683875,1.0099999904632568
1.0,0.0,2,True,167305,5,"[[0, 15, 45, 11, 25, 2, 28, 26, 23, 30, 48, 0], [0, 49, 12, 13, 17, 44, 20, 16, 3, 14, 42, 0], [0, 39, 38, 50, 5, 33, 34, 18, 35, 10, 37, 0], [0, 41, 24, 19, 6, 4, 32, 29, 47, 21, 27, 0], [0, 40, 9, 31, 36, 7, 8, 43, 22, 46, 1, 0]]",7.998533779755235,0.036979840160003434,3.0547288823872805,0.07963632269658977,0.3233986859831597,0.850537968905817,0.7229982591905155,0.7347481114336362,1.0099999904632568
