beta,lambda_concentration,seed,is_feasible,pyvrp_cost,num_routes,routes,global_risk,global_cvar90,max_vehicle_risk,max_vehicle_cvar90,vehicle_risk_gini,risk_variance,edge_burden_gini_used,top10_burden_share,max_edge_burden
0.0,0.0,0,True,133997,5,"[[0, 14, 42, 41, 1, 45, 11, 15, 3, 16, 48, 0], [0, 18, 32, 4, 29, 19, 6, 24, 40, 20, 44, 0], [0, 27, 35, 5, 36, 28, 26, 23, 30, 12, 49, 0], [0, 46, 22, 7, 8, 43, 33, 34, 2, 25, 39, 0], [0, 17, 13, 10, 37, 50, 38, 31, 9, 47, 21, 0]]",7.463579542847583,0.22342338726545374,2.2271137902571354,0.3457183606612186,0.11962245774958813,0.1415366702316465,0.8672072549627499,0.893451444852482,0.9214285612106323
0.0,0.0,1,True,133997,5,"[[0, 17, 13, 10, 37, 50, 38, 31, 9, 47, 21, 0], [0, 18, 32, 4, 29, 6, 19, 24, 40, 20, 44, 0], [0, 14, 42, 41, 1, 11, 45, 15, 3, 16, 48, 0], [0, 46, 22, 7, 8, 43, 33, 34, 2, 25, 39, 0], [0, 27, 35, 5, 36, 28, 26, 23, 30, 12, 49, 0]]",7.463579542847583,0.22342338726545374,2.2271137902571354,0.3457183606612186,0.11962245774958813,0.14153667023164648,0.8672072549627499,0.893451444852482,0.9214285612106323
0.0,0.0,2,True,133998,5,"[[0, 16, 3, 15, 45, 11, 1, 41, 42, 14, 48, 0], [0, 25, 2, 34, 33, 43, 8, 7, 22, 46, 39, 0], [0, 38, 31, 9, 47, 21, 27, 23, 30, 49, 12, 0], [0, 26, 28, 36, 5, 35, 10, 37, 50, 13, 17, 0], [0, 44, 20, 40, 24, 6, 19, 29, 4, 32, 18, 0]]",9.26743847981561,0.32475015277472824,2.5097029411699623,0.43694183230400085,0.1866879799300616,0.42460770719676766,0.8700445906523577,0.8982153319697767,0.9214285612106323
1.0,0.0,0,True,156793,5,"[[0, 12, 30, 23, 26, 28, 2, 25, 45, 11, 15, 0], [0, 20, 44, 17, 13, 50, 38, 31, 9, 39, 48, 0], [0, 27, 21, 47, 29, 4, 32, 18, 35, 10, 37, 0], [0, 46, 22, 7, 8, 43, 5, 34, 33, 36, 49, 0], [0, 42, 14, 3, 16, 1, 41, 24, 6, 19, 40, 0]]",3.412954420899041,0.07180317844215192,0.9691107898834161,0.11182380920009953,0.1115116622636787,0.023189790920852014,0.8089636680468384,0.796983549947978,0.46071428060531616
1.0,0.0,1,True,156315,5,"[[0, 30, 23, 26, 28, 2, 25, 11, 45, 1, 48, 0], [0, 40, 9, 31, 36, 7, 8, 43, 22, 46, 15, 0], [0, 27, 21, 47, 29, 4, 32, 19, 6, 24, 41, 0], [0, 37, 10, 35, 18, 34, 33, 5, 50, 38, 39, 0], [0, 20, 44, 17, 13, 49, 12, 14, 3, 16, 42, 0]]",2.9383132572984323,0.06072373783870323,1.1363479785213713,0.13932307543499128,0.3134673477106409,0.11190480162885252,0.7922703055514697,0.7652019734469369,0.46071428060531616
1.0,0.0,2,True,156781,5,"[[0, 42, 14, 3, 38, 50, 5, 33, 34, 18, 35, 0], [0, 15, 16, 20, 44, 17, 13, 37, 10, 27, 48, 0], [0, 40, 9, 31, 36, 7, 8, 43, 22, 46, 39, 0], [0, 21, 47, 29, 4, 32, 6, 19, 24, 41, 1, 0], [0, 45, 11, 25, 2, 28, 26, 23, 30, 12, 49, 0]]",2.8959657501254696,0.06704998767059861,0.9491023825539742,0.11149532587400504,0.17820440902151446,0.03966068847234684,0.7950064078194814,0.7720909583875549,0.46071428060531616
