beta,lambda_concentration,seed,is_feasible,pyvrp_cost,num_routes,routes,global_risk,global_cvar90,max_vehicle_risk,max_vehicle_cvar90,vehicle_risk_gini,risk_variance,edge_burden_gini_used,top10_burden_share,max_edge_burden
0.0,0.0,0,True,133997,5,"[[0, 14, 42, 41, 1, 45, 11, 15, 3, 16, 48, 0], [0, 18, 32, 4, 29, 19, 6, 24, 40, 20, 44, 0], [0, 27, 35, 5, 36, 28, 26, 23, 30, 12, 49, 0], [0, 46, 22, 7, 8, 43, 33, 34, 2, 25, 39, 0], [0, 17, 13, 10, 37, 50, 38, 31, 9, 47, 21, 0]]",12.699182398035191,0.17498226688980167,3.3824338200502098,0.383067537099123,0.12767782635563507,0.3296111060222381,0.8460568074251238,0.8909086849977444,1.4789105653762817
0.0,0.0,1,True,133997,5,"[[0, 17, 13, 10, 37, 50, 38, 31, 9, 47, 21, 0], [0, 18, 32, 4, 29, 6, 19, 24, 40, 20, 44, 0], [0, 14, 42, 41, 1, 11, 45, 15, 3, 16, 48, 0], [0, 46, 22, 7, 8, 43, 33, 34, 2, 25, 39, 0], [0, 27, 35, 5, 36, 28, 26, 23, 30, 12, 49, 0]]",12.699182398035191,0.17498226688980167,3.3824338200502098,0.383067537099123,0.12767782635563507,0.3296111060222381,0.8460568074251238,0.8909086849977444,1.4789105653762817
0.0,0.0,2,True,133998,5,"[[0, 16, 3, 15, 45, 11, 1, 41, 42, 14, 48, 0], [0, 25, 2, 34, 33, 43, 8, 7, 22, 46, 39, 0], [0, 38, 31, 9, 47, 21, 27, 23, 30, 49, 12, 0], [0, 26, 28, 36, 5, 35, 10, 37, 50, 13, 17, 0], [0, 44, 20, 40, 24, 6, 19, 29, 4, 32, 18, 0]]",14.961684941663407,0.5175149755982252,3.89818560925778,0.6011174917221069,0.15369140501881673,0.7238987065703213,0.8475046927481711,0.8713533973669613,1.4789105653762817
1.0,0.0,0,True,162318,5,"[[0, 48, 27, 21, 47, 29, 44, 17, 13, 49, 12, 0], [0, 9, 31, 38, 50, 43, 8, 7, 22, 46, 1, 0], [0, 42, 41, 24, 6, 19, 4, 32, 39, 11, 15, 0], [0, 14, 3, 16, 45, 25, 2, 28, 26, 23, 30, 0], [0, 20, 36, 5, 33, 34, 18, 35, 10, 37, 40, 0]]",4.9123306550318375,0.062299550000217654,2.204666335368529,0.24763283971697092,0.39641592297225814,0.5170128014798434,0.7588808320619229,0.7456678805875935,1.0099999904632568
1.0,0.0,1,True,162385,5,"[[0, 15, 16, 20, 44, 17, 13, 37, 10, 27, 48, 0], [0, 21, 47, 29, 32, 4, 6, 19, 24, 41, 1, 0], [0, 46, 22, 43, 8, 7, 36, 31, 9, 40, 12, 0], [0, 35, 18, 34, 33, 5, 50, 38, 3, 14, 42, 0], [0, 45, 39, 11, 25, 2, 28, 26, 23, 30, 49, 0]]",5.93044706073124,0.08599364777144633,1.7635147934779525,0.16504276419679323,0.15673259411328755,0.11684329015426073,0.7931225154600208,0.7931555813348691,1.0099999904632568
1.0,0.0,2,True,161542,5,"[[0, 15, 45, 39, 32, 4, 6, 19, 24, 41, 1, 0], [0, 46, 22, 7, 8, 43, 5, 50, 38, 17, 13, 0], [0, 40, 9, 31, 36, 33, 34, 18, 35, 10, 37, 0], [0, 11, 25, 2, 28, 26, 23, 30, 49, 12, 48, 0], [0, 27, 21, 47, 29, 44, 20, 16, 3, 14, 42, 0]]",6.0780209401855245,0.08135672646664804,1.9556230629095808,0.1455624580848962,0.23745143687057624,0.2861996563824071,0.7940947314325524,0.7940489761276486,1.0099999904632568
