beta,lambda_concentration,seed,is_feasible,pyvrp_cost,num_routes,routes,global_risk,global_cvar90,max_vehicle_risk,max_vehicle_cvar90,vehicle_risk_gini,risk_variance,edge_burden_gini_used,top10_burden_share,max_edge_burden
0.0,0.0,0,True,133997,5,"[[0, 14, 42, 41, 1, 45, 11, 15, 3, 16, 48, 0], [0, 18, 32, 4, 29, 19, 6, 24, 40, 20, 44, 0], [0, 27, 35, 5, 36, 28, 26, 23, 30, 12, 49, 0], [0, 46, 22, 7, 8, 43, 33, 34, 2, 25, 39, 0], [0, 17, 13, 10, 37, 50, 38, 31, 9, 47, 21, 0]]",11.549810159252957,0.22728928437699442,3.3645746507681906,0.4159708544611931,0.1264784481118817,0.3201552520027341,0.8391600401183057,0.88791996962784,1.1194653511047363
0.0,0.0,1,True,133997,5,"[[0, 17, 13, 10, 37, 50, 38, 31, 9, 47, 21, 0], [0, 18, 32, 4, 29, 6, 19, 24, 40, 20, 44, 0], [0, 14, 42, 41, 1, 11, 45, 15, 3, 16, 48, 0], [0, 46, 22, 7, 8, 43, 33, 34, 2, 25, 39, 0], [0, 27, 35, 5, 36, 28, 26, 23, 30, 12, 49, 0]]",11.549810159252957,0.22728928437699442,3.3645746507681906,0.4159708544611931,0.1264784481118817,0.3201552520027341,0.8391600401183057,0.88791996962784,1.1194653511047363
0.0,0.0,2,True,133998,5,"[[0, 16, 3, 15, 45, 11, 1, 41, 42, 14, 48, 0], [0, 25, 2, 34, 33, 43, 8, 7, 22, 46, 39, 0], [0, 38, 31, 9, 47, 21, 27, 23, 30, 49, 12, 0], [0, 26, 28, 36, 5, 35, 10, 37, 50, 13, 17, 0], [0, 44, 20, 40, 24, 6, 19, 29, 4, 32, 18, 0]]",13.553700402379036,0.46331730083777356,3.4426003468688577,0.548590075969696,0.15125595105604428,0.5916970611680159,0.8395244550620244,0.8562960364902813,1.1194653511047363
1.0,0.0,0,True,161542,5,"[[0, 42, 16, 15, 45, 25, 2, 28, 26, 23, 30, 0], [0, 48, 20, 44, 17, 13, 10, 37, 40, 12, 49, 0], [0, 14, 3, 38, 50, 5, 33, 34, 18, 35, 27, 0], [0, 46, 22, 43, 8, 7, 36, 31, 9, 47, 21, 0], [0, 11, 39, 32, 4, 29, 19, 6, 24, 41, 1, 0]]",5.356122898636386,0.10788273333739011,1.637295737862587,0.1745011331513524,0.1960499847984487,0.14251752276426902,0.768931192561833,0.7786987630066754,0.879956841468811
1.0,0.0,1,True,161443,5,"[[0, 48, 1, 41, 24, 6, 19, 20, 44, 17, 13, 0], [0, 40, 9, 31, 36, 33, 34, 18, 35, 10, 37, 0], [0, 15, 11, 25, 2, 28, 26, 23, 30, 12, 49, 0], [0, 42, 16, 45, 39, 32, 4, 29, 47, 21, 27, 0], [0, 46, 22, 7, 8, 43, 5, 50, 38, 3, 14, 0]]",5.395442844601348,0.09717383548956025,1.5898695744108409,0.15388668990797466,0.2002754534838389,0.18141437226489535,0.7764650751950737,0.782029481153916,0.879956841468811
1.0,0.0,2,True,161542,5,"[[0, 48, 45, 11, 25, 2, 28, 26, 23, 30, 12, 0], [0, 42, 16, 20, 44, 17, 13, 10, 37, 40, 49, 0], [0, 21, 47, 9, 31, 36, 7, 8, 43, 22, 46, 0], [0, 14, 3, 38, 50, 5, 33, 34, 18, 35, 27, 0], [0, 15, 39, 32, 4, 29, 19, 6, 24, 41, 1, 0]]",5.356122898636386,0.10788273333739011,1.289278426906094,0.12854260334279388,0.09460188761453314,0.038802027512420005,0.7690820749952281,0.7786987630066754,0.879956841468811
