beta,lambda_concentration,seed,is_feasible,pyvrp_cost,num_routes,routes,global_risk,global_cvar90,max_vehicle_risk,max_vehicle_cvar90,vehicle_risk_gini,risk_variance,edge_burden_gini_used,top10_burden_share,max_edge_burden
0.0,0.0,0,True,145999,5,"[[0, 44, 14, 3, 15, 41, 11, 1, 37, 38, 50, 0], [0, 42, 7, 8, 34, 17, 9, 47, 43, 26, 33, 0], [0, 45, 12, 13, 24, 32, 46, 23, 10, 18, 19, 0], [0, 40, 25, 20, 35, 4, 16, 28, 30, 21, 29, 0], [0, 36, 31, 6, 22, 2, 48, 5, 39, 49, 27, 0]]",7.314817567814316,0.17029642755500016,2.9043235942081083,0.4287502182026704,0.26772837966585117,0.5909020802084272,0.8765566522098256,0.8926699861975559,0.9443029761314392
0.0,0.0,1,True,145999,5,"[[0, 6, 22, 5, 2, 48, 43, 9, 47, 31, 36, 0], [0, 12, 45, 13, 24, 32, 46, 23, 10, 18, 19, 0], [0, 27, 49, 39, 17, 34, 8, 7, 30, 21, 29, 0], [0, 33, 26, 28, 16, 4, 35, 20, 25, 40, 44, 0], [0, 14, 3, 15, 42, 41, 11, 1, 37, 38, 50, 0]]",8.19058445860719,0.25581534020602703,2.754749076993903,0.48881503492593764,0.2202455408523638,0.4314644912623618,0.8895850996532151,0.9036294711590876,1.7391360998153687
0.0,0.0,2,True,146664,5,"[[0, 27, 49, 39, 17, 34, 8, 7, 16, 12, 45, 0], [0, 35, 4, 6, 22, 5, 43, 47, 9, 31, 36, 0], [0, 33, 26, 28, 30, 48, 2, 20, 25, 40, 19, 0], [0, 14, 3, 15, 42, 41, 11, 1, 37, 38, 50, 0], [0, 29, 21, 18, 10, 23, 46, 32, 24, 13, 44, 0]]",6.178406114748213,0.15322763371902207,2.307683371574967,0.40781910717487335,0.2548647680410927,0.3548057653872711,0.8746712918999362,0.8816723939158179,0.9443029761314392
0.0,0.0,3,True,146664,5,"[[0, 44, 50, 38, 37, 1, 41, 11, 15, 3, 14, 0], [0, 19, 18, 21, 29, 10, 23, 46, 32, 24, 13, 0], [0, 45, 12, 42, 7, 8, 34, 17, 39, 49, 27, 0], [0, 16, 35, 4, 6, 22, 5, 30, 28, 26, 33, 0], [0, 40, 25, 20, 2, 48, 43, 47, 9, 31, 36, 0]]",7.643058494977595,0.24463326700164803,2.629902962115011,0.4113841975728671,0.23183220318532283,0.43261928503347996,0.8760213670540282,0.8900168077019891,0.9443029761314392
0.0,0.0,4,True,147330,5,"[[0, 36, 31, 9, 47, 43, 48, 2, 20, 25, 40, 0], [0, 45, 12, 13, 24, 32, 46, 23, 10, 29, 44, 0], [0, 14, 3, 15, 42, 11, 41, 1, 37, 38, 50, 0], [0, 21, 35, 4, 6, 22, 5, 30, 28, 26, 33, 0], [0, 27, 49, 39, 17, 34, 8, 7, 16, 18, 19, 0]]",6.759479492102904,0.1564169545443012,1.917258495814167,0.30617077499628065,0.18035241672257052,0.19436784959590453,0.8783583291256736,0.8897438598414487,0.9443029761314392
0.0,0.0,5,True,147330,5,"[[0, 27, 49, 39, 48, 2, 43, 9, 47, 31, 36, 0], [0, 14, 3, 15, 42, 11, 41, 1, 37, 38, 50, 0], [0, 33, 26, 28, 30, 8, 17, 34, 7, 16, 45, 0], [0, 12, 35, 4, 6, 22, 5, 20, 25, 40, 44, 0], [0, 29, 21, 13, 24, 32, 46, 23, 10, 18, 19, 0]]",7.411355414893478,0.22910836891367517,2.45487856073305,0.33326865583658216,0.2161500687966511,0.3457146857850766,0.8714898377467417,0.8799198671583234,0.9443029761314392
0.0,0.0,6,True,147330,5,"[[0, 50, 38, 37, 1, 41, 11, 15, 3, 14, 45, 0], [0, 36, 31, 9, 47, 43, 2, 48, 39, 49, 27, 0], [0, 40, 25, 20, 5, 22, 6, 4, 35, 16, 12, 0], [0, 13, 24, 32, 46, 23, 10, 29, 21, 18, 19, 0], [0, 42, 7, 34, 17, 8, 30, 28, 26, 33, 44, 0]]",7.842122608846694,0.2513876460226519,2.1820952928683255,0.33625160281856853,0.16019719611401695,0.21015814419147588,0.8761807701699167,0.8926497539135699,0.9443029761314392
0.0,0.0,7,True,146664,5,"[[0, 19, 18, 10, 23, 46, 32, 24, 13, 21, 29, 0], [0, 33, 26, 28, 30, 5, 22, 6, 4, 35, 44, 0], [0, 12, 45, 16, 7, 8, 34, 17, 39, 49, 27, 0], [0, 40, 25, 20, 2, 48, 43, 47, 9, 31, 36, 0], [0, 14, 3, 15, 42, 11, 41, 1, 37, 38, 50, 0]]",6.905080206808634,0.21931245048264308,1.9153355344897136,0.26112567633390427,0.09970666197821298,0.07733536637722017,0.8705790784165086,0.8824615323423817,0.9443029761314392
0.0,0.0,8,True,147330,5,"[[0, 14, 3, 15, 42, 11, 41, 1, 37, 38, 50, 0], [0, 12, 45, 13, 46, 23, 10, 29, 21, 18, 19, 0], [0, 32, 24, 6, 22, 5, 48, 2, 20, 25, 40, 0], [0, 36, 31, 47, 9, 43, 30, 28, 26, 33, 44, 0], [0, 27, 49, 39, 17, 34, 8, 7, 16, 4, 35, 0]]",7.775009758304805,0.24186984256937585,1.8010105377834407,0.28806379437446594,0.08656814140075086,0.06568185569616644,0.8790357498190433,0.8889389619980469,0.9443029761314392
0.0,0.0,9,True,145999,5,"[[0, 14, 3, 15, 42, 41, 11, 1, 37, 38, 50, 0], [0, 27, 49, 39, 17, 34, 8, 7, 30, 21, 29, 0], [0, 12, 45, 13, 24, 32, 46, 23, 10, 18, 19, 0], [0, 44, 40, 25, 20, 35, 4, 16, 28, 26, 33, 0], [0, 6, 22, 5, 48, 2, 43, 47, 9, 31, 36, 0]]",8.189414277083415,0.25581534020602703,2.754749076993903,0.48881503492593764,0.2202198558229107,0.4313335819030984,0.8893130137434158,0.9037585903458466,1.7391360998153687
2.0,2.0,0,True,215639,5,"[[0, 27, 49, 37, 24, 32, 46, 5, 16, 7, 42, 0], [0, 35, 43, 4, 40, 25, 20, 3, 14, 38, 50, 0], [0, 15, 11, 41, 12, 45, 21, 18, 10, 29, 19, 0], [0, 44, 1, 2, 48, 9, 47, 28, 30, 26, 33, 0], [0, 13, 23, 8, 39, 17, 34, 22, 6, 31, 36, 0]]",2.277806530572483,0.042834211434972916,0.9751799779332941,0.11150602357728141,0.3344731556117244,0.08319639142647366,0.772026647558824,0.7120593779338384,0.6722076535224915
2.0,2.0,1,True,215244,5,"[[0, 15, 33, 26, 30, 28, 9, 47, 48, 2, 1, 0], [0, 38, 14, 3, 34, 17, 39, 8, 7, 16, 19, 0], [0, 41, 11, 42, 5, 22, 6, 4, 40, 25, 20, 0], [0, 36, 31, 46, 32, 24, 37, 49, 27, 50, 44, 0], [0, 12, 45, 13, 23, 10, 18, 21, 29, 43, 35, 0]]",2.305684033883657,0.042832530936912486,0.9673314963729354,0.0881493039843109,0.3414777963696711,0.08593144482749164,0.7697617758004094,0.7112201351844706,0.6722076535224915
2.0,2.0,2,True,215168,5,"[[0, 44, 50, 27, 49, 37, 24, 32, 46, 31, 36, 0], [0, 33, 26, 30, 28, 47, 9, 48, 2, 1, 38, 0], [0, 20, 25, 40, 4, 6, 22, 5, 16, 7, 42, 0], [0, 45, 12, 13, 23, 8, 39, 17, 34, 3, 14, 0], [0, 19, 10, 18, 21, 29, 43, 35, 11, 41, 15, 0]]",2.3073932123193606,0.042832530936912486,0.9939252411859343,0.0756299097768285,0.35002574807964293,0.09155053899455104,0.7697473721814554,0.7096214027777296,0.6722076535224915
2.0,2.0,3,True,215084,5,"[[0, 44, 15, 33, 26, 30, 28, 9, 47, 31, 36, 0], [0, 19, 16, 7, 8, 39, 17, 34, 48, 2, 1, 0], [0, 27, 49, 37, 24, 32, 46, 5, 22, 6, 45, 0], [0, 29, 21, 18, 10, 23, 13, 12, 41, 11, 42, 0], [0, 50, 38, 14, 3, 20, 25, 40, 4, 43, 35, 0]]",2.2912381066276373,0.042834211434972916,0.8668015994704126,0.11776019508639972,0.2797843348505087,0.0587309218542121,0.7718722460738636,0.7111043075711306,0.6722076535224915
2.0,2.0,4,True,215285,5,"[[0, 33, 26, 30, 28, 9, 47, 48, 2, 1, 44, 0], [0, 27, 49, 37, 24, 32, 46, 5, 22, 6, 45, 0], [0, 50, 38, 14, 12, 13, 23, 10, 18, 21, 29, 0], [0, 36, 31, 3, 34, 17, 39, 8, 7, 16, 19, 0], [0, 20, 25, 40, 4, 43, 35, 41, 11, 42, 15, 0]]",2.313646494193157,0.04112118561752141,0.9751799779332941,0.11150602357728141,0.35521220458465397,0.09042344107218062,0.7666911603841426,0.7079132905262218,0.6722076535224915
2.0,2.0,5,True,215244,5,"[[0, 41, 11, 42, 5, 22, 6, 4, 40, 25, 20, 0], [0, 15, 33, 26, 30, 28, 9, 47, 48, 2, 1, 0], [0, 38, 14, 3, 34, 17, 39, 8, 7, 16, 19, 0], [0, 35, 43, 29, 21, 18, 10, 23, 13, 12, 45, 0], [0, 36, 31, 46, 32, 24, 37, 49, 27, 50, 44, 0]]",2.3060649601834973,0.042832530936912486,0.9673314963729354,0.0881493039843109,0.34142138951396905,0.08592062895004696,0.7696074466079641,0.711102652607377,0.6722076535224915
2.0,2.0,6,True,215168,5,"[[0, 33, 26, 30, 28, 9, 47, 48, 2, 1, 38, 0], [0, 44, 50, 27, 49, 37, 24, 32, 46, 31, 36, 0], [0, 15, 11, 41, 35, 43, 29, 21, 18, 10, 19, 0], [0, 42, 7, 16, 5, 22, 6, 4, 40, 25, 20, 0], [0, 45, 12, 13, 23, 8, 39, 17, 34, 3, 14, 0]]",2.3077741386192008,0.042832530936912486,0.9939252411859343,0.0756299097768285,0.3499679720560567,0.09153465527963804,0.7697554676230924,0.7095042711006196,0.6722076535224915
2.0,2.0,7,True,215883,5,"[[0, 11, 42, 7, 8, 39, 17, 34, 3, 14, 38, 0], [0, 41, 35, 43, 29, 21, 18, 10, 23, 13, 12, 0], [0, 45, 20, 25, 40, 4, 6, 22, 5, 16, 19, 0], [0, 36, 31, 46, 32, 24, 37, 49, 27, 50, 44, 0], [0, 15, 33, 26, 30, 28, 47, 9, 48, 2, 1, 0]]",2.303557813536015,0.042832530936912486,0.9673314963729354,0.0881493039843109,0.3417445564007917,0.08574349142446665,0.7701546597693141,0.7118766026341675,0.6722076535224915
2.0,2.0,8,True,215244,5,"[[0, 35, 43, 29, 21, 18, 10, 23, 13, 45, 12, 0], [0, 36, 31, 46, 32, 24, 37, 49, 27, 50, 44, 0], [0, 1, 2, 48, 9, 47, 28, 30, 26, 33, 15, 0], [0, 41, 11, 42, 5, 22, 6, 4, 40, 25, 20, 0], [0, 38, 14, 3, 34, 17, 39, 8, 7, 16, 19, 0]]",2.3060649601834973,0.042832530936912486,0.9673314963729354,0.0881493039843109,0.34142138951396905,0.08592062895004696,0.7696074466079641,0.711102652607377,0.6722076535224915
2.0,2.0,9,True,215244,5,"[[0, 44, 50, 27, 49, 37, 24, 32, 46, 31, 36, 0], [0, 12, 45, 13, 23, 10, 18, 21, 29, 43, 35, 0], [0, 38, 14, 3, 34, 17, 39, 8, 7, 16, 19, 0], [0, 15, 33, 26, 30, 28, 47, 9, 48, 2, 1, 0], [0, 20, 25, 40, 4, 6, 22, 5, 42, 11, 41, 0]]",2.3037610725592037,0.042832530936912486,0.9673314963729354,0.0881493039843109,0.3414289475825536,0.08583983948722249,0.7708223036606192,0.7118137943227476,0.6722076535224915
