beta,lambda_concentration,seed,is_feasible,pyvrp_cost,num_routes,routes,global_risk,global_cvar90,max_vehicle_risk,max_vehicle_cvar90,vehicle_risk_gini,risk_variance,edge_burden_gini_used,top10_burden_share,max_edge_burden
0.0,0.0,0,True,145999,5,"[[0, 44, 14, 3, 15, 41, 11, 1, 37, 38, 50, 0], [0, 42, 7, 8, 34, 17, 9, 47, 43, 26, 33, 0], [0, 45, 12, 13, 24, 32, 46, 23, 10, 18, 19, 0], [0, 40, 25, 20, 35, 4, 16, 28, 30, 21, 29, 0], [0, 36, 31, 6, 22, 2, 48, 5, 39, 49, 27, 0]]",9.37205420925602,0.26653583301231265,3.183846536121564,0.4705861782034238,0.2155620909043543,0.5677319469492115,0.879068782279524,0.9054451481460024,1.1597681045532227
0.0,0.0,1,True,145999,5,"[[0, 6, 22, 5, 2, 48, 43, 9, 47, 31, 36, 0], [0, 12, 45, 13, 24, 32, 46, 23, 10, 18, 19, 0], [0, 27, 49, 39, 17, 34, 8, 7, 30, 21, 29, 0], [0, 33, 26, 28, 16, 4, 35, 20, 25, 40, 44, 0], [0, 14, 3, 15, 42, 41, 11, 1, 37, 38, 50, 0]]",10.333490569981223,0.2791463479618816,3.287743568653241,0.5033845057090124,0.20914644290390427,0.6136171512155603,0.8883402835137757,0.9142852507702146,1.7231816053390503
0.0,0.0,2,True,146664,5,"[[0, 27, 49, 39, 17, 34, 8, 7, 16, 12, 45, 0], [0, 35, 4, 6, 22, 5, 43, 47, 9, 31, 36, 0], [0, 33, 26, 28, 30, 48, 2, 20, 25, 40, 19, 0], [0, 14, 3, 15, 42, 41, 11, 1, 37, 38, 50, 0], [0, 29, 21, 18, 10, 23, 46, 32, 24, 13, 44, 0]]",8.348096489426098,0.2511734108130137,2.9531944208138157,0.4776504814624786,0.23352553877765847,0.5380730535216459,0.8806471100155182,0.9015714346877696,1.1597681045532227
0.0,0.0,3,True,146664,5,"[[0, 44, 50, 38, 37, 1, 41, 11, 15, 3, 14, 0], [0, 19, 18, 21, 29, 10, 23, 46, 32, 24, 13, 0], [0, 45, 12, 42, 7, 8, 34, 17, 39, 49, 27, 0], [0, 16, 35, 4, 6, 22, 5, 30, 28, 26, 33, 0], [0, 40, 25, 20, 2, 48, 43, 47, 9, 31, 36, 0]]",10.300609320365766,0.26315790890819496,3.1436508569750004,0.4843422422806422,0.21824342673750685,0.7529055801164671,0.8762828980713226,0.9113305473892095,1.1597681045532227
0.0,0.0,4,True,147330,5,"[[0, 36, 31, 9, 47, 43, 48, 2, 20, 25, 40, 0], [0, 45, 12, 13, 24, 32, 46, 23, 10, 29, 44, 0], [0, 14, 3, 15, 42, 11, 41, 1, 37, 38, 50, 0], [0, 21, 35, 4, 6, 22, 5, 30, 28, 26, 33, 0], [0, 27, 49, 39, 17, 34, 8, 7, 16, 18, 19, 0]]",9.506310775498804,0.25564143905306563,3.1447518334607594,0.4281728625297546,0.23521281617224,0.6426868671596149,0.8815749321496755,0.910670463992512,1.1597681045532227
0.0,0.0,5,True,147330,5,"[[0, 27, 49, 39, 48, 2, 43, 9, 47, 31, 36, 0], [0, 14, 3, 15, 42, 11, 41, 1, 37, 38, 50, 0], [0, 33, 26, 28, 30, 8, 17, 34, 7, 16, 45, 0], [0, 12, 35, 4, 6, 22, 5, 20, 25, 40, 44, 0], [0, 29, 21, 13, 24, 32, 46, 23, 10, 18, 19, 0]]",9.957086635680753,0.32366110091762884,3.6873866480309516,0.42202028632164,0.22189961059449326,0.7978076975120423,0.8719311307300137,0.888848246407843,1.1597681045532227
0.0,0.0,6,True,147330,5,"[[0, 50, 38, 37, 1, 41, 11, 15, 3, 14, 45, 0], [0, 36, 31, 9, 47, 43, 2, 48, 39, 49, 27, 0], [0, 40, 25, 20, 5, 22, 6, 4, 35, 16, 12, 0], [0, 13, 24, 32, 46, 23, 10, 29, 21, 18, 19, 0], [0, 42, 7, 34, 17, 8, 30, 28, 26, 33, 44, 0]]",10.272082482748374,0.33468073566577267,3.2514130908530205,0.4061486100157102,0.2024784493933376,0.5865695568284388,0.8763714608583151,0.911433712355115,1.1597681045532227
0.0,0.0,7,True,146664,5,"[[0, 19, 18, 10, 23, 46, 32, 24, 13, 21, 29, 0], [0, 33, 26, 28, 30, 5, 22, 6, 4, 35, 44, 0], [0, 12, 45, 16, 7, 8, 34, 17, 39, 49, 27, 0], [0, 40, 25, 20, 2, 48, 43, 47, 9, 31, 36, 0], [0, 14, 3, 15, 42, 11, 41, 1, 37, 38, 50, 0]]",9.545902096768259,0.2719186332542449,3.1436508569750004,0.38798855741818744,0.16769457932021314,0.41665003229672387,0.8744130089750657,0.906095485038539,1.1597681045532227
0.0,0.0,8,True,147330,5,"[[0, 14, 3, 15, 42, 11, 41, 1, 37, 38, 50, 0], [0, 12, 45, 13, 46, 23, 10, 29, 21, 18, 19, 0], [0, 32, 24, 6, 22, 5, 48, 2, 20, 25, 40, 0], [0, 36, 31, 47, 9, 43, 30, 28, 26, 33, 44, 0], [0, 27, 49, 39, 17, 34, 8, 7, 16, 4, 35, 0]]",10.548675522601116,0.3453393982989447,2.7717128080766997,0.36826674693397116,0.1322020867613687,0.2615626295755823,0.877918994945492,0.9046475170445679,1.1597681045532227
0.0,0.0,9,True,145999,5,"[[0, 14, 3, 15, 42, 41, 11, 1, 37, 38, 50, 0], [0, 27, 49, 39, 17, 34, 8, 7, 30, 21, 29, 0], [0, 12, 45, 13, 24, 32, 46, 23, 10, 18, 19, 0], [0, 44, 40, 25, 20, 35, 4, 16, 28, 26, 33, 0], [0, 6, 22, 5, 48, 2, 43, 47, 9, 31, 36, 0]]",10.332456379306677,0.2791463479618816,3.287743568653241,0.5033845057090124,0.20912734009217138,0.6135215403510569,0.8880317071418937,0.9143767629184889,1.7231816053390503
3.0,1.0,0,True,229998,5,"[[0, 15, 3, 14, 12, 13, 23, 10, 18, 21, 29, 0], [0, 44, 2, 48, 34, 17, 39, 8, 7, 16, 19, 0], [0, 50, 33, 26, 30, 28, 9, 47, 31, 36, 27, 0], [0, 6, 22, 5, 46, 32, 24, 37, 49, 1, 38, 0], [0, 42, 41, 11, 35, 43, 4, 40, 25, 20, 45, 0]]",3.046667188785449,0.057213073204222475,1.1022388635174138,0.0996444101134936,0.2556611794681889,0.08427729523968647,0.7809044650119155,0.724406260349622,0.6248788237571716
3.0,1.0,1,True,229572,5,"[[0, 19, 10, 18, 21, 20, 25, 40, 4, 43, 29, 0], [0, 11, 35, 2, 48, 47, 9, 28, 30, 26, 33, 0], [0, 41, 42, 7, 16, 5, 46, 32, 24, 31, 36, 0], [0, 12, 6, 22, 34, 17, 39, 8, 23, 13, 45, 0], [0, 15, 3, 14, 38, 1, 49, 37, 27, 44, 50, 0]]",3.012965933162576,0.06289241750325475,1.1298182813552557,0.08130093012005091,0.3735792341776245,0.16823851356565456,0.8013944262808548,0.7491234085890991,0.6248788237571716
3.0,1.0,2,True,229330,5,"[[0, 14, 3, 34, 17, 39, 8, 7, 16, 19, 27, 0], [0, 13, 23, 10, 18, 21, 29, 43, 35, 11, 41, 0], [0, 45, 12, 20, 25, 40, 4, 6, 22, 5, 42, 0], [0, 15, 33, 26, 30, 28, 9, 47, 48, 2, 44, 0], [0, 36, 31, 46, 32, 24, 37, 49, 1, 38, 50, 0]]",2.996276088074609,0.06292966402628843,1.0474045714800013,0.12564800466809953,0.332982004925658,0.1402885287667188,0.789648943788801,0.7362968336797734,0.6248788237571716
3.0,1.0,3,True,230194,5,"[[0, 44, 2, 48, 47, 9, 28, 30, 26, 33, 27, 0], [0, 50, 38, 1, 49, 37, 24, 32, 46, 31, 36, 0], [0, 11, 41, 35, 43, 4, 40, 25, 20, 3, 15, 0], [0, 6, 22, 34, 17, 39, 8, 5, 16, 7, 42, 0], [0, 14, 12, 45, 13, 23, 10, 18, 21, 29, 19, 0]]",3.0105246464420077,0.06292966402628843,1.0463035949942423,0.12564800466809953,0.3316809569933583,0.14034646200347586,0.7843730690133928,0.7288192497030559,0.6248788237571716
3.0,1.0,4,True,230194,5,"[[0, 14, 45, 12, 13, 23, 10, 18, 21, 29, 19, 0], [0, 33, 26, 30, 28, 47, 9, 48, 2, 44, 27, 0], [0, 6, 22, 34, 17, 39, 8, 5, 16, 7, 42, 0], [0, 36, 31, 46, 32, 24, 37, 49, 1, 38, 50, 0], [0, 41, 11, 35, 43, 4, 40, 25, 20, 3, 15, 0]]",3.0116256229277667,0.06292966402628843,1.0474045714800013,0.12564800466809953,0.33185216295277686,0.14054227686173046,0.7839044475836818,0.7285528112552679,0.6248788237571716
3.0,1.0,5,True,229832,5,"[[0, 50, 38, 1, 49, 37, 24, 32, 46, 31, 36, 0], [0, 42, 7, 16, 5, 22, 6, 21, 18, 10, 19, 0], [0, 29, 43, 4, 40, 25, 20, 35, 41, 11, 15, 0], [0, 12, 45, 13, 23, 8, 39, 17, 34, 3, 14, 0], [0, 44, 2, 48, 9, 47, 28, 30, 26, 33, 27, 0]]",3.004248047004893,0.06596883262197177,1.0463035949942423,0.12564800466809953,0.3485212018974919,0.14914534268352694,0.7985021328296247,0.7417369277196681,0.6248788237571716
3.0,1.0,6,True,229832,5,"[[0, 50, 38, 1, 49, 37, 24, 32, 46, 31, 36, 0], [0, 44, 2, 48, 47, 9, 28, 30, 26, 33, 27, 0], [0, 14, 3, 34, 17, 39, 8, 23, 13, 45, 12, 0], [0, 19, 10, 18, 21, 6, 22, 5, 16, 7, 42, 0], [0, 29, 43, 4, 40, 25, 20, 35, 11, 41, 15, 0]]",3.007043753216948,0.06596883262197177,1.0463035949942423,0.12564800466809953,0.34745339972288547,0.14863778236452627,0.7974796324239535,0.7410473206814209,0.6248788237571716
3.0,1.0,7,True,229832,5,"[[0, 19, 10, 18, 21, 6, 22, 5, 16, 7, 42, 0], [0, 29, 43, 4, 40, 25, 20, 35, 41, 11, 15, 0], [0, 14, 3, 34, 17, 39, 8, 23, 13, 45, 12, 0], [0, 50, 38, 1, 49, 37, 24, 32, 46, 31, 36, 0], [0, 33, 26, 30, 28, 47, 9, 48, 2, 44, 27, 0]]",3.007043753216948,0.06596883262197177,1.0463035949942423,0.12564800466809953,0.34745339972288547,0.14863778236452627,0.7974796324239535,0.7410473206814209,0.6248788237571716
3.0,1.0,8,True,230664,5,"[[0, 50, 38, 1, 49, 37, 4, 40, 25, 20, 12, 0], [0, 44, 2, 48, 9, 47, 28, 30, 26, 33, 15, 0], [0, 27, 19, 16, 7, 8, 39, 17, 34, 3, 14, 0], [0, 36, 31, 46, 32, 24, 6, 22, 5, 42, 41, 0], [0, 45, 13, 23, 10, 18, 21, 29, 43, 35, 11, 0]]",2.9764946168081394,0.06632450094912201,1.11816100798751,0.09964875587158734,0.3741127563195725,0.16953589292219223,0.7939127930418786,0.7393837309748552,0.6248788237571716
3.0,1.0,9,True,230103,5,"[[0, 27, 44, 2, 48, 47, 9, 28, 30, 26, 33, 0], [0, 15, 3, 20, 25, 40, 4, 43, 35, 41, 11, 0], [0, 19, 29, 10, 18, 21, 45, 12, 14, 38, 50, 0], [0, 1, 49, 37, 24, 32, 46, 5, 16, 7, 42, 0], [0, 13, 23, 8, 39, 17, 34, 22, 6, 31, 36, 0]]",2.968510854062714,0.06292966402628843,1.0458930577078718,0.08163677983813816,0.31266021951480827,0.11207129693969327,0.7935010058265097,0.7389656858517054,0.6248788237571716
