beta,lambda_concentration,seed,is_feasible,pyvrp_cost,num_routes,routes,global_risk,global_cvar90,max_vehicle_risk,max_vehicle_cvar90,vehicle_risk_gini,risk_variance,edge_burden_gini_used,top10_burden_share,max_edge_burden
0.0,0.0,0,True,145999,5,"[[0, 44, 14, 3, 15, 41, 11, 1, 37, 38, 50, 0], [0, 42, 7, 8, 34, 17, 9, 47, 43, 26, 33, 0], [0, 45, 12, 13, 24, 32, 46, 23, 10, 18, 19, 0], [0, 40, 25, 20, 35, 4, 16, 28, 30, 21, 29, 0], [0, 36, 31, 6, 22, 2, 48, 5, 39, 49, 27, 0]]",7.677471854869509,0.23746897145335016,3.1024315308313817,0.43329806129137677,0.2802385795333886,0.7047174803032602,0.8557217865451376,0.8901936983970565,0.7532429099082947
0.0,0.0,1,True,145999,5,"[[0, 6, 22, 5, 2, 48, 43, 9, 47, 31, 36, 0], [0, 12, 45, 13, 24, 32, 46, 23, 10, 18, 19, 0], [0, 27, 49, 39, 17, 34, 8, 7, 30, 21, 29, 0], [0, 33, 26, 28, 16, 4, 35, 20, 25, 40, 44, 0], [0, 14, 3, 15, 42, 41, 11, 1, 37, 38, 50, 0]]",8.41313384953537,0.2624555912896477,3.0151501848595217,0.5210203379392624,0.2702670842791872,0.6791688743907219,0.8690474808752826,0.902644599576538,1.5064858198165894
0.0,0.0,2,True,146664,5,"[[0, 27, 49, 39, 17, 34, 8, 7, 16, 12, 45, 0], [0, 35, 4, 6, 22, 5, 43, 47, 9, 31, 36, 0], [0, 33, 26, 28, 30, 48, 2, 20, 25, 40, 19, 0], [0, 14, 3, 15, 42, 41, 11, 1, 37, 38, 50, 0], [0, 29, 21, 18, 10, 23, 46, 32, 24, 13, 44, 0]]",6.703916638158262,0.16673654742125008,2.2903265556087717,0.3220468411842982,0.24599064633851175,0.3501092750920717,0.8562821334091406,0.8839750901125568,0.7532429099082947
0.0,0.0,3,True,146664,5,"[[0, 44, 50, 38, 37, 1, 41, 11, 15, 3, 14, 0], [0, 19, 18, 21, 29, 10, 23, 46, 32, 24, 13, 0], [0, 45, 12, 42, 7, 8, 34, 17, 39, 49, 27, 0], [0, 16, 35, 4, 6, 22, 5, 30, 28, 26, 33, 0], [0, 40, 25, 20, 2, 48, 43, 47, 9, 31, 36, 0]]",8.191472931561293,0.2630748116810407,2.7124050349229947,0.41048787037531537,0.23458559062235484,0.5098604536837371,0.8544398813720313,0.8849927909036343,0.7532429099082947
0.0,0.0,4,True,147330,5,"[[0, 36, 31, 9, 47, 43, 48, 2, 20, 25, 40, 0], [0, 45, 12, 13, 24, 32, 46, 23, 10, 29, 44, 0], [0, 14, 3, 15, 42, 11, 41, 1, 37, 38, 50, 0], [0, 21, 35, 4, 6, 22, 5, 30, 28, 26, 33, 0], [0, 27, 49, 39, 17, 34, 8, 7, 16, 18, 19, 0]]",7.578830658250954,0.23403322921487793,2.2548932678764686,0.38827382028102875,0.23307761388896742,0.40883119799577516,0.8605266660594877,0.8932540704362036,0.8427532315254211
1.0,0.0,0,True,179007,5,"[[0, 50, 38, 14, 3, 15, 41, 1, 37, 49, 27, 0], [0, 29, 43, 47, 9, 2, 48, 28, 30, 26, 33, 0], [0, 44, 45, 21, 18, 10, 23, 8, 7, 16, 19, 0], [0, 12, 13, 24, 32, 46, 5, 22, 6, 4, 35, 0], [0, 11, 42, 39, 17, 34, 20, 25, 40, 31, 36, 0]]",3.676529184416868,0.09242083731805906,1.3346316621173173,0.14216700941324234,0.35135980843073367,0.2379043221876919,0.8156374526326162,0.8137304477465954,0.5993047952651978
1.0,0.0,1,True,179796,5,"[[0, 33, 26, 30, 28, 43, 9, 47, 2, 48, 11, 0], [0, 44, 29, 21, 18, 10, 23, 8, 7, 16, 19, 0], [0, 27, 49, 39, 17, 34, 20, 25, 40, 31, 36, 0], [0, 35, 4, 6, 22, 5, 46, 32, 24, 37, 1, 0], [0, 50, 38, 14, 3, 15, 41, 42, 45, 12, 13, 0]]",4.010683739408851,0.10568303536743887,1.3113031053217128,0.1798021054516236,0.2674445100533873,0.15395354528734775,0.8247369201895403,0.8235348657896406,0.6229456067085266
1.0,0.0,2,True,179935,5,"[[0, 33, 26, 30, 28, 9, 47, 2, 48, 41, 11, 0], [0, 13, 24, 32, 46, 5, 39, 17, 34, 22, 6, 0], [0, 44, 36, 31, 40, 25, 20, 35, 4, 43, 29, 0], [0, 19, 16, 7, 8, 23, 10, 18, 21, 45, 12, 0], [0, 27, 49, 37, 1, 42, 15, 3, 14, 38, 50, 0]]",3.4470977672573646,0.08227383870292794,1.3132919737836346,0.16445289286119597,0.3612372636609045,0.203502070831383,0.8048941150716376,0.7959568058731195,0.5993047952651978
1.0,0.0,3,True,178394,5,"[[0, 12, 45, 21, 18, 10, 23, 8, 7, 16, 19, 0], [0, 42, 39, 17, 34, 22, 6, 4, 35, 43, 29, 0], [0, 36, 31, 40, 25, 20, 5, 46, 32, 24, 13, 0], [0, 33, 26, 30, 28, 9, 47, 2, 48, 41, 11, 0], [0, 27, 49, 37, 1, 15, 3, 14, 38, 50, 44, 0]]",3.583122458247235,0.08451058808714151,1.3159872413380072,0.10773953355171463,0.31221602025272244,0.15920453727487902,0.8071067156339775,0.802977692563875,0.5993047952651978
1.0,0.0,4,True,179006,5,"[[0, 50, 38, 14, 3, 15, 41, 1, 37, 49, 27, 0], [0, 42, 39, 17, 34, 20, 25, 40, 31, 36, 44, 0], [0, 12, 45, 21, 18, 10, 23, 8, 7, 16, 19, 0], [0, 29, 43, 47, 9, 48, 2, 28, 30, 26, 33, 0], [0, 13, 24, 32, 46, 5, 22, 6, 4, 35, 11, 0]]",3.676529184416868,0.09242083731805906,1.3346316621173173,0.14216700941324234,0.35303508682966145,0.2383302744310655,0.8156374526326162,0.8137304477465954,0.5993047952651978
1.0,0.5,0,True,187953,5,"[[0, 19, 29, 43, 4, 35, 20, 25, 40, 31, 36, 0], [0, 11, 42, 7, 16, 8, 39, 17, 34, 3, 15, 0], [0, 1, 41, 48, 2, 47, 9, 28, 30, 26, 33, 0], [0, 6, 22, 5, 46, 32, 24, 37, 49, 27, 44, 0], [0, 21, 18, 10, 23, 13, 12, 45, 14, 38, 50, 0]]",3.3724206135666464,0.07968815534629604,1.0001475382887293,0.11932963585214955,0.2173086541897924,0.07398084265705417,0.7939030402393352,0.783863466760314,0.5993047952651978
1.0,0.5,1,True,187380,5,"[[0, 29, 43, 4, 35, 41, 15, 3, 14, 38, 50, 0], [0, 19, 10, 18, 21, 20, 25, 40, 31, 36, 44, 0], [0, 42, 7, 16, 5, 46, 32, 24, 37, 49, 27, 0], [0, 33, 26, 30, 28, 9, 47, 2, 48, 11, 1, 0], [0, 6, 22, 34, 17, 39, 8, 23, 13, 12, 45, 0]]",3.0075013835439677,0.07317857882909236,0.8794725685438607,0.1018931796508176,0.24605454690633533,0.08177633591245932,0.787372180617085,0.7682656312472999,0.5993047952651978
1.0,0.5,2,True,186607,5,"[[0, 50, 36, 31, 46, 32, 24, 37, 49, 27, 44, 0], [0, 33, 26, 30, 28, 47, 9, 2, 48, 11, 15, 0], [0, 13, 23, 10, 18, 21, 20, 25, 40, 45, 12, 0], [0, 29, 43, 35, 4, 6, 22, 5, 42, 41, 1, 0], [0, 19, 16, 7, 8, 39, 17, 34, 3, 14, 38, 0]]",3.0001188716234175,0.07032804557820782,0.8444106677197851,0.08950561604329518,0.20284073337519293,0.05419836105216835,0.783224317503632,0.7641435429076185,0.5993047952651978
1.0,0.5,3,True,186607,5,"[[0, 44, 50, 27, 49, 37, 24, 32, 46, 31, 36, 0], [0, 33, 26, 30, 28, 47, 9, 48, 2, 41, 1, 0], [0, 29, 43, 35, 4, 6, 22, 5, 42, 11, 15, 0], [0, 45, 40, 25, 20, 21, 18, 10, 23, 13, 12, 0], [0, 38, 14, 3, 34, 17, 39, 8, 7, 16, 19, 0]]",2.9995005021884573,0.07032804557820782,0.8444010859238915,0.08950561604329518,0.20582155570576188,0.05487721525625282,0.7831235109060388,0.7643010768071833,0.5993047952651978
1.0,0.5,4,True,187486,5,"[[0, 33, 26, 30, 28, 47, 9, 3, 14, 38, 50, 0], [0, 36, 31, 40, 25, 20, 42, 11, 41, 15, 44, 0], [0, 19, 16, 7, 8, 39, 17, 34, 2, 48, 1, 0], [0, 45, 13, 23, 10, 18, 21, 4, 35, 43, 29, 0], [0, 27, 49, 37, 24, 32, 46, 5, 22, 6, 12, 0]]",3.0901430872583298,0.07582441326831618,0.862629419832956,0.08174870784084003,0.15197353304904504,0.027651095100594564,0.7901151775636817,0.7742621454607909,0.5993047952651978
1.0,1.0,0,True,194430,5,"[[0, 36, 31, 2, 48, 9, 47, 28, 30, 26, 33, 0], [0, 27, 49, 37, 24, 32, 46, 5, 22, 6, 12, 0], [0, 50, 38, 14, 45, 13, 23, 10, 18, 21, 29, 0], [0, 11, 41, 35, 43, 4, 40, 25, 20, 42, 1, 0], [0, 44, 15, 3, 34, 17, 39, 8, 7, 16, 19, 0]]",2.7901253266283312,0.06007315990898539,0.862629419832956,0.08950561604329518,0.2480499596459398,0.06080859348328769,0.766225944439229,0.7379888466734693,0.5993047952651978
1.0,1.0,1,True,194264,5,"[[0, 27, 49, 37, 24, 32, 46, 5, 42, 41, 1, 0], [0, 15, 11, 2, 48, 47, 9, 28, 30, 26, 33, 0], [0, 29, 43, 35, 4, 21, 18, 10, 23, 13, 45, 0], [0, 36, 31, 40, 25, 20, 3, 14, 38, 50, 44, 0], [0, 12, 6, 22, 34, 17, 39, 8, 7, 16, 19, 0]]",2.9779454960336444,0.07445050496608019,0.8533905454096384,0.1018931796508176,0.22527281449532577,0.061540060909824355,0.7857754777686321,0.7674213132122237,0.5993047952651978
1.0,1.0,2,True,193679,5,"[[0, 19, 16, 7, 8, 39, 17, 34, 3, 14, 38, 0], [0, 33, 26, 30, 28, 47, 9, 48, 2, 11, 15, 0], [0, 45, 12, 13, 23, 10, 18, 21, 25, 40, 20, 0], [0, 29, 43, 35, 4, 6, 22, 5, 42, 41, 1, 0], [0, 50, 27, 49, 37, 24, 32, 46, 31, 36, 44, 0]]",3.00300815986353,0.07032804557820782,0.8444010859238915,0.08950561604329518,0.20225689253849222,0.0538742996710949,0.7833018052878808,0.7634083364630313,0.5993047952651978
1.0,1.0,3,True,193873,5,"[[0, 27, 49, 37, 24, 32, 46, 5, 22, 6, 12, 0], [0, 36, 31, 48, 2, 47, 9, 28, 30, 26, 33, 0], [0, 29, 21, 18, 10, 23, 13, 45, 14, 38, 50, 0], [0, 44, 15, 3, 34, 17, 39, 8, 7, 16, 19, 0], [0, 20, 25, 40, 4, 43, 35, 41, 11, 42, 1, 0]]",2.6983022059104407,0.05834684165363962,0.862629419832956,0.08950561604329518,0.26980369808053783,0.06886640871898293,0.7593448940753345,0.7291510103887598,0.5993047952651978
1.0,1.0,4,True,193873,5,"[[0, 50, 38, 14, 45, 13, 23, 10, 18, 21, 29, 0], [0, 20, 25, 40, 4, 43, 35, 42, 41, 11, 1, 0], [0, 36, 31, 2, 48, 47, 9, 28, 30, 26, 33, 0], [0, 27, 49, 37, 24, 32, 46, 5, 22, 6, 12, 0], [0, 44, 15, 3, 34, 17, 39, 8, 7, 16, 19, 0]]",2.7003217290877366,0.05834684165363962,0.862629419832956,0.08950561604329518,0.26960191663511823,0.06890097743546655,0.7589981593331478,0.7286056911590673,0.5993047952651978
1.0,2.0,0,True,206908,5,"[[0, 36, 31, 46, 32, 24, 37, 27, 49, 1, 44, 0], [0, 33, 26, 30, 28, 9, 47, 2, 48, 41, 15, 0], [0, 35, 43, 29, 21, 18, 10, 23, 13, 45, 50, 0], [0, 11, 42, 5, 22, 6, 4, 40, 25, 20, 12, 0], [0, 38, 14, 3, 34, 17, 39, 8, 7, 16, 19, 0]]",2.661772915275069,0.05907184915849939,0.8640929835964926,0.10269183559077126,0.26802126563379347,0.06573203455010733,0.7612838973031415,0.7300794082372176,0.5993047952651978
1.0,2.0,1,True,206279,5,"[[0, 29, 21, 18, 10, 23, 13, 45, 14, 38, 50, 0], [0, 20, 25, 40, 4, 43, 35, 11, 41, 42, 1, 0], [0, 12, 6, 22, 5, 46, 32, 24, 37, 49, 27, 0], [0, 33, 26, 30, 28, 9, 47, 48, 2, 31, 36, 0], [0, 44, 15, 3, 34, 17, 39, 8, 7, 16, 19, 0]]",2.6982928741746584,0.05834684165363962,0.862629419832956,0.08950561604329518,0.2698032478115915,0.06886553157370343,0.7593497569927101,0.7291535320737258,0.5993047952651978
1.0,2.0,2,True,206279,5,"[[0, 44, 15, 3, 34, 17, 39, 8, 7, 16, 19, 0], [0, 29, 21, 18, 10, 23, 13, 45, 14, 38, 50, 0], [0, 27, 49, 37, 24, 32, 46, 5, 22, 6, 12, 0], [0, 33, 26, 30, 28, 9, 47, 2, 48, 31, 36, 0], [0, 1, 42, 11, 41, 35, 43, 4, 40, 25, 20, 0]]",2.6982928741746584,0.05834684165363962,0.862629419832956,0.08950561604329518,0.2698032478115915,0.06886553157370343,0.7593497569927101,0.7291535320737258,0.5993047952651978
1.0,2.0,3,True,207120,5,"[[0, 44, 1, 35, 11, 41, 15, 3, 14, 38, 50, 0], [0, 29, 43, 4, 40, 25, 20, 21, 18, 10, 19, 0], [0, 33, 26, 30, 28, 47, 9, 48, 2, 31, 36, 0], [0, 6, 22, 34, 17, 39, 8, 23, 13, 45, 12, 0], [0, 27, 49, 37, 24, 32, 46, 5, 16, 7, 42, 0]]",2.665899271901253,0.061559279299070756,0.8150701396216391,0.1018931796508176,0.2409569376441496,0.053521723375889695,0.7639008287880151,0.7352720986834015,0.5993047952651978
1.0,2.0,4,True,207476,5,"[[0, 33, 26, 30, 28, 9, 47, 2, 48, 31, 36, 0], [0, 29, 21, 18, 10, 23, 13, 11, 42, 41, 15, 0], [0, 45, 12, 34, 17, 39, 8, 7, 16, 19, 44, 0], [0, 6, 22, 5, 46, 32, 24, 37, 27, 49, 1, 0], [0, 35, 43, 4, 40, 25, 20, 3, 14, 38, 50, 0]]",2.65487750796834,0.05907578062033281,0.8800273204105906,0.10268563644162246,0.26663626055312384,0.06588764718306617,0.7634314144139789,0.7288884108133443,0.5993047952651978
