beta,lambda_concentration,seed,is_feasible,pyvrp_cost,num_routes,routes,global_risk,global_cvar90,max_vehicle_risk,max_vehicle_cvar90,vehicle_risk_gini,risk_variance,edge_burden_gini_used,top10_burden_share,max_edge_burden
0.0,0.0,0,True,133998,5,"[[0, 11, 45, 25, 2, 34, 33, 5, 43, 17, 13, 0], [0, 30, 23, 26, 28, 36, 8, 7, 22, 46, 39, 0], [0, 21, 47, 9, 31, 38, 50, 37, 10, 35, 27, 0], [0, 15, 3, 14, 49, 12, 42, 41, 1, 16, 48, 0], [0, 18, 32, 4, 29, 6, 19, 24, 40, 20, 44, 0]]",5.754203855001833,0.15005451528465047,1.6309788119106088,0.21373308037540742,0.15456202020050203,0.10363013295760866,0.854901151055639,0.8729391308409331,0.7805821299552917
0.0,0.0,1,True,133999,5,"[[0, 48, 44, 20, 34, 33, 43, 8, 7, 22, 46, 0], [0, 17, 13, 18, 32, 4, 29, 6, 19, 24, 40, 0], [0, 25, 2, 5, 36, 28, 26, 23, 30, 49, 12, 0], [0, 39, 11, 45, 15, 3, 14, 42, 41, 1, 16, 0], [0, 27, 35, 10, 37, 50, 38, 31, 9, 47, 21, 0]]",5.698452105134493,0.15785827806394082,1.926924355502706,0.29223954809519154,0.23147417406165838,0.22868200272537104,0.8596180915355929,0.8796941609732979,0.7805821299552917
0.0,0.0,2,True,133998,5,"[[0, 16, 3, 15, 45, 11, 1, 41, 42, 14, 48, 0], [0, 25, 2, 34, 33, 43, 8, 7, 22, 46, 39, 0], [0, 38, 31, 9, 47, 21, 27, 23, 30, 49, 12, 0], [0, 26, 28, 36, 5, 35, 10, 37, 50, 13, 17, 0], [0, 44, 20, 40, 24, 6, 19, 29, 4, 32, 18, 0]]",7.605445319815772,0.2553971746453532,2.566241168009583,0.471659854054451,0.24535741715190396,0.44977118536236754,0.8662469398501356,0.8785223603110398,0.7805821299552917
0.0,0.0,3,True,133999,5,"[[0, 16, 39, 11, 45, 15, 3, 14, 42, 41, 1, 0], [0, 49, 30, 23, 26, 28, 36, 33, 34, 20, 44, 0], [0, 25, 2, 5, 43, 22, 35, 10, 37, 13, 17, 0], [0, 46, 7, 8, 50, 38, 31, 9, 47, 21, 27, 0], [0, 40, 24, 6, 19, 29, 4, 32, 18, 12, 48, 0]]",7.2848822796077,0.25278488346017325,1.7495772283000406,0.3099544905126095,0.07940075870130525,0.04562416575384405,0.8668173156180934,0.8817309665751515,0.7805821299552917
0.0,0.0,4,True,133998,5,"[[0, 48, 14, 42, 41, 1, 11, 45, 15, 3, 16, 0], [0, 44, 20, 40, 24, 19, 6, 32, 4, 29, 12, 0], [0, 25, 2, 34, 33, 35, 10, 37, 50, 13, 17, 0], [0, 39, 46, 22, 7, 8, 43, 5, 36, 28, 26, 0], [0, 38, 31, 9, 47, 21, 27, 23, 30, 18, 49, 0]]",8.210311896895291,0.2811928864281911,2.570115062466357,0.38933202251791954,0.1906297433901476,0.32415991475609607,0.8737644709089687,0.8847670507558292,1.5428721904754639
0.0,0.0,5,True,133999,5,"[[0, 16, 3, 14, 42, 41, 1, 45, 39, 11, 15, 0], [0, 18, 32, 4, 29, 6, 19, 24, 40, 20, 44, 0], [0, 25, 2, 34, 33, 35, 10, 37, 50, 13, 17, 0], [0, 46, 22, 7, 8, 43, 5, 36, 28, 26, 12, 0], [0, 48, 38, 31, 9, 47, 21, 27, 23, 30, 49, 0]]",7.919647912611254,0.26711374134929095,1.8714779377332889,0.38933202251791954,0.08588505704859428,0.0780774232713635,0.8658217890133855,0.8784214881429324,0.7805821299552917
0.0,0.0,6,True,133997,5,"[[0, 16, 3, 14, 42, 41, 1, 45, 11, 39, 48, 0], [0, 15, 46, 22, 7, 8, 43, 17, 13, 18, 49, 0], [0, 27, 35, 10, 37, 50, 38, 31, 9, 47, 21, 0], [0, 12, 29, 4, 32, 6, 19, 24, 40, 20, 44, 0], [0, 25, 2, 34, 33, 5, 36, 28, 26, 23, 30, 0]]",6.8833634633920155,0.18397857943166265,1.901603642036207,0.34998523015528915,0.16235070820885822,0.15672606891907181,0.8852035098069111,0.9064789348666712,1.5428721904754639
0.0,0.0,7,True,133998,5,"[[0, 13, 17, 43, 33, 34, 5, 2, 25, 45, 11, 0], [0, 16, 1, 41, 42, 12, 49, 14, 3, 15, 48, 0], [0, 44, 20, 40, 24, 19, 6, 29, 4, 32, 18, 0], [0, 30, 23, 26, 28, 36, 8, 7, 22, 46, 39, 0], [0, 21, 47, 9, 31, 38, 50, 37, 10, 35, 27, 0]]",6.9006428871362,0.17863105406452504,2.1599319546076003,0.27967237175575327,0.18762573835376495,0.22225073744886265,0.8629830185706542,0.8825764991377547,0.7805821299552917
0.0,0.0,8,True,133998,5,"[[0, 48, 14, 42, 41, 1, 45, 11, 15, 3, 16, 0], [0, 49, 18, 12, 29, 32, 4, 6, 19, 24, 40, 0], [0, 44, 20, 34, 33, 5, 36, 28, 26, 23, 30, 0], [0, 17, 13, 37, 10, 35, 22, 43, 8, 7, 46, 0], [0, 27, 21, 47, 9, 31, 38, 50, 2, 25, 39, 0]]",6.8485495963541325,0.23604306378043616,2.2579180377651937,0.41236579716205596,0.1636478492296789,0.21120211599982927,0.8780970821764205,0.8949906011509036,1.5428721904754639
0.0,0.0,9,True,133997,5,"[[0, 48, 15, 45, 11, 1, 41, 42, 14, 3, 16, 0], [0, 27, 35, 5, 36, 28, 26, 23, 30, 12, 49, 0], [0, 21, 47, 9, 31, 38, 50, 37, 10, 13, 17, 0], [0, 25, 2, 34, 33, 43, 8, 7, 22, 46, 39, 0], [0, 44, 20, 40, 24, 6, 19, 29, 4, 32, 18, 0]]",5.705880441557383,0.15833053963433485,1.63097922608722,0.2764868959784508,0.1706851975037993,0.12242296232826484,0.8624980824960378,0.8825486083063869,0.7805821299552917
0.25,0.0,0,True,143066,5,"[[0, 12, 49, 13, 17, 43, 8, 7, 22, 46, 39, 0], [0, 27, 21, 47, 9, 31, 38, 50, 37, 10, 35, 0], [0, 18, 34, 33, 5, 36, 2, 28, 26, 23, 30, 0], [0, 40, 24, 19, 6, 32, 4, 29, 44, 20, 48, 0], [0, 15, 25, 11, 45, 1, 41, 42, 14, 3, 16, 0]]",4.076430700108176,0.11334237347667415,1.3785444790846668,0.31339582428336143,0.23071134110156843,0.11566879487454415,0.845019114639783,0.847801275762191,0.7714360952377319
0.25,0.0,1,True,142980,5,"[[0, 40, 24, 19, 6, 32, 4, 29, 47, 21, 27, 0], [0, 18, 35, 10, 37, 50, 38, 31, 9, 2, 25, 0], [0, 44, 20, 5, 33, 34, 36, 28, 26, 23, 30, 0], [0, 48, 1, 41, 42, 14, 3, 16, 15, 45, 11, 0], [0, 39, 46, 22, 7, 8, 43, 17, 13, 12, 49, 0]]",4.8254409875080455,0.14347740256323896,1.4841607582056895,0.3099544905126095,0.23962021543129008,0.16978642737152735,0.8656824400220868,0.8758898425408717,0.7805821299552917
0.25,0.0,2,True,143456,5,"[[0, 15, 11, 45, 25, 1, 41, 42, 14, 3, 16, 0], [0, 27, 21, 47, 9, 31, 38, 50, 37, 10, 35, 0], [0, 40, 24, 19, 6, 29, 4, 32, 18, 49, 48, 0], [0, 30, 23, 26, 28, 2, 5, 43, 17, 13, 12, 0], [0, 44, 20, 33, 34, 36, 8, 7, 22, 46, 39, 0]]",4.551187777629821,0.1298635730519891,1.2171867207507603,0.15143524669110775,0.0920161161098565,0.026724543510985556,0.8493011987557033,0.8626748354138211,0.7714360952377319
0.25,0.0,3,True,142717,5,"[[0, 25, 2, 34, 33, 5, 36, 28, 26, 23, 30, 0], [0, 39, 46, 22, 7, 8, 43, 17, 13, 49, 12, 0], [0, 18, 32, 4, 29, 6, 19, 24, 40, 20, 44, 0], [0, 35, 10, 37, 50, 38, 31, 9, 47, 21, 27, 0], [0, 16, 3, 14, 42, 41, 1, 45, 11, 15, 48, 0]]",5.883097342448309,0.16909420915368584,1.708029127185,0.3156823329627514,0.23949651411999295,0.26711761331546724,0.8705481609214529,0.8909748244569222,0.7805821299552917
0.25,0.0,4,True,143066,5,"[[0, 40, 24, 19, 6, 32, 4, 29, 44, 20, 48, 0], [0, 16, 3, 14, 42, 41, 1, 25, 45, 11, 15, 0], [0, 27, 21, 47, 9, 31, 38, 50, 37, 10, 35, 0], [0, 39, 46, 22, 7, 8, 43, 17, 13, 12, 49, 0], [0, 18, 34, 33, 5, 36, 2, 28, 26, 23, 30, 0]]",4.847188687737798,0.13903430639766157,1.696193890151335,0.31339582428336143,0.2838432423083965,0.24467917866669878,0.8613989318990476,0.8708831296002467,0.7784674167633057
0.25,0.0,5,True,142772,5,"[[0, 49, 12, 13, 17, 43, 8, 7, 22, 46, 15, 0], [0, 25, 2, 5, 33, 34, 36, 28, 26, 23, 30, 0], [0, 35, 10, 37, 50, 38, 31, 9, 47, 21, 27, 0], [0, 48, 1, 41, 42, 14, 3, 16, 39, 45, 11, 0], [0, 44, 20, 40, 24, 19, 6, 29, 4, 32, 18, 0]]",5.113119861081941,0.1442310482624077,1.63097922608722,0.3156823329627514,0.24221672161528107,0.19583613238909167,0.8621977357164099,0.8758851249059028,0.7805821299552917
0.25,0.0,6,True,143066,5,"[[0, 12, 13, 17, 43, 8, 7, 22, 46, 39, 15, 0], [0, 48, 1, 45, 11, 25, 41, 42, 14, 3, 16, 0], [0, 27, 21, 47, 9, 31, 38, 50, 37, 10, 35, 0], [0, 30, 23, 26, 28, 2, 36, 5, 33, 34, 18, 0], [0, 20, 44, 29, 4, 32, 6, 19, 24, 40, 49, 0]]",4.077098850480979,0.11334237347667415,1.3785444790846668,0.31339582428336143,0.2322029287761802,0.11662758456931459,0.8451654722517059,0.8476623390429116,0.7714360952377319
0.25,0.0,7,True,142717,5,"[[0, 39, 46, 22, 7, 8, 43, 17, 13, 12, 49, 0], [0, 30, 23, 26, 28, 36, 34, 33, 5, 2, 25, 0], [0, 44, 20, 40, 24, 19, 6, 29, 4, 32, 18, 0], [0, 48, 15, 11, 45, 1, 41, 42, 14, 3, 16, 0], [0, 27, 21, 47, 9, 31, 38, 50, 37, 10, 35, 0]]",5.112339768995298,0.1442310482624077,1.63097922608722,0.3156823329627514,0.2439614093879392,0.19833327854988753,0.8617193490415032,0.8760187762447459,0.7805821299552917
0.25,0.0,8,True,143066,5,"[[0, 18, 34, 33, 5, 36, 2, 28, 26, 23, 30, 0], [0, 27, 21, 47, 9, 31, 38, 50, 37, 10, 35, 0], [0, 16, 3, 14, 42, 41, 1, 45, 11, 25, 15, 0], [0, 48, 49, 13, 17, 43, 8, 7, 22, 46, 39, 0], [0, 20, 44, 29, 4, 32, 19, 6, 24, 40, 12, 0]]",4.848500504478579,0.13903430639766157,1.696193890151335,0.31339582428336143,0.282914259208914,0.24362405057430836,0.8605696902971303,0.8706475023031849,0.7784674167633057
0.25,0.0,9,True,143066,5,"[[0, 16, 3, 14, 42, 41, 25, 45, 11, 15, 48, 0], [0, 27, 21, 47, 9, 31, 38, 50, 37, 10, 35, 0], [0, 1, 39, 46, 22, 7, 8, 43, 17, 13, 49, 0], [0, 12, 40, 24, 19, 6, 32, 4, 29, 44, 20, 0], [0, 30, 23, 26, 28, 2, 36, 5, 33, 34, 18, 0]]",4.8465450213698205,0.13903430639766157,1.6876400578476023,0.31339582428336143,0.28041903059000206,0.23946202076613968,0.862296096329072,0.8709987909999637,0.7784674167633057
0.5,0.0,0,True,149056,5,"[[0, 42, 14, 3, 16, 20, 44, 17, 13, 49, 48, 0], [0, 30, 23, 26, 28, 2, 25, 39, 11, 45, 15, 0], [0, 1, 41, 24, 6, 19, 29, 4, 32, 18, 12, 0], [0, 46, 22, 7, 8, 43, 34, 33, 5, 36, 40, 0], [0, 35, 10, 37, 50, 38, 31, 9, 47, 21, 27, 0]]",3.8920661426673178,0.11939853146948197,1.5508196088776458,0.15513704877553713,0.26520300450127565,0.16678133245656562,0.8390701968000367,0.8431983377348369,0.7714360952377319
0.5,0.0,1,True,149056,5,"[[0, 40, 34, 33, 36, 5, 43, 8, 7, 22, 46, 0], [0, 48, 1, 41, 24, 6, 19, 29, 4, 32, 18, 0], [0, 30, 23, 26, 28, 2, 25, 39, 11, 45, 15, 0], [0, 35, 10, 37, 50, 38, 31, 9, 47, 21, 27, 0], [0, 42, 14, 3, 16, 20, 44, 17, 13, 49, 12, 0]]",3.516385512339184,0.07914412949183905,1.5598373539105523,0.17359127034433186,0.3388459026749182,0.21430571801326082,0.8304146828919046,0.8291025023852469,0.7714360952377319
0.5,0.0,2,True,149255,5,"[[0, 20, 44, 17, 13, 49, 14, 42, 16, 3, 15, 0], [0, 46, 22, 7, 8, 43, 5, 33, 34, 36, 40, 0], [0, 48, 45, 11, 39, 25, 2, 28, 26, 23, 30, 0], [0, 1, 41, 24, 6, 19, 29, 4, 32, 18, 12, 0], [0, 27, 21, 47, 9, 31, 38, 50, 37, 10, 35, 0]]",3.9546485573227983,0.11738887262929763,1.5508196088776458,0.15513704877553713,0.2493022230935642,0.15853188350566466,0.8358938126801101,0.8388217255256551,0.7714360952377319
0.5,0.0,3,True,149660,5,"[[0, 36, 5, 33, 34, 18, 32, 4, 29, 44, 20, 0], [0, 48, 45, 46, 22, 7, 8, 43, 17, 13, 12, 0], [0, 49, 30, 23, 26, 28, 2, 25, 39, 11, 15, 0], [0, 35, 10, 37, 50, 38, 31, 9, 47, 21, 27, 0], [0, 1, 16, 3, 14, 42, 41, 24, 6, 19, 40, 0]]",2.8478028727404308,0.07413613401224901,0.8022762287291698,0.11494196718558669,0.14183559266641188,0.020895839425474606,0.7910826868445584,0.7789134353887575,0.33671972155570984
0.5,0.0,4,True,149081,5,"[[0, 15, 45, 11, 39, 25, 2, 28, 26, 23, 30, 0], [0, 40, 33, 34, 5, 36, 7, 8, 43, 22, 46, 0], [0, 1, 41, 24, 6, 19, 29, 4, 32, 18, 48, 0], [0, 20, 44, 17, 13, 49, 12, 14, 3, 16, 42, 0], [0, 35, 10, 37, 50, 38, 31, 9, 47, 21, 27, 0]]",3.712354827352101,0.11244148395403668,1.5598373539105523,0.17359127034433186,0.28240933898599496,0.18587145681188028,0.8311385074017328,0.82955977909485,0.7714360952377319
0.5,0.0,5,True,149089,5,"[[0, 40, 36, 5, 34, 33, 43, 8, 7, 22, 46, 0], [0, 27, 21, 47, 9, 31, 38, 50, 37, 10, 35, 0], [0, 1, 41, 24, 6, 19, 29, 4, 32, 18, 12, 0], [0, 48, 20, 44, 17, 13, 49, 14, 3, 16, 42, 0], [0, 30, 23, 26, 28, 2, 25, 39, 11, 45, 15, 0]]",3.5270501330087427,0.07914412949183905,1.5508196088776458,0.15513704877553713,0.3335437933712375,0.20903679720929852,0.8265483171281902,0.8226893973467182,0.7714360952377319
0.5,0.0,6,True,149081,5,"[[0, 20, 44, 17, 13, 49, 12, 14, 3, 16, 42, 0], [0, 27, 21, 47, 9, 31, 38, 50, 37, 10, 35, 0], [0, 15, 45, 11, 39, 25, 2, 28, 26, 23, 30, 0], [0, 46, 22, 43, 8, 7, 36, 5, 33, 34, 40, 0], [0, 18, 32, 4, 29, 19, 6, 24, 41, 1, 48, 0]]",3.7122979709820356,0.11244148395403668,1.559780497540487,0.17359127034433186,0.28240141173274225,0.18585286833475972,0.831164783244595,0.8295724843674763,0.7714360952377319
0.5,0.0,7,True,149255,5,"[[0, 48, 30, 23, 26, 28, 2, 25, 39, 45, 11, 0], [0, 35, 10, 37, 50, 38, 31, 9, 47, 21, 27, 0], [0, 20, 44, 17, 13, 49, 14, 42, 16, 3, 15, 0], [0, 40, 5, 36, 34, 33, 43, 8, 7, 22, 46, 0], [0, 1, 41, 24, 6, 19, 29, 4, 32, 18, 12, 0]]",3.5789679269946646,0.10768196476554429,1.5508196088776458,0.15513704877553713,0.32395918619453856,0.20384067365394026,0.8272230893446426,0.8247694807059572,0.7714360952377319
0.5,0.0,8,True,149080,5,"[[0, 42, 16, 3, 14, 49, 13, 17, 44, 20, 48, 0], [0, 15, 11, 45, 39, 25, 2, 28, 26, 23, 30, 0], [0, 35, 10, 37, 50, 38, 31, 9, 47, 21, 27, 0], [0, 1, 41, 24, 6, 19, 29, 4, 32, 18, 12, 0], [0, 40, 34, 33, 5, 36, 7, 8, 43, 22, 46, 0]]",3.712354827352101,0.11244148395403668,1.5508196088776458,0.15513704877553713,0.2785227514361346,0.1818134496566708,0.8311385074017328,0.82955977909485,0.7714360952377319
0.5,0.0,9,True,149081,5,"[[0, 27, 21, 47, 9, 31, 38, 50, 37, 10, 35, 0], [0, 18, 32, 4, 29, 19, 6, 24, 41, 1, 48, 0], [0, 40, 5, 34, 33, 36, 7, 8, 43, 22, 46, 0], [0, 20, 44, 17, 13, 12, 49, 14, 3, 16, 42, 0], [0, 15, 45, 11, 39, 25, 2, 28, 26, 23, 30, 0]]",3.7122979709820356,0.11244148395403668,1.559780497540487,0.17359127034433186,0.28240141173274225,0.18585286833475972,0.831164783244595,0.8295724843674763,0.7714360952377319
1.0,0.0,0,True,158401,5,"[[0, 49, 30, 23, 26, 28, 2, 25, 11, 39, 45, 0], [0, 20, 44, 29, 4, 32, 18, 35, 10, 37, 40, 0], [0, 34, 33, 5, 50, 38, 31, 9, 47, 21, 27, 0], [0, 19, 6, 24, 41, 42, 14, 3, 16, 1, 48, 0], [0, 12, 13, 17, 43, 8, 7, 36, 22, 46, 15, 0]]",2.5937170798133593,0.0681390942939158,0.6456548620772082,0.08953660856932402,0.10210408589132336,0.009057464055823038,0.7831522919694722,0.7638331588156931,0.33671972155570984
1.0,0.0,1,True,158367,5,"[[0, 1, 16, 3, 14, 42, 41, 24, 6, 19, 12, 0], [0, 48, 49, 30, 23, 26, 28, 2, 25, 39, 45, 0], [0, 13, 17, 43, 8, 7, 36, 22, 46, 11, 15, 0], [0, 34, 33, 5, 50, 38, 31, 9, 47, 21, 27, 0], [0, 20, 44, 29, 4, 32, 18, 35, 10, 37, 40, 0]]",2.6042391769296955,0.0681390942939158,0.6471592141606379,0.08953660856932402,0.10313220229624687,0.009808342048910016,0.7805877934157952,0.7607469881025987,0.33671972155570984
1.0,0.0,2,True,158577,5,"[[0, 39, 11, 46, 22, 7, 8, 43, 17, 13, 12, 0], [0, 1, 16, 45, 25, 2, 28, 26, 23, 30, 49, 0], [0, 37, 10, 35, 18, 32, 4, 29, 47, 21, 27, 0], [0, 15, 3, 9, 31, 38, 50, 5, 36, 33, 34, 0], [0, 20, 44, 40, 6, 19, 24, 41, 42, 14, 48, 0]]",2.5845244940719567,0.07050973028634433,0.8809164881822653,0.08671946218237281,0.25701027710020563,0.055717335172184065,0.7859541616254502,0.7649402977274949,0.33671972155570984
1.0,0.0,3,True,158116,5,"[[0, 48, 20, 44, 17, 13, 10, 37, 40, 49, 12, 0], [0, 35, 18, 34, 33, 5, 43, 8, 7, 22, 46, 0], [0, 1, 16, 45, 11, 25, 2, 28, 26, 23, 30, 0], [0, 42, 41, 24, 6, 19, 29, 4, 32, 39, 15, 0], [0, 27, 21, 47, 9, 31, 36, 50, 38, 3, 14, 0]]",2.26195895174169,0.051350969151826575,0.7263665755453985,0.0752212731167674,0.2611808976334684,0.044624953884106776,0.7698427101131555,0.7351380515062994,0.33671972155570984
1.0,0.0,4,True,158450,5,"[[0, 15, 3, 38, 50, 5, 43, 8, 7, 22, 46, 0], [0, 40, 37, 10, 13, 17, 44, 20, 16, 42, 14, 0], [0, 35, 18, 34, 33, 36, 31, 9, 47, 21, 27, 0], [0, 48, 12, 49, 30, 23, 26, 28, 2, 25, 11, 0], [0, 45, 39, 32, 4, 29, 19, 6, 24, 41, 1, 0]]",2.3143724836118054,0.05170785141826579,0.6504898705461528,0.06615741444485528,0.18815531513290829,0.025651353395096155,0.7741092191519638,0.7454224389960059,0.33671972155570984
1.0,0.0,5,True,158608,5,"[[0, 30, 23, 26, 28, 2, 9, 31, 47, 21, 27, 0], [0, 42, 14, 3, 16, 45, 39, 25, 11, 15, 48, 0], [0, 46, 22, 7, 8, 43, 50, 38, 17, 13, 12, 0], [0, 49, 36, 5, 33, 34, 18, 35, 10, 37, 40, 0], [0, 1, 41, 24, 19, 6, 32, 4, 29, 44, 20, 0]]",2.819059163943166,0.07557327609642275,0.9408578661095817,0.11205635765301329,0.3203045749762119,0.10888123799551482,0.7979828280584103,0.7799747306490943,0.3794753849506378
1.0,0.0,6,True,158312,5,"[[0, 20, 44, 29, 4, 32, 18, 35, 10, 37, 40, 0], [0, 48, 34, 33, 5, 36, 31, 9, 47, 21, 27, 0], [0, 14, 3, 16, 42, 41, 24, 19, 6, 17, 13, 0], [0, 1, 11, 46, 22, 7, 8, 43, 50, 38, 39, 0], [0, 15, 45, 25, 2, 28, 26, 23, 30, 12, 49, 0]]",2.7727849168877583,0.07484767582666661,0.6347981592698488,0.0812901483848691,0.04941146552547737,0.0024826554856625894,0.7967278560644069,0.7786940476995831,0.3794753849506378
1.0,0.0,7,True,158249,5,"[[0, 37, 10, 35, 18, 32, 4, 29, 47, 21, 27, 0], [0, 49, 30, 23, 26, 28, 2, 25, 11, 39, 45, 0], [0, 42, 41, 24, 19, 6, 40, 44, 20, 16, 1, 0], [0, 48, 12, 13, 17, 43, 8, 7, 22, 46, 15, 0], [0, 14, 3, 9, 31, 38, 50, 36, 5, 33, 34, 0]]",2.4082909819844645,0.06380606356456324,0.7541654189990368,0.08671946218237281,0.2423525933294759,0.043408387434173565,0.7711378506741562,0.7454782121184376,0.33671972155570984
1.0,0.0,8,True,158249,5,"[[0, 37, 10, 35, 18, 32, 4, 29, 47, 21, 27, 0], [0, 34, 33, 36, 5, 50, 38, 31, 9, 3, 14, 0], [0, 39, 45, 11, 46, 22, 7, 8, 43, 17, 13, 0], [0, 42, 41, 24, 6, 19, 40, 44, 20, 16, 1, 0], [0, 15, 25, 2, 28, 26, 23, 30, 49, 12, 48, 0]]",2.4082909819844645,0.06380606356456324,0.7541654189990368,0.08671946218237281,0.24903042482184423,0.0455164023255823,0.7711378506741562,0.7454782121184376,0.33671972155570984
1.0,0.0,9,True,158103,5,"[[0, 45, 11, 25, 2, 28, 26, 23, 30, 12, 48, 0], [0, 15, 39, 32, 4, 29, 19, 6, 24, 41, 1, 0], [0, 46, 22, 43, 8, 7, 36, 31, 9, 47, 21, 0], [0, 49, 40, 10, 37, 13, 17, 44, 20, 16, 42, 0], [0, 27, 35, 18, 34, 33, 5, 50, 38, 3, 14, 0]]",2.4480247141618747,0.05560200348157774,0.6549411664309446,0.06125957301507393,0.11334254370476526,0.010117948341168546,0.7822684139569329,0.7561924091996745,0.33671972155570984
2.0,0.0,0,True,172993,5,"[[0, 20, 44, 17, 13, 37, 10, 35, 18, 32, 39, 0], [0, 1, 11, 25, 2, 28, 26, 23, 30, 49, 12, 0], [0, 19, 6, 24, 41, 4, 29, 47, 21, 27, 48, 0], [0, 14, 42, 16, 3, 38, 50, 36, 31, 9, 40, 0], [0, 15, 45, 46, 22, 7, 8, 43, 5, 33, 34, 0]]",2.1161892982490826,0.04340916941208499,0.5113818647223525,0.08206427246332168,0.11840075808971529,0.008793853097817626,0.7657758024097938,0.7240441320311066,0.3794753849506378
2.0,0.0,1,True,173150,5,"[[0, 14, 42, 16, 3, 9, 31, 38, 50, 36, 20, 0], [0, 21, 47, 29, 44, 17, 13, 37, 10, 27, 48, 0], [0, 12, 40, 19, 6, 24, 41, 4, 32, 39, 15, 0], [0, 35, 18, 34, 33, 5, 43, 8, 7, 22, 46, 0], [0, 1, 45, 11, 25, 2, 28, 26, 23, 30, 49, 0]]",1.6529835500696208,0.031119205650280823,0.502028102229815,0.04783767822664231,0.23814167565450206,0.019833828059883866,0.7028687603888419,0.6413006113185532,0.33671972155570984
2.0,0.0,2,True,173235,5,"[[0, 15, 39, 32, 4, 6, 19, 24, 41, 42, 14, 0], [0, 27, 21, 47, 29, 44, 17, 13, 10, 37, 40, 0], [0, 35, 18, 34, 33, 36, 7, 8, 43, 22, 46, 0], [0, 1, 16, 3, 9, 31, 38, 50, 5, 20, 48, 0], [0, 49, 12, 30, 23, 26, 28, 2, 25, 11, 45, 0]]",2.161880220664898,0.04420720926885094,0.7333973342610989,0.0752572335768491,0.24003579777242678,0.03538750076478941,0.7610432976508776,0.7222464696787735,0.33671972155570984
2.0,0.0,3,True,173052,5,"[[0, 45, 46, 22, 43, 8, 7, 36, 31, 9, 40, 0], [0, 1, 41, 24, 19, 6, 4, 29, 47, 21, 27, 0], [0, 48, 35, 10, 37, 13, 17, 44, 20, 16, 42, 0], [0, 12, 49, 30, 23, 26, 28, 2, 25, 11, 15, 0], [0, 14, 3, 38, 50, 5, 33, 34, 18, 32, 39, 0]]",2.2520737067388836,0.04837890174787711,0.779622088506585,0.08665933499911002,0.21454761168333336,0.03313561686926728,0.7711378401475819,0.7348566330002857,0.33671972155570984
2.0,0.0,4,True,172924,5,"[[0, 39, 32, 18, 35, 10, 37, 13, 17, 44, 20, 0], [0, 12, 19, 6, 24, 41, 4, 29, 47, 21, 27, 0], [0, 14, 42, 16, 3, 38, 50, 36, 31, 9, 40, 0], [0, 49, 30, 23, 26, 28, 2, 25, 45, 11, 1, 0], [0, 34, 33, 5, 43, 8, 7, 22, 46, 15, 48, 0]]",1.7296200730779674,0.03514262879616581,0.502028102229815,0.04783767822664231,0.2034200033838609,0.015906921523513806,0.7235484605923743,0.666548979126042,0.33671972155570984
2.0,0.0,5,True,173623,5,"[[0, 40, 9, 31, 36, 7, 8, 43, 22, 46, 15, 0], [0, 27, 21, 47, 29, 4, 32, 18, 35, 10, 37, 0], [0, 49, 13, 17, 44, 20, 16, 3, 14, 42, 48, 0], [0, 1, 41, 24, 19, 6, 38, 50, 5, 33, 34, 0], [0, 12, 30, 23, 26, 28, 2, 25, 45, 39, 11, 0]]",2.4015126230951864,0.06380606356456324,0.6428446857607923,0.08671946218237281,0.11193020339338222,0.009511178124044077,0.7787099016086245,0.7492848191027073,0.33671972155570984
2.0,0.0,6,True,172692,5,"[[0, 30, 23, 26, 28, 2, 25, 11, 15, 16, 42, 0], [0, 46, 22, 7, 8, 43, 5, 50, 38, 3, 14, 0], [0, 40, 9, 31, 36, 33, 34, 18, 35, 10, 37, 0], [0, 27, 21, 47, 29, 44, 17, 13, 12, 49, 48, 0], [0, 1, 45, 39, 32, 4, 41, 24, 6, 19, 20, 0]]",2.045433117862558,0.037815053089472805,0.577360748720821,0.07606313889846206,0.2049933615699311,0.023938881753993602,0.7567978165066771,0.7118795777912902,0.3794753849506378
2.0,0.0,7,True,173356,5,"[[0, 1, 45, 39, 11, 25, 2, 28, 26, 23, 30, 0], [0, 12, 49, 13, 17, 43, 8, 7, 22, 46, 15, 0], [0, 48, 40, 9, 31, 38, 50, 36, 5, 33, 34, 0], [0, 19, 6, 24, 41, 4, 32, 18, 35, 10, 37, 0], [0, 42, 14, 3, 16, 20, 44, 29, 47, 21, 27, 0]]",2.1137574932945427,0.05033815469193671,0.6584936787839979,0.07143472574119057,0.2085875295742161,0.025624633059447455,0.749057479722981,0.7087335925129897,0.33671972155570984
2.0,0.0,8,True,172925,5,"[[0, 39, 32, 18, 35, 10, 37, 13, 17, 44, 20, 0], [0, 40, 9, 31, 36, 50, 38, 3, 16, 42, 14, 0], [0, 49, 30, 23, 26, 28, 2, 25, 11, 45, 15, 0], [0, 1, 46, 22, 7, 8, 43, 5, 33, 34, 48, 0], [0, 12, 19, 6, 24, 41, 4, 29, 47, 21, 27, 0]]",2.105300703406101,0.04557695474024072,0.542648195871152,0.06082003151199648,0.12667585482890398,0.009269473738455094,0.7667980433728883,0.7241922483264525,0.3794753849506378
2.0,0.0,9,True,173233,5,"[[0, 48, 20, 36, 50, 38, 31, 9, 3, 14, 42, 0], [0, 1, 16, 11, 25, 2, 28, 26, 23, 30, 49, 0], [0, 27, 21, 47, 29, 44, 17, 13, 10, 37, 40, 0], [0, 35, 18, 34, 33, 5, 43, 8, 7, 22, 46, 0], [0, 15, 45, 39, 32, 4, 41, 24, 6, 19, 12, 0]]",1.670719121437287,0.029777577412979945,0.5043831362272613,0.04783767822664231,0.23390045316279173,0.019607171477531285,0.7009808739528409,0.6372632170038022,0.33671972155570984
