beta,lambda_concentration,seed,is_feasible,pyvrp_cost,num_routes,routes,global_risk,global_cvar90,max_vehicle_risk,max_vehicle_cvar90,vehicle_risk_gini,risk_variance,edge_burden_gini_used,top10_burden_share,max_edge_burden
0.0,0.0,0,True,145999,5,"[[0, 44, 14, 3, 15, 41, 11, 1, 37, 38, 50, 0], [0, 42, 7, 8, 34, 17, 9, 47, 43, 26, 33, 0], [0, 45, 12, 13, 24, 32, 46, 23, 10, 18, 19, 0], [0, 40, 25, 20, 35, 4, 16, 28, 30, 21, 29, 0], [0, 36, 31, 6, 22, 2, 48, 5, 39, 49, 27, 0]]",7.305721943812387,0.1700792819595872,2.9022632395208348,0.4284068246682485,0.2678836934837545,0.590356612602469,0.8765454901675527,0.8926210825359275,0.9433211088180542
0.0,0.0,1,True,145999,5,"[[0, 6, 22, 5, 2, 48, 43, 9, 47, 31, 36, 0], [0, 12, 45, 13, 24, 32, 46, 23, 10, 18, 19, 0], [0, 27, 49, 39, 17, 34, 8, 7, 30, 21, 29, 0], [0, 33, 26, 28, 16, 4, 35, 20, 25, 40, 44, 0], [0, 14, 3, 15, 42, 41, 11, 1, 37, 38, 50, 0]]",8.181581995326269,0.25552472941063603,2.7541256970143877,0.4886938914656639,0.22041696923498644,0.43159628145030043,0.8895888534140439,0.9035934271617855,1.7393436431884766
0.0,0.0,2,True,146664,5,"[[0, 27, 49, 39, 17, 34, 8, 7, 16, 12, 45, 0], [0, 35, 4, 6, 22, 5, 43, 47, 9, 31, 36, 0], [0, 33, 26, 28, 30, 48, 2, 20, 25, 40, 19, 0], [0, 14, 3, 15, 42, 41, 11, 1, 37, 38, 50, 0], [0, 29, 21, 18, 10, 23, 46, 32, 24, 13, 44, 0]]",6.170103295597073,0.15301401734662554,2.3029850694001652,0.40705699771642684,0.25466060958492887,0.35310505429558947,0.8746499292666836,0.8816116306801124,0.9433211088180542
0.0,0.0,3,True,146664,5,"[[0, 44, 50, 38, 37, 1, 41, 11, 15, 3, 14, 0], [0, 19, 18, 21, 29, 10, 23, 46, 32, 24, 13, 0], [0, 45, 12, 42, 7, 8, 34, 17, 39, 49, 27, 0], [0, 16, 35, 4, 6, 22, 5, 30, 28, 26, 33, 0], [0, 40, 25, 20, 2, 48, 43, 47, 9, 31, 36, 0]]",7.633288700650155,0.24430549500643142,2.6288887633709237,0.41122380768259365,0.23181713652774683,0.43168817665193027,0.8760206946054845,0.8899473723241195,0.9433211088180542
0.0,0.0,4,True,147330,5,"[[0, 36, 31, 9, 47, 43, 48, 2, 20, 25, 40, 0], [0, 45, 12, 13, 24, 32, 46, 23, 10, 29, 44, 0], [0, 14, 3, 15, 42, 11, 41, 1, 37, 38, 50, 0], [0, 21, 35, 4, 6, 22, 5, 30, 28, 26, 33, 0], [0, 27, 49, 39, 17, 34, 8, 7, 16, 18, 19, 0]]",6.749614765742706,0.1561794075398491,1.9109928573016077,0.30590895265340806,0.17987884195047887,0.1929038356879411,0.8783429344630322,0.8896707438904087,0.9433211088180542
0.0,0.0,5,True,147330,5,"[[0, 27, 49, 39, 48, 2, 43, 9, 47, 31, 36, 0], [0, 14, 3, 15, 42, 11, 41, 1, 37, 38, 50, 0], [0, 33, 26, 28, 30, 8, 17, 34, 7, 16, 45, 0], [0, 12, 35, 4, 6, 22, 5, 20, 25, 40, 44, 0], [0, 29, 21, 13, 24, 32, 46, 23, 10, 18, 19, 0]]",7.401712677798059,0.22879698981755767,2.4499997631646693,0.3330890417098999,0.2161057843222065,0.34445376311406484,0.8714816219964592,0.8798855444405018,0.9433211088180542
0.0,0.0,6,True,147330,5,"[[0, 50, 38, 37, 1, 41, 11, 15, 3, 14, 45, 0], [0, 36, 31, 9, 47, 43, 2, 48, 39, 49, 27, 0], [0, 40, 25, 20, 5, 22, 6, 4, 35, 16, 12, 0], [0, 13, 24, 32, 46, 23, 10, 29, 21, 18, 19, 0], [0, 42, 7, 34, 17, 8, 30, 28, 26, 33, 44, 0]]",7.832528088147228,0.2510662380872028,2.1799189038865734,0.33590228979786235,0.1600276774235363,0.20905334183933794,0.8761807471787402,0.8925882764785739,0.9433211088180542
0.0,0.0,7,True,146664,5,"[[0, 19, 18, 10, 23, 46, 32, 24, 13, 21, 29, 0], [0, 33, 26, 28, 30, 5, 22, 6, 4, 35, 44, 0], [0, 12, 45, 16, 7, 8, 34, 17, 39, 49, 27, 0], [0, 40, 25, 20, 2, 48, 43, 47, 9, 31, 36, 0], [0, 14, 3, 15, 42, 11, 41, 1, 37, 38, 50, 0]]",6.8952978898378205,0.21898497863938765,1.9090718097286299,0.2603028118610382,0.0992119877328912,0.07618314111570364,0.8705632741864793,0.88237678201324,0.9433211088180542
0.0,0.0,8,True,147330,5,"[[0, 14, 3, 15, 42, 11, 41, 1, 37, 38, 50, 0], [0, 12, 45, 13, 46, 23, 10, 29, 21, 18, 19, 0], [0, 32, 24, 6, 22, 5, 48, 2, 20, 25, 40, 0], [0, 36, 31, 47, 9, 43, 30, 28, 26, 33, 44, 0], [0, 27, 49, 39, 17, 34, 8, 7, 16, 4, 35, 0]]",7.764764645144169,0.241536439621243,1.7999478533893125,0.2872739091515541,0.086452668003552,0.06520835821364546,0.8790307959134978,0.8889064955428065,0.9433211088180542
0.0,0.0,9,True,145999,5,"[[0, 14, 3, 15, 42, 41, 11, 1, 37, 38, 50, 0], [0, 27, 49, 39, 17, 34, 8, 7, 30, 21, 29, 0], [0, 12, 45, 13, 24, 32, 46, 23, 10, 18, 19, 0], [0, 44, 40, 25, 20, 35, 4, 16, 28, 26, 33, 0], [0, 6, 22, 5, 48, 2, 43, 47, 9, 31, 36, 0]]",8.18041016425559,0.25552472941063603,2.7541256970143877,0.4886938914656639,0.22039124424430856,0.43146547976901556,0.8893174661692402,0.9037228655190253,1.7393436431884766
1.5,1.0,0,True,198270,5,"[[0, 38, 14, 3, 34, 17, 39, 8, 7, 16, 19, 0], [0, 15, 33, 26, 30, 28, 47, 9, 48, 2, 1, 0], [0, 12, 45, 13, 23, 10, 18, 21, 29, 43, 35, 0], [0, 41, 11, 42, 5, 22, 6, 4, 40, 25, 20, 0], [0, 36, 31, 46, 32, 24, 37, 49, 27, 50, 44, 0]]",2.3021976125953074,0.04275997669288987,0.9647074935928686,0.08789128292765883,0.3410266498889616,0.08539228419136018,0.7696248365432106,0.7110445284742629,0.6701114177703857
1.5,1.0,1,True,197986,5,"[[0, 50, 44, 27, 49, 37, 24, 32, 46, 31, 36, 0], [0, 15, 33, 26, 30, 28, 47, 9, 48, 2, 1, 0], [0, 19, 16, 7, 8, 39, 17, 34, 3, 14, 38, 0], [0, 13, 23, 10, 18, 21, 25, 40, 20, 45, 12, 0], [0, 29, 43, 35, 4, 6, 22, 5, 42, 41, 11, 0]]",2.544806430267897,0.06083306483924389,0.9647074935928686,0.08789128292765883,0.28195181434578354,0.06917922543381619,0.793642788491477,0.7438663671736729,0.6701114177703857
1.5,1.0,2,True,197986,5,"[[0, 36, 31, 46, 32, 24, 37, 49, 27, 44, 50, 0], [0, 12, 45, 20, 40, 25, 21, 18, 10, 23, 13, 0], [0, 38, 14, 3, 34, 17, 39, 8, 7, 16, 19, 0], [0, 15, 33, 26, 30, 28, 47, 9, 48, 2, 1, 0], [0, 29, 43, 35, 4, 6, 22, 5, 42, 41, 11, 0]]",2.4006030691732008,0.04702294789053298,0.9647074935928686,0.08789128292765883,0.32351362577973664,0.08255020835718889,0.7820573597401272,0.7289681927078565,0.6701114177703857
1.5,1.0,3,True,197986,5,"[[0, 1, 2, 48, 47, 9, 28, 30, 26, 33, 15, 0], [0, 36, 31, 46, 32, 24, 37, 49, 27, 44, 50, 0], [0, 11, 41, 42, 5, 22, 6, 4, 35, 43, 29, 0], [0, 13, 23, 10, 18, 21, 25, 40, 20, 45, 12, 0], [0, 19, 16, 7, 8, 39, 17, 34, 3, 14, 38, 0]]",2.546727477840875,0.06083306483924389,0.9647074935928686,0.08789128292765883,0.2820408604579092,0.06923318003892878,0.7926680144241267,0.743305253865825,0.6701114177703857
1.5,1.0,4,True,197986,5,"[[0, 11, 41, 42, 5, 22, 6, 4, 35, 43, 29, 0], [0, 50, 44, 27, 49, 37, 24, 32, 46, 31, 36, 0], [0, 15, 33, 26, 30, 28, 47, 9, 48, 2, 1, 0], [0, 12, 45, 20, 40, 25, 21, 18, 10, 23, 13, 0], [0, 38, 14, 3, 34, 17, 39, 8, 7, 16, 19, 0]]",2.398682021600223,0.04702294789053298,0.9647074935928686,0.08789128292765883,0.3234523696556493,0.08247379679682638,0.7830899840079544,0.7295520060540059,0.6701114177703857
1.5,1.0,5,True,198076,5,"[[0, 21, 18, 10, 23, 13, 45, 42, 11, 41, 15, 0], [0, 27, 49, 37, 24, 32, 46, 5, 22, 6, 12, 0], [0, 29, 43, 35, 4, 40, 25, 20, 3, 14, 38, 0], [0, 19, 16, 7, 8, 39, 17, 34, 48, 2, 1, 0], [0, 44, 50, 33, 26, 30, 28, 47, 9, 31, 36, 0]]",2.4213549493494497,0.054468176057261806,0.8644628251774407,0.11741112731397152,0.28818719507651935,0.063257060604897,0.7812899209806103,0.7226916344338081,0.6701114177703857
1.5,1.0,6,True,197986,5,"[[0, 12, 45, 20, 40, 25, 21, 18, 10, 23, 13, 0], [0, 29, 43, 35, 4, 6, 22, 5, 42, 11, 41, 0], [0, 19, 16, 7, 8, 39, 17, 34, 3, 14, 38, 0], [0, 44, 50, 27, 49, 37, 24, 32, 46, 31, 36, 0], [0, 1, 2, 48, 9, 47, 28, 30, 26, 33, 15, 0]]",2.398424097342911,0.04702294789053298,0.9647074935928686,0.08789128292765883,0.32357318466013063,0.08250397749072692,0.783266311700634,0.7296304613862136,0.6701114177703857
1.5,1.0,7,True,198156,5,"[[0, 35, 43, 4, 40, 25, 20, 3, 14, 38, 50, 0], [0, 1, 2, 48, 34, 17, 39, 8, 7, 16, 19, 0], [0, 27, 49, 37, 24, 32, 46, 5, 22, 6, 12, 0], [0, 36, 31, 9, 47, 28, 30, 26, 33, 15, 44, 0], [0, 29, 21, 18, 10, 23, 13, 45, 42, 41, 11, 0]]",2.289718269667617,0.04276167169997567,0.8644628251774407,0.11741112731397152,0.279016716061387,0.05833180551610626,0.7706763433075523,0.7103212263878905,0.6701114177703857
1.5,1.0,8,True,198275,5,"[[0, 50, 38, 14, 45, 13, 23, 10, 18, 21, 29, 0], [0, 1, 2, 48, 9, 47, 28, 30, 26, 33, 44, 0], [0, 27, 49, 37, 24, 32, 46, 5, 22, 6, 12, 0], [0, 36, 31, 3, 34, 17, 39, 8, 7, 16, 19, 0], [0, 20, 25, 40, 4, 43, 35, 11, 41, 42, 15, 0]]",2.3101829726862775,0.04105229019187391,0.9725717598921619,0.11117611186844963,0.3550187078842826,0.0899995901328902,0.7665571602444401,0.7077307026628948,0.6701114177703857
1.5,1.0,9,True,198632,5,"[[0, 44, 50, 33, 26, 30, 28, 9, 47, 31, 36, 0], [0, 13, 23, 10, 18, 21, 12, 42, 11, 41, 15, 0], [0, 29, 43, 35, 4, 40, 25, 20, 3, 14, 38, 0], [0, 1, 2, 48, 5, 46, 32, 24, 37, 49, 27, 0], [0, 19, 16, 7, 8, 39, 17, 34, 22, 6, 45, 0]]",2.4835956476078422,0.05475901742465794,1.3357512246875558,0.14624487748369575,0.43173677906686114,0.19353826863923612,0.7812998293137396,0.7259780030872067,0.6701114177703857
