beta,lambda_concentration,seed,is_feasible,pyvrp_cost,num_routes,routes,global_risk,global_cvar90,max_vehicle_risk,max_vehicle_cvar90,vehicle_risk_gini,risk_variance,edge_burden_gini_used,top10_burden_share,max_edge_burden
0.0,0.0,0,True,145999,5,"[[0, 44, 14, 3, 15, 41, 11, 1, 37, 38, 50, 0], [0, 42, 7, 8, 34, 17, 9, 47, 43, 26, 33, 0], [0, 45, 12, 13, 24, 32, 46, 23, 10, 18, 19, 0], [0, 40, 25, 20, 35, 4, 16, 28, 30, 21, 29, 0], [0, 36, 31, 6, 22, 2, 48, 5, 39, 49, 27, 0]]",7.135223927923107,0.1952076953920451,3.0568374675349332,0.45633352051178616,0.32610863119474987,0.7974411402616111,0.875174111254877,0.8956434210133666,0.8462657928466797
0.0,0.0,1,True,145999,5,"[[0, 6, 22, 5, 2, 48, 43, 9, 47, 31, 36, 0], [0, 12, 45, 13, 24, 32, 46, 23, 10, 18, 19, 0], [0, 27, 49, 39, 17, 34, 8, 7, 30, 21, 29, 0], [0, 33, 26, 28, 16, 4, 35, 20, 25, 40, 44, 0], [0, 14, 3, 15, 42, 41, 11, 1, 37, 38, 50, 0]]",8.0697066467701,0.2616104000647153,3.070621456427034,0.5525182783603668,0.3193830007441971,0.853864189656273,0.8886010474289741,0.9087491655800054,1.6925315856933594
0.0,0.0,2,True,146664,5,"[[0, 27, 49, 39, 17, 34, 8, 7, 16, 12, 45, 0], [0, 35, 4, 6, 22, 5, 43, 47, 9, 31, 36, 0], [0, 33, 26, 28, 30, 48, 2, 20, 25, 40, 19, 0], [0, 14, 3, 15, 42, 41, 11, 1, 37, 38, 50, 0], [0, 29, 21, 18, 10, 23, 46, 32, 24, 13, 44, 0]]",6.570296645521921,0.2029611905715589,2.3866305675910553,0.40569124817848207,0.2671792596610365,0.41701866113767483,0.878711901485248,0.8958037416685686,0.8462657928466797
1.0,0.0,0,True,174919,5,"[[0, 1, 11, 42, 41, 15, 3, 14, 38, 50, 44, 0], [0, 48, 2, 34, 17, 39, 8, 7, 16, 18, 19, 0], [0, 12, 35, 4, 43, 47, 9, 28, 30, 26, 33, 0], [0, 13, 23, 10, 29, 21, 20, 25, 40, 31, 36, 0], [0, 45, 6, 22, 5, 46, 32, 24, 37, 49, 27, 0]]",2.788344074368684,0.057319042763035545,0.8309942853957182,0.09942463146788734,0.22071199029534339,0.04937974946203118,0.8051270460169171,0.7721158980720353,0.5757715702056885
1.0,0.0,1,True,175823,5,"[[0, 33, 26, 30, 28, 47, 9, 43, 29, 10, 19, 0], [0, 35, 4, 6, 22, 34, 17, 39, 8, 23, 13, 0], [0, 15, 11, 41, 42, 7, 16, 18, 21, 45, 12, 0], [0, 36, 31, 40, 25, 20, 3, 14, 38, 50, 44, 0], [0, 1, 2, 48, 5, 46, 32, 24, 37, 49, 27, 0]]",2.835128902167231,0.06065007903285929,1.1993765351799084,0.13198428018949926,0.3417789328889991,0.13252430469965298,0.8094350730695616,0.7790961557846663,0.5757715702056885
1.0,0.0,2,True,174919,5,"[[0, 36, 31, 40, 25, 20, 21, 29, 10, 23, 13, 0], [0, 33, 26, 30, 28, 9, 47, 43, 4, 35, 12, 0], [0, 27, 49, 37, 24, 32, 46, 5, 22, 6, 45, 0], [0, 1, 41, 11, 42, 15, 3, 14, 38, 50, 44, 0], [0, 19, 18, 16, 7, 8, 39, 17, 34, 48, 2, 0]]",2.7960980615250044,0.057319042763035545,0.8309942853957182,0.09942463146788734,0.21899066554398638,0.04908186473848824,0.802064030048192,0.7699747082335165,0.5757715702056885
