beta,lambda_concentration,seed,is_feasible,pyvrp_cost,num_routes,routes,global_risk,global_cvar90,max_vehicle_risk,max_vehicle_cvar90,vehicle_risk_gini,risk_variance,edge_burden_gini_used,top10_burden_share,max_edge_burden
0.0,0.0,0,True,133997,5,"[[0, 14, 42, 41, 1, 45, 11, 15, 3, 16, 48, 0], [0, 18, 32, 4, 29, 19, 6, 24, 40, 20, 44, 0], [0, 27, 35, 5, 36, 28, 26, 23, 30, 12, 49, 0], [0, 46, 22, 7, 8, 43, 33, 34, 2, 25, 39, 0], [0, 17, 13, 10, 37, 50, 38, 31, 9, 47, 21, 0]]",9.961907339980826,0.21983334235846996,3.005996051011607,0.3496236465871334,0.12546919534075918,0.27386435667315556,0.8490543922892648,0.8897058301755093,1.2990610599517822
0.0,0.0,1,True,133997,5,"[[0, 17, 13, 10, 37, 50, 38, 31, 9, 47, 21, 0], [0, 18, 32, 4, 29, 6, 19, 24, 40, 20, 44, 0], [0, 14, 42, 41, 1, 11, 45, 15, 3, 16, 48, 0], [0, 46, 22, 7, 8, 43, 33, 34, 2, 25, 39, 0], [0, 27, 35, 5, 36, 28, 26, 23, 30, 12, 49, 0]]",9.961907339980826,0.21983334235846996,3.005996051011607,0.3496236465871334,0.12546919534075918,0.27386435667315556,0.8490543922892648,0.8897058301755093,1.2990610599517822
0.0,0.0,2,True,133998,5,"[[0, 16, 3, 15, 45, 11, 1, 41, 42, 14, 48, 0], [0, 25, 2, 34, 33, 43, 8, 7, 22, 46, 39, 0], [0, 38, 31, 9, 47, 21, 27, 23, 30, 49, 12, 0], [0, 26, 28, 36, 5, 35, 10, 37, 50, 13, 17, 0], [0, 44, 20, 40, 24, 6, 19, 29, 4, 32, 18, 0]]",12.0034055178985,0.41451005236460614,3.24593656079378,0.5373778939247131,0.19681653224147766,0.8010807221174996,0.8522234087892147,0.8723342571993109,1.2990610599517822
1.0,0.0,0,True,162030,5,"[[0, 1, 16, 20, 44, 17, 13, 37, 10, 27, 48, 0], [0, 12, 30, 23, 26, 28, 2, 25, 11, 39, 15, 0], [0, 21, 47, 29, 4, 32, 6, 19, 24, 41, 42, 0], [0, 35, 18, 34, 33, 43, 8, 7, 22, 46, 45, 0], [0, 49, 40, 9, 31, 36, 5, 50, 38, 3, 14, 0]]",3.9024748634546995,0.08537768879357506,1.7590908942511305,0.17028927389118406,0.3796605388275789,0.31343237432817594,0.755896032070029,0.7468098975058928,0.6495305299758911
1.0,0.0,1,True,161817,5,"[[0, 40, 8, 43, 5, 50, 38, 31, 9, 3, 14, 0], [0, 15, 11, 25, 2, 28, 26, 23, 30, 12, 49, 0], [0, 20, 44, 17, 13, 6, 19, 24, 41, 1, 48, 0], [0, 27, 21, 47, 29, 4, 32, 39, 45, 16, 42, 0], [0, 37, 10, 35, 18, 34, 33, 36, 7, 22, 46, 0]]",4.391455240547657,0.0874843526727114,1.294165868894197,0.13433996215462685,0.22186678662777926,0.14443521771267806,0.7718410250772405,0.7672591218136824,0.688961386680603
1.0,0.0,2,True,161459,5,"[[0, 37, 10, 35, 18, 34, 33, 36, 31, 9, 40, 0], [0, 1, 16, 39, 32, 4, 29, 47, 21, 27, 48, 0], [0, 42, 41, 24, 6, 19, 20, 44, 17, 13, 49, 0], [0, 14, 3, 38, 50, 5, 43, 8, 7, 22, 46, 0], [0, 15, 45, 11, 25, 2, 28, 26, 23, 30, 12, 0]]",3.6313125530723482,0.07150945893010578,1.50170665117912,0.12649010829627513,0.347864155542704,0.22373593628063904,0.7428247607439915,0.7284653840814165,0.6495305299758911
