beta,lambda_concentration,seed,is_feasible,pyvrp_cost,num_routes,routes,global_risk,global_cvar90,max_vehicle_risk,max_vehicle_cvar90,vehicle_risk_gini,risk_variance,edge_burden_gini_used,top10_burden_share,max_edge_burden
0.0,0.0,0,True,133997,5,"[[0, 14, 42, 41, 1, 45, 11, 15, 3, 16, 48, 0], [0, 18, 32, 4, 29, 19, 6, 24, 40, 20, 44, 0], [0, 27, 35, 5, 36, 28, 26, 23, 30, 12, 49, 0], [0, 46, 22, 7, 8, 43, 33, 34, 2, 25, 39, 0], [0, 17, 13, 10, 37, 50, 38, 31, 9, 47, 21, 0]]",6.719597293369588,0.20653119134106512,2.287699148640968,0.3532309300887088,0.171726678209833,0.2345683932793398,0.8549064299427585,0.8874821074564807,0.8572050929069519
0.0,0.0,1,True,133997,5,"[[0, 17, 13, 10, 37, 50, 38, 31, 9, 47, 21, 0], [0, 18, 32, 4, 29, 6, 19, 24, 40, 20, 44, 0], [0, 14, 42, 41, 1, 11, 45, 15, 3, 16, 48, 0], [0, 46, 22, 7, 8, 43, 33, 34, 2, 25, 39, 0], [0, 27, 35, 5, 36, 28, 26, 23, 30, 12, 49, 0]]",6.719597293369588,0.20653119134106512,2.287699148640968,0.3532309300887088,0.171726678209833,0.2345683932793398,0.8549064299427585,0.8874821074564807,0.8572050929069519
0.0,0.0,2,True,133998,5,"[[0, 16, 3, 15, 45, 11, 1, 41, 42, 14, 48, 0], [0, 25, 2, 34, 33, 43, 8, 7, 22, 46, 39, 0], [0, 38, 31, 9, 47, 21, 27, 23, 30, 49, 12, 0], [0, 26, 28, 36, 5, 35, 10, 37, 50, 13, 17, 0], [0, 44, 20, 40, 24, 6, 19, 29, 4, 32, 18, 0]]",8.48140236090694,0.29483349735920245,2.3544123822357506,0.40354545712471007,0.20808197655800464,0.41608829291816923,0.8602865443992269,0.8782560051174244,0.8572050929069519
1.0,0.0,0,True,157827,5,"[[0, 30, 23, 26, 28, 2, 25, 45, 15, 16, 42, 0], [0, 20, 44, 17, 13, 37, 10, 40, 49, 12, 48, 0], [0, 46, 22, 43, 8, 7, 36, 31, 9, 47, 21, 0], [0, 1, 41, 24, 6, 19, 29, 4, 32, 39, 11, 0], [0, 14, 3, 38, 50, 5, 33, 34, 18, 35, 27, 0]]",2.7705643639928894,0.06081497562783105,0.7389872627099976,0.08697270695120096,0.14666959295779392,0.021023113625064954,0.7699562137290121,0.7605247328277662,0.37898150086402893
1.0,0.0,1,True,158404,5,"[[0, 13, 17, 44, 20, 5, 33, 34, 50, 38, 39, 0], [0, 37, 10, 35, 18, 32, 4, 29, 47, 21, 27, 0], [0, 12, 19, 6, 24, 41, 1, 16, 3, 14, 42, 0], [0, 40, 9, 31, 36, 7, 8, 43, 22, 46, 11, 0], [0, 15, 45, 25, 2, 28, 26, 23, 30, 49, 48, 0]]",2.730927161013824,0.07448625323121194,0.9046300972695462,0.12538929873456559,0.22692058973914175,0.05051648413300719,0.7768743923864749,0.7701670653342314,0.37898150086402893
1.0,0.0,2,True,157814,5,"[[0, 12, 49, 13, 17, 44, 20, 16, 3, 14, 42, 0], [0, 41, 24, 6, 19, 29, 4, 32, 47, 21, 27, 0], [0, 40, 9, 31, 36, 7, 8, 43, 22, 46, 15, 0], [0, 37, 10, 35, 18, 34, 33, 5, 50, 38, 39, 0], [0, 30, 23, 26, 28, 2, 25, 45, 11, 1, 48, 0]]",2.545318780015805,0.06488291772880725,1.0394472806947306,0.1094375355169177,0.3203249387692426,0.0908878740334736,0.7585889567430268,0.7403018520163127,0.37898150086402893
