beta,lambda_concentration,seed,is_feasible,pyvrp_cost,num_routes,routes,global_risk,global_cvar90,max_vehicle_risk,max_vehicle_cvar90,vehicle_risk_gini,risk_variance,edge_burden_gini_used,top10_burden_share,max_edge_burden
0.0,0.0,0,True,145999,5,"[[0, 44, 14, 3, 15, 41, 11, 1, 37, 38, 50, 0], [0, 42, 7, 8, 34, 17, 9, 47, 43, 26, 33, 0], [0, 45, 12, 13, 24, 32, 46, 23, 10, 18, 19, 0], [0, 40, 25, 20, 35, 4, 16, 28, 30, 21, 29, 0], [0, 36, 31, 6, 22, 2, 48, 5, 39, 49, 27, 0]]",7.989527504008176,0.2517911708670108,2.95677258066936,0.3816757075170331,0.24354541984125921,0.551083620572378,0.8495273027793311,0.8802786375006872,0.8546266306473567
0.0,0.0,1,True,145999,5,"[[0, 6, 22, 5, 2, 48, 43, 9, 47, 31, 36, 0], [0, 12, 45, 13, 24, 32, 46, 23, 10, 18, 19, 0], [0, 27, 49, 39, 17, 34, 8, 7, 30, 21, 29, 0], [0, 33, 26, 28, 16, 4, 35, 20, 25, 40, 44, 0], [0, 14, 3, 15, 42, 41, 11, 1, 37, 38, 50, 0]]",8.993911299331861,0.2874329692552583,2.9416995422021355,0.4491643547224576,0.24176571790944945,0.5943778122492438,0.8649706458839572,0.8957826137788018,1.7092532612947133
0.0,0.0,2,True,146664,5,"[[0, 27, 49, 39, 17, 34, 8, 7, 16, 12, 45, 0], [0, 35, 4, 6, 22, 5, 43, 47, 9, 31, 36, 0], [0, 33, 26, 28, 30, 48, 2, 20, 25, 40, 19, 0], [0, 14, 3, 15, 42, 41, 11, 1, 37, 38, 50, 0], [0, 29, 21, 18, 10, 23, 46, 32, 24, 13, 44, 0]]",7.148892109797013,0.17526439386442236,2.3333251022320973,0.3873758934646786,0.2094596402467559,0.3039799853425107,0.8474545781845633,0.8730329599013926,0.8546266306473567
0.0,0.0,3,True,146664,5,"[[0, 44, 50, 38, 37, 1, 41, 11, 15, 3, 14, 0], [0, 19, 18, 21, 29, 10, 23, 46, 32, 24, 13, 0], [0, 45, 12, 42, 7, 8, 34, 17, 39, 49, 27, 0], [0, 16, 35, 4, 6, 22, 5, 30, 28, 26, 33, 0], [0, 40, 25, 20, 2, 48, 43, 47, 9, 31, 36, 0]]",8.622087302146465,0.26439137178858574,3.0942201670627068,0.47889540243559486,0.25815771902045426,0.7127128375221253,0.8491794170393976,0.8830497776342512,0.8546266306473567
0.0,0.0,4,True,147330,5,"[[0, 36, 31, 9, 47, 43, 48, 2, 20, 25, 40, 0], [0, 45, 12, 13, 24, 32, 46, 23, 10, 29, 44, 0], [0, 14, 3, 15, 42, 11, 41, 1, 37, 38, 50, 0], [0, 21, 35, 4, 6, 22, 5, 30, 28, 26, 33, 0], [0, 27, 49, 39, 17, 34, 8, 7, 16, 18, 19, 0]]",7.743038677314464,0.2430095925151039,2.3220938188865556,0.3038606431475124,0.20845100550885975,0.33172498554940055,0.8476118168630766,0.8798528726255519,0.8546266306473567
0.0,0.0,5,True,147330,5,"[[0, 27, 49, 39, 48, 2, 43, 9, 47, 31, 36, 0], [0, 14, 3, 15, 42, 11, 41, 1, 37, 38, 50, 0], [0, 33, 26, 28, 30, 8, 17, 34, 7, 16, 45, 0], [0, 12, 35, 4, 6, 22, 5, 20, 25, 40, 44, 0], [0, 29, 21, 13, 24, 32, 46, 23, 10, 18, 19, 0]]",8.478197825398315,0.2676542716880806,2.9960880471727567,0.39467945294348705,0.23858360119573874,0.6030447363298589,0.8433455370395282,0.8588242560898544,0.8546266306473567
0.0,0.0,6,True,147330,5,"[[0, 50, 38, 37, 1, 41, 11, 15, 3, 14, 45, 0], [0, 36, 31, 9, 47, 43, 2, 48, 39, 49, 27, 0], [0, 40, 25, 20, 5, 22, 6, 4, 35, 16, 12, 0], [0, 13, 24, 32, 46, 23, 10, 29, 21, 18, 19, 0], [0, 42, 7, 34, 17, 8, 30, 28, 26, 33, 44, 0]]",8.786654474367985,0.27931939955997087,2.577549700965309,0.34728621290055245,0.19523175197050935,0.3722965726847308,0.8513225156934132,0.8859422095400538,0.8546266306473567
0.0,0.0,7,True,146664,5,"[[0, 19, 18, 10, 23, 46, 32, 24, 13, 21, 29, 0], [0, 33, 26, 28, 30, 5, 22, 6, 4, 35, 44, 0], [0, 12, 45, 16, 7, 8, 34, 17, 39, 49, 27, 0], [0, 40, 25, 20, 2, 48, 43, 47, 9, 31, 36, 0], [0, 14, 3, 15, 42, 11, 41, 1, 37, 38, 50, 0]]",7.939074025394094,0.2414539223285216,2.323933812012099,0.2984145452425101,0.16135620909073345,0.21506280873977107,0.8427091718061419,0.8752338394044332,0.8546266306473567
0.0,0.0,8,True,147330,5,"[[0, 14, 3, 15, 42, 11, 41, 1, 37, 38, 50, 0], [0, 12, 45, 13, 46, 23, 10, 29, 21, 18, 19, 0], [0, 32, 24, 6, 22, 5, 48, 2, 20, 25, 40, 0], [0, 36, 31, 47, 9, 43, 30, 28, 26, 33, 44, 0], [0, 27, 49, 39, 17, 34, 8, 7, 16, 4, 35, 0]]",8.761477836340477,0.2783812459745542,2.8596846686843325,0.37621952574417683,0.188252968149224,0.3910973814747481,0.8519304730810622,0.878165003122677,0.8546266306473567
0.0,0.0,9,True,145999,5,"[[0, 14, 3, 15, 42, 41, 11, 1, 37, 38, 50, 0], [0, 27, 49, 39, 17, 34, 8, 7, 30, 21, 29, 0], [0, 12, 45, 13, 24, 32, 46, 23, 10, 18, 19, 0], [0, 44, 40, 25, 20, 35, 4, 16, 28, 26, 33, 0], [0, 6, 22, 5, 48, 2, 43, 47, 9, 31, 36, 0]]",8.992999724988696,0.2874329692552583,2.9416995422021355,0.4491643547224576,0.24174967851034213,0.5942115672226975,0.8646687606902976,0.8958734146764719,1.7092532612947133
1.0,0.0,0,True,175548,5,"[[0, 29, 43, 35, 4, 6, 22, 5, 46, 32, 24, 0], [0, 12, 45, 40, 25, 20, 21, 18, 10, 23, 13, 0], [0, 33, 26, 30, 28, 2, 48, 47, 9, 31, 36, 0], [0, 44, 50, 38, 14, 3, 15, 41, 42, 11, 1, 0], [0, 27, 37, 49, 39, 17, 34, 8, 7, 16, 19, 0]]",3.538255317597729,0.08017633376254572,1.115845739469816,0.13675674385017647,0.2512683791151409,0.10205682447321962,0.76416210585044,0.755169923416791,0.49632981642926793
1.0,0.0,1,True,175548,5,"[[0, 44, 1, 11, 42, 41, 15, 3, 14, 38, 50, 0], [0, 33, 26, 30, 28, 48, 2, 47, 9, 31, 36, 0], [0, 29, 43, 35, 4, 6, 22, 5, 46, 32, 24, 0], [0, 45, 40, 25, 20, 21, 18, 10, 23, 13, 12, 0], [0, 27, 37, 49, 39, 17, 34, 8, 7, 16, 19, 0]]",3.538255317597729,0.08017633376254572,1.115845739469816,0.13675674385017647,0.2512683791151409,0.10205682447321962,0.7641621058504395,0.7551699234167908,0.49632981642926793
1.0,0.0,2,True,175548,5,"[[0, 29, 43, 35, 4, 6, 22, 5, 46, 32, 24, 0], [0, 13, 23, 10, 18, 21, 20, 25, 40, 12, 45, 0], [0, 36, 31, 47, 9, 2, 48, 28, 30, 26, 33, 0], [0, 44, 50, 38, 14, 3, 15, 41, 11, 42, 1, 0], [0, 19, 16, 7, 8, 34, 17, 39, 49, 37, 27, 0]]",3.5369155933569134,0.08017633376254572,1.115845739469816,0.1367567438501765,0.25104231151515277,0.1017788617849277,0.7650074833914184,0.7554559691042356,0.49632981642926793
1.0,0.0,3,True,175461,5,"[[0, 27, 37, 49, 39, 17, 34, 47, 9, 31, 36, 0], [0, 1, 11, 42, 41, 15, 3, 14, 38, 50, 44, 0], [0, 45, 40, 25, 20, 22, 6, 4, 35, 43, 29, 0], [0, 33, 26, 30, 28, 16, 7, 8, 23, 13, 12, 0], [0, 2, 48, 5, 46, 32, 24, 21, 18, 10, 19, 0]]",3.7677902807269548,0.08451436852059628,1.059051190299014,0.11914268354169232,0.17581391844744054,0.058404873460663274,0.7679129456310236,0.761524930294137,0.49632981642926793
1.0,0.0,4,True,175981,5,"[[0, 36, 31, 40, 25, 20, 5, 22, 6, 4, 35, 0], [0, 19, 16, 7, 8, 34, 17, 39, 49, 37, 27, 0], [0, 21, 18, 10, 23, 46, 32, 24, 13, 45, 12, 0], [0, 33, 26, 30, 28, 2, 48, 9, 47, 43, 29, 0], [0, 1, 11, 42, 41, 15, 3, 14, 38, 50, 44, 0]]",4.107883712447122,0.09776429567262603,1.6143511256129481,0.17166116349346702,0.3063875612831741,0.22555379987828478,0.785817393918329,0.7883226082755561,0.49632981642926793
1.0,0.0,5,True,175548,5,"[[0, 1, 11, 42, 41, 15, 3, 14, 38, 50, 44, 0], [0, 29, 43, 35, 4, 6, 22, 5, 46, 32, 24, 0], [0, 45, 40, 25, 20, 21, 18, 10, 23, 13, 12, 0], [0, 36, 31, 9, 47, 2, 48, 28, 30, 26, 33, 0], [0, 19, 16, 7, 8, 34, 17, 39, 49, 37, 27, 0]]",3.536415324472186,0.08017633376254572,1.115845739469816,0.1367567438501765,0.2511909942112567,0.1018610189086647,0.7647811930903001,0.7555628375233687,0.49632981642926793
1.0,0.0,6,True,175548,5,"[[0, 19, 16, 7, 8, 34, 17, 39, 49, 37, 27, 0], [0, 1, 11, 42, 41, 15, 3, 14, 38, 50, 44, 0], [0, 36, 31, 9, 47, 48, 2, 28, 30, 26, 33, 0], [0, 24, 32, 46, 5, 22, 6, 4, 35, 43, 29, 0], [0, 12, 40, 25, 20, 21, 18, 10, 23, 13, 45, 0]]",3.536415324472185,0.08017633376254572,1.115845739469816,0.1367567438501765,0.2511909942112567,0.1018610189086647,0.7647811930903001,0.7555628375233688,0.49632981642926793
1.0,0.0,7,True,175548,5,"[[0, 44, 50, 38, 14, 3, 15, 41, 11, 42, 1, 0], [0, 13, 23, 10, 18, 21, 20, 25, 40, 45, 12, 0], [0, 29, 43, 35, 4, 6, 22, 5, 46, 32, 24, 0], [0, 19, 16, 7, 8, 34, 17, 39, 49, 37, 27, 0], [0, 36, 31, 47, 9, 2, 48, 28, 30, 26, 33, 0]]",3.5369155933569143,0.08017633376254572,1.115845739469816,0.1367567438501765,0.251042311515153,0.1017788617849277,0.7650074833914189,0.7554559691042357,0.49632981642926793
1.0,0.0,8,True,176186,5,"[[0, 33, 26, 30, 28, 16, 7, 42, 11, 41, 1, 0], [0, 24, 32, 46, 5, 22, 6, 4, 35, 43, 29, 0], [0, 50, 38, 14, 45, 13, 23, 10, 18, 21, 12, 0], [0, 15, 3, 34, 17, 8, 39, 49, 37, 27, 44, 0], [0, 19, 40, 25, 20, 2, 48, 9, 47, 31, 36, 0]]",4.1469323423392215,0.09866390470776223,1.0694649116203334,0.18023956238080197,0.16123868677652764,0.06387402905023327,0.7814902259590031,0.7831559150612347,0.49632981642926793
1.0,0.0,9,True,175548,5,"[[0, 27, 37, 49, 39, 17, 34, 8, 7, 16, 19, 0], [0, 24, 32, 46, 5, 22, 6, 4, 35, 43, 29, 0], [0, 1, 42, 11, 41, 15, 3, 14, 38, 50, 44, 0], [0, 12, 45, 40, 25, 20, 21, 18, 10, 23, 13, 0], [0, 36, 31, 47, 9, 48, 2, 28, 30, 26, 33, 0]]",3.536415324472186,0.08017633376254572,1.115845739469816,0.13675674385017647,0.2511909942112567,0.1018610189086647,0.7647811930903001,0.7555628375233687,0.49632981642926793
