beta,lambda_concentration,seed,is_feasible,pyvrp_cost,num_routes,routes,global_risk,global_cvar90,max_vehicle_risk,max_vehicle_cvar90,vehicle_risk_gini,risk_variance,edge_burden_gini_used,top10_burden_share,max_edge_burden
0.0,0.0,0,True,133997,5,"[[0, 14, 42, 41, 1, 45, 11, 15, 3, 16, 48, 0], [0, 18, 32, 4, 29, 19, 6, 24, 40, 20, 44, 0], [0, 27, 35, 5, 36, 28, 26, 23, 30, 12, 49, 0], [0, 46, 22, 7, 8, 43, 33, 34, 2, 25, 39, 0], [0, 17, 13, 10, 37, 50, 38, 31, 9, 47, 21, 0]]",7.938871031161398,0.23886908994366726,2.3156333910301328,0.3576091630384326,0.1214338684348073,0.14762443320176094,0.8719541219448845,0.8989818906504707,0.9099960923194885
0.0,0.0,1,True,133997,5,"[[0, 17, 13, 10, 37, 50, 38, 31, 9, 47, 21, 0], [0, 18, 32, 4, 29, 6, 19, 24, 40, 20, 44, 0], [0, 14, 42, 41, 1, 11, 45, 15, 3, 16, 48, 0], [0, 46, 22, 7, 8, 43, 33, 34, 2, 25, 39, 0], [0, 27, 35, 5, 36, 28, 26, 23, 30, 12, 49, 0]]",7.938871031161398,0.23886908994366726,2.3156333910301328,0.3576091630384326,0.1214338684348073,0.14762443320176094,0.8719541219448845,0.8989818906504707,0.9099960923194885
0.0,0.0,2,True,133998,5,"[[0, 16, 3, 15, 45, 11, 1, 41, 42, 14, 48, 0], [0, 25, 2, 34, 33, 43, 8, 7, 22, 46, 39, 0], [0, 38, 31, 9, 47, 21, 27, 23, 30, 49, 12, 0], [0, 26, 28, 36, 5, 35, 10, 37, 50, 13, 17, 0], [0, 44, 20, 40, 24, 6, 19, 29, 4, 32, 18, 0]]",9.866193696681876,0.34778588723677856,2.682515315391356,0.5043683126568794,0.150834280283487,0.2987666694623778,0.873449626340663,0.899179597547107,0.9099960923194885
1.0,0.0,0,True,158341,5,"[[0, 1, 11, 45, 25, 2, 28, 26, 23, 30, 48, 0], [0, 35, 18, 34, 33, 43, 8, 7, 22, 46, 15, 0], [0, 42, 41, 24, 19, 6, 32, 4, 29, 47, 21, 0], [0, 27, 10, 37, 13, 17, 44, 20, 16, 3, 14, 0], [0, 39, 38, 50, 5, 36, 31, 9, 40, 12, 49, 0]]",3.2912666440970497,0.06921101111526552,1.307381964434171,0.1623967798160655,0.3958638838313562,0.22406991933636755,0.8233344729652925,0.7940755912149097,0.9099960923194885
1.0,0.0,1,True,157706,5,"[[0, 41, 24, 6, 19, 32, 4, 29, 47, 21, 27, 0], [0, 1, 11, 45, 25, 2, 28, 26, 23, 30, 48, 0], [0, 37, 10, 35, 18, 34, 33, 5, 50, 38, 39, 0], [0, 42, 14, 3, 15, 16, 20, 44, 17, 13, 49, 0], [0, 12, 40, 9, 31, 36, 7, 8, 43, 22, 46, 0]]",3.41708703317272,0.09200973153628152,1.1052599939284846,0.1576682316760222,0.310102188751616,0.15240895132211732,0.8304466578951364,0.8063564291949883,0.9099960923194885
1.0,0.0,2,True,157988,5,"[[0, 37, 10, 35, 18, 34, 33, 50, 38, 44, 20, 0], [0, 40, 9, 31, 36, 5, 43, 8, 7, 22, 46, 0], [0, 14, 3, 15, 39, 32, 4, 29, 47, 21, 27, 0], [0, 49, 13, 17, 19, 6, 24, 41, 42, 16, 1, 0], [0, 48, 11, 45, 25, 2, 28, 26, 23, 30, 12, 0]]",3.36025300930487,0.09281836383576904,1.0944670455064625,0.12143972196749278,0.2811133882534529,0.11900683274852705,0.8280727302459974,0.8022618921241987,0.9099960923194885
