beta,lambda_concentration,seed,is_feasible,pyvrp_cost,num_routes,routes,global_risk,global_cvar90,max_vehicle_risk,max_vehicle_cvar90,vehicle_risk_gini,risk_variance,edge_burden_gini_used,top10_burden_share,max_edge_burden
0.0,0.0,0,True,145999,5,"[[0, 44, 14, 3, 15, 41, 11, 1, 37, 38, 50, 0], [0, 42, 7, 8, 34, 17, 9, 47, 43, 26, 33, 0], [0, 45, 12, 13, 24, 32, 46, 23, 10, 18, 19, 0], [0, 40, 25, 20, 35, 4, 16, 28, 30, 21, 29, 0], [0, 36, 31, 6, 22, 2, 48, 5, 39, 49, 27, 0]]",8.466049595197546,0.17628325081684373,3.4837456723616924,0.514906165500482,0.2834906663342964,0.912106476689436,0.8780868187281621,0.8949230635574553,1.0214362144470215
0.0,0.0,1,True,145999,5,"[[0, 6, 22, 5, 2, 48, 43, 9, 47, 31, 36, 0], [0, 12, 45, 13, 24, 32, 46, 23, 10, 18, 19, 0], [0, 27, 49, 39, 17, 34, 8, 7, 30, 21, 29, 0], [0, 33, 26, 28, 16, 4, 35, 20, 25, 40, 44, 0], [0, 14, 3, 15, 42, 41, 11, 1, 37, 38, 50, 0]]",9.599534578752355,0.19799813731677002,3.579820902668871,0.5519588813185692,0.29590388832332093,1.0407543582206338,0.8924795337994065,0.9114937928550323,1.999999761581421
0.0,0.0,2,True,146664,5,"[[0, 27, 49, 39, 17, 34, 8, 7, 16, 12, 45, 0], [0, 35, 4, 6, 22, 5, 43, 47, 9, 31, 36, 0], [0, 33, 26, 28, 30, 48, 2, 20, 25, 40, 19, 0], [0, 14, 3, 15, 42, 41, 11, 1, 37, 38, 50, 0], [0, 29, 21, 18, 10, 23, 46, 32, 24, 13, 44, 0]]",7.325830063316971,0.17408819521140112,2.2544542572577484,0.39686656296253203,0.2009091116160875,0.2799120285011387,0.8779059476010409,0.8893669883078782,1.0214362144470215
0.0,0.0,3,True,146664,5,"[[0, 44, 50, 38, 37, 1, 41, 11, 15, 3, 14, 0], [0, 19, 18, 21, 29, 10, 23, 46, 32, 24, 13, 0], [0, 45, 12, 42, 7, 8, 34, 17, 39, 49, 27, 0], [0, 16, 35, 4, 6, 22, 5, 30, 28, 26, 33, 0], [0, 40, 25, 20, 2, 48, 43, 47, 9, 31, 36, 0]]",8.70625714167545,0.1776832768486606,2.9855873857741244,0.4608568499485652,0.24181832666694025,0.5951871309544428,0.8775547993730222,0.8941284692317106,1.0214362144470215
0.0,0.0,4,True,147330,5,"[[0, 36, 31, 9, 47, 43, 48, 2, 20, 25, 40, 0], [0, 45, 12, 13, 24, 32, 46, 23, 10, 29, 44, 0], [0, 14, 3, 15, 42, 11, 41, 1, 37, 38, 50, 0], [0, 21, 35, 4, 6, 22, 5, 30, 28, 26, 33, 0], [0, 27, 49, 39, 17, 34, 8, 7, 16, 18, 19, 0]]",7.5384822594606895,0.16659729759685876,2.251360615482554,0.3213487962881724,0.19656659019496292,0.28567136937760035,0.8755042690828281,0.8901644884460607,1.0214362144470215
0.0,0.0,5,True,147330,5,"[[0, 27, 49, 39, 48, 2, 43, 9, 47, 31, 36, 0], [0, 14, 3, 15, 42, 11, 41, 1, 37, 38, 50, 0], [0, 33, 26, 28, 30, 8, 17, 34, 7, 16, 45, 0], [0, 12, 35, 4, 6, 22, 5, 20, 25, 40, 44, 0], [0, 29, 21, 13, 24, 32, 46, 23, 10, 18, 19, 0]]",8.404114716453478,0.26836168446711134,3.2168703135102987,0.4532904177904129,0.26726315756676544,0.7382052682077367,0.8709445805785541,0.8854061942422264,1.0214362144470215
0.0,0.0,6,True,147330,5,"[[0, 50, 38, 37, 1, 41, 11, 15, 3, 14, 45, 0], [0, 36, 31, 9, 47, 43, 2, 48, 39, 49, 27, 0], [0, 40, 25, 20, 5, 22, 6, 4, 35, 16, 12, 0], [0, 13, 24, 32, 46, 23, 10, 29, 21, 18, 19, 0], [0, 42, 7, 34, 17, 8, 30, 28, 26, 33, 44, 0]]",8.840391197285498,0.28405031162713257,2.7573141684406437,0.35489155990736826,0.22085938889633638,0.4797137286196116,0.8776373031744227,0.8961338313403083,1.0214362144470215
0.0,0.0,7,True,146664,5,"[[0, 19, 18, 10, 23, 46, 32, 24, 13, 21, 29, 0], [0, 33, 26, 28, 30, 5, 22, 6, 4, 35, 44, 0], [0, 12, 45, 16, 7, 8, 34, 17, 39, 49, 27, 0], [0, 40, 25, 20, 2, 48, 43, 47, 9, 31, 36, 0], [0, 14, 3, 15, 42, 11, 41, 1, 37, 38, 50, 0]]",7.884926463593729,0.1632826762189242,2.2494009837391786,0.3213487962881724,0.14573403183294986,0.17368201505815956,0.8714844558512334,0.8856395425228355,1.0214362144470215
0.0,0.0,8,True,147330,5,"[[0, 14, 3, 15, 42, 11, 41, 1, 37, 38, 50, 0], [0, 12, 45, 13, 46, 23, 10, 29, 21, 18, 19, 0], [0, 32, 24, 6, 22, 5, 48, 2, 20, 25, 40, 0], [0, 36, 31, 47, 9, 43, 30, 28, 26, 33, 44, 0], [0, 27, 49, 39, 17, 34, 8, 7, 16, 4, 35, 0]]",8.800369679520372,0.27389693440034474,2.730940772977192,0.36053051480225157,0.20366251364710197,0.4747774101339585,0.8801878191049148,0.8942737005600373,1.0214362144470215
0.0,0.0,9,True,145999,5,"[[0, 14, 3, 15, 42, 41, 11, 1, 37, 38, 50, 0], [0, 27, 49, 39, 17, 34, 8, 7, 30, 21, 29, 0], [0, 12, 45, 13, 24, 32, 46, 23, 10, 18, 19, 0], [0, 44, 40, 25, 20, 35, 4, 16, 28, 26, 33, 0], [0, 6, 22, 5, 48, 2, 43, 47, 9, 31, 36, 0]]",9.59868522080069,0.19799813731677002,3.579820902668871,0.5519588813185692,0.2958946771805282,1.0405730666036284,0.8921466010702983,0.9115744481201072,1.999999761581421
1.0,0.0,0,True,173513,5,"[[0, 44, 50, 38, 14, 3, 15, 42, 11, 41, 1, 0], [0, 12, 20, 48, 2, 9, 47, 28, 30, 26, 33, 0], [0, 29, 43, 35, 4, 6, 22, 5, 46, 32, 24, 0], [0, 27, 37, 49, 39, 17, 34, 8, 7, 16, 19, 0], [0, 45, 13, 23, 10, 18, 21, 25, 40, 31, 36, 0]]",3.3654886848781835,0.07462957150169781,1.4114435477860034,0.14185687568452623,0.34245771606950504,0.18118229389724114,0.8077971482892023,0.770843267608634,0.6932575702667236
1.0,0.0,1,True,173776,5,"[[0, 12, 13, 23, 8, 7, 16, 28, 30, 26, 33, 0], [0, 48, 2, 5, 46, 32, 24, 21, 18, 10, 19, 0], [0, 45, 40, 25, 20, 22, 6, 4, 35, 43, 29, 0], [0, 1, 41, 11, 42, 15, 3, 14, 38, 50, 44, 0], [0, 27, 37, 49, 39, 17, 34, 47, 9, 31, 36, 0]]",3.551326696877368,0.07703410440848933,1.3201999623779557,0.11759007647633553,0.28631976529705727,0.13702739878679188,0.806805636872306,0.7729638239083025,0.6932575702667236
1.0,0.0,2,True,173548,5,"[[0, 35, 4, 6, 22, 34, 17, 39, 49, 37, 27, 0], [0, 36, 31, 40, 25, 20, 5, 46, 32, 24, 13, 0], [0, 12, 45, 21, 18, 10, 23, 8, 7, 16, 19, 0], [0, 1, 41, 11, 42, 15, 3, 14, 38, 50, 44, 0], [0, 29, 43, 9, 47, 48, 2, 28, 30, 26, 33, 0]]",3.506777775092015,0.0883631217143228,1.4397916098459973,0.1783579901925155,0.4219943587457027,0.3274646672977583,0.8233387889262533,0.7938614188417433,0.6932575702667236
1.0,0.0,3,True,173780,5,"[[0, 13, 23, 10, 18, 21, 20, 25, 40, 31, 36, 0], [0, 1, 11, 48, 2, 9, 47, 28, 30, 26, 33, 0], [0, 19, 16, 7, 8, 34, 17, 39, 49, 37, 27, 0], [0, 45, 12, 42, 41, 15, 3, 14, 38, 50, 44, 0], [0, 29, 43, 35, 4, 6, 22, 5, 46, 32, 24, 0]]",3.285283267407177,0.07613698020577431,1.4114435477860034,0.14185687568452623,0.3452041806617021,0.1800032492074115,0.8055242110174252,0.7683780804536562,0.6932575702667236
1.0,0.0,4,True,173966,5,"[[0, 44, 50, 38, 14, 3, 15, 42, 41, 11, 1, 0], [0, 45, 13, 24, 32, 46, 23, 10, 18, 21, 29, 0], [0, 27, 37, 49, 39, 17, 34, 8, 7, 16, 19, 0], [0, 36, 31, 40, 25, 20, 5, 2, 48, 22, 6, 0], [0, 33, 26, 30, 28, 9, 47, 43, 4, 35, 12, 0]]",3.9945387990120444,0.08528879848553945,1.4114435477860034,0.14185687568452623,0.27884014627953446,0.16259782520762694,0.822009363022397,0.8011289542831174,0.6932575702667236
1.0,0.0,5,True,173548,5,"[[0, 29, 43, 47, 9, 2, 48, 28, 30, 26, 33, 0], [0, 36, 31, 40, 25, 20, 5, 46, 32, 24, 13, 0], [0, 1, 11, 41, 42, 15, 3, 14, 38, 50, 44, 0], [0, 35, 4, 6, 22, 34, 17, 39, 49, 37, 27, 0], [0, 19, 16, 7, 8, 23, 10, 18, 21, 12, 45, 0]]",3.507200400428811,0.0883631217143228,1.4397916098459973,0.1783579901925155,0.4218471057465971,0.3273722840732936,0.8235852059042539,0.7937657568004565,0.6932575702667236
1.0,0.0,6,True,174639,5,"[[0, 27, 49, 37, 24, 32, 46, 48, 2, 41, 1, 0], [0, 44, 19, 29, 43, 47, 9, 28, 30, 26, 33, 0], [0, 15, 3, 34, 17, 39, 8, 16, 7, 42, 11, 0], [0, 45, 12, 21, 18, 10, 23, 13, 14, 38, 50, 0], [0, 35, 4, 6, 22, 5, 20, 25, 40, 31, 36, 0]]",3.258790916050202,0.0795931059025949,1.2887068271447788,0.13789524976164103,0.393095146826945,0.2269713131211038,0.8005309695374101,0.7618060667361364,0.782905638217926
1.0,0.0,7,True,173787,5,"[[0, 1, 11, 41, 42, 15, 3, 14, 38, 50, 44, 0], [0, 12, 45, 21, 18, 10, 23, 8, 7, 16, 19, 0], [0, 33, 26, 30, 28, 2, 48, 46, 32, 24, 13, 0], [0, 27, 37, 49, 39, 17, 34, 9, 47, 43, 29, 0], [0, 35, 4, 6, 22, 5, 20, 25, 40, 31, 36, 0]]",3.553863122386357,0.08715669065713882,1.9729330297777778,0.19566864975624615,0.4685960573117398,0.4417247582813976,0.8230067885860577,0.7935848140337209,0.6932575702667236
1.0,0.0,8,True,173513,5,"[[0, 44, 50, 38, 14, 3, 15, 42, 11, 41, 1, 0], [0, 24, 32, 46, 5, 22, 6, 4, 35, 43, 29, 0], [0, 36, 31, 40, 25, 21, 18, 10, 23, 13, 45, 0], [0, 27, 37, 49, 39, 17, 34, 8, 7, 16, 19, 0], [0, 33, 26, 30, 28, 47, 9, 2, 48, 20, 12, 0]]",3.365955851706641,0.07462957150169781,1.4114435477860034,0.14185687568452623,0.34235466908025125,0.1811128575475752,0.8073451823550064,0.7707362809396366,0.6932575702667236
1.0,0.0,9,True,173513,5,"[[0, 1, 11, 41, 42, 15, 3, 14, 38, 50, 44, 0], [0, 19, 16, 7, 8, 34, 17, 39, 49, 37, 27, 0], [0, 12, 13, 23, 10, 18, 21, 25, 40, 31, 36, 0], [0, 33, 26, 30, 28, 47, 9, 2, 48, 20, 45, 0], [0, 24, 32, 46, 5, 22, 6, 4, 35, 43, 29, 0]]",3.3654886848781835,0.07462957150169781,1.4114435477860034,0.14185687568452623,0.34196898481433013,0.18076224416152362,0.8077971482892023,0.770843267608634,0.6932575702667236
2.0,0.0,0,True,188613,5,"[[0, 27, 49, 37, 24, 32, 46, 5, 22, 6, 12, 0], [0, 1, 11, 48, 2, 9, 47, 28, 30, 26, 33, 0], [0, 36, 31, 40, 25, 20, 35, 4, 43, 29, 44, 0], [0, 19, 21, 18, 10, 23, 13, 45, 14, 38, 50, 0], [0, 15, 3, 34, 17, 39, 8, 16, 7, 42, 41, 0]]",2.865380692106555,0.06727355033639938,0.984895498775586,0.12003843912056514,0.30182241395323284,0.10379420767495588,0.7862241015358167,0.7398683378478783,0.782905638217926
2.0,0.0,1,True,188693,5,"[[0, 33, 26, 30, 28, 9, 47, 4, 35, 43, 29, 0], [0, 27, 49, 37, 24, 32, 46, 5, 2, 48, 1, 0], [0, 44, 6, 22, 34, 17, 39, 8, 7, 16, 19, 0], [0, 36, 31, 40, 25, 20, 21, 18, 10, 23, 13, 0], [0, 50, 38, 14, 3, 15, 41, 42, 11, 12, 45, 0]]",2.865176231800543,0.06606486343568371,1.275931021598808,0.13789524976164103,0.3946711918823742,0.1857591899299307,0.7828625448744075,0.7317504269304189,0.782905638217926
2.0,0.0,2,True,188613,5,"[[0, 27, 49, 37, 24, 32, 46, 5, 22, 6, 12, 0], [0, 33, 26, 30, 28, 9, 47, 2, 48, 11, 1, 0], [0, 36, 31, 40, 25, 20, 35, 4, 43, 29, 44, 0], [0, 41, 42, 7, 16, 8, 39, 17, 34, 3, 15, 0], [0, 50, 38, 14, 45, 13, 23, 10, 18, 21, 19, 0]]",2.9824867310671834,0.0732507087290287,0.984895498775586,0.12003843912056514,0.26925971580387076,0.08745054712582087,0.7925602293052827,0.7507340059861486,0.782905638217926
2.0,0.0,3,True,188693,5,"[[0, 19, 16, 7, 8, 39, 17, 34, 22, 6, 44, 0], [0, 50, 38, 14, 3, 15, 41, 42, 11, 12, 45, 0], [0, 13, 23, 10, 18, 21, 20, 25, 40, 31, 36, 0], [0, 27, 49, 37, 24, 32, 46, 5, 2, 48, 1, 0], [0, 29, 43, 35, 4, 9, 47, 28, 30, 26, 33, 0]]",2.864709064972086,0.06606486343568371,1.275931021598808,0.13789524976164103,0.39473555349286005,0.18580970944824474,0.7835003004724614,0.731869758254619,0.782905638217926
2.0,0.0,4,True,188650,5,"[[0, 44, 36, 31, 46, 32, 24, 37, 27, 49, 1, 0], [0, 33, 26, 30, 28, 9, 47, 2, 48, 11, 41, 0], [0, 29, 43, 35, 4, 6, 22, 5, 16, 7, 42, 0], [0, 12, 45, 13, 23, 8, 39, 17, 34, 3, 15, 0], [0, 19, 10, 18, 21, 25, 40, 20, 14, 38, 50, 0]]",2.7982868033316173,0.06660844795405865,1.0107186314926366,0.12038981488772801,0.28086576745196146,0.07896920088365962,0.7847801292773757,0.7339000535053137,0.782905638217926
2.0,0.0,5,True,188693,5,"[[0, 50, 38, 14, 3, 15, 41, 42, 11, 12, 44, 0], [0, 29, 43, 35, 4, 47, 9, 28, 30, 26, 33, 0], [0, 19, 16, 7, 8, 39, 17, 34, 22, 6, 45, 0], [0, 1, 48, 2, 5, 46, 32, 24, 37, 49, 27, 0], [0, 36, 31, 40, 25, 20, 21, 18, 10, 23, 13, 0]]",2.865176231800543,0.06606486343568371,1.275931021598808,0.13789524976164103,0.3926930473481349,0.1856464315489488,0.7828625448744075,0.7317504269304189,0.782905638217926
2.0,0.0,6,True,188613,5,"[[0, 50, 38, 14, 45, 13, 23, 10, 18, 21, 19, 0], [0, 27, 49, 37, 24, 32, 46, 5, 22, 6, 12, 0], [0, 1, 11, 48, 2, 9, 47, 28, 30, 26, 33, 0], [0, 29, 43, 4, 35, 20, 25, 40, 31, 36, 44, 0], [0, 15, 3, 34, 17, 39, 8, 16, 7, 42, 41, 0]]",2.851664911591797,0.06376960184989554,0.984895498775586,0.12003843912056514,0.3049483802691495,0.10557529195310707,0.7880219124835661,0.743426915747577,0.782905638217926
2.0,0.0,7,True,189314,5,"[[0, 1, 11, 42, 22, 6, 4, 35, 43, 29, 44, 0], [0, 33, 26, 30, 28, 9, 47, 2, 48, 41, 15, 0], [0, 13, 24, 32, 46, 5, 20, 25, 40, 31, 36, 0], [0, 19, 16, 7, 8, 23, 10, 18, 21, 45, 12, 0], [0, 27, 37, 49, 39, 17, 34, 3, 14, 38, 50, 0]]",3.1272651559230518,0.0740512057673186,1.331938165028987,0.14827417116612196,0.35142535771395567,0.16388796226340382,0.8070753780770155,0.7679365445309907,0.6932575702667236
2.0,0.0,8,True,188693,5,"[[0, 29, 43, 35, 4, 9, 47, 28, 30, 26, 33, 0], [0, 19, 16, 7, 8, 39, 17, 34, 22, 6, 45, 0], [0, 36, 31, 40, 25, 20, 21, 18, 10, 23, 13, 0], [0, 1, 48, 2, 5, 46, 32, 24, 37, 49, 27, 0], [0, 44, 12, 41, 42, 11, 15, 3, 14, 38, 50, 0]]",2.865176231800543,0.06606486343568371,1.275931021598808,0.13789524976164103,0.3926930473481349,0.18564643154894883,0.7828625448744075,0.7317504269304189,0.782905638217926
2.0,0.0,9,True,188650,5,"[[0, 44, 36, 31, 46, 32, 24, 37, 27, 49, 1, 0], [0, 15, 3, 34, 17, 39, 8, 23, 13, 12, 45, 0], [0, 19, 10, 18, 21, 25, 40, 20, 14, 38, 50, 0], [0, 41, 11, 48, 2, 47, 9, 28, 30, 26, 33, 0], [0, 29, 43, 35, 4, 6, 22, 5, 16, 7, 42, 0]]",2.7982868033316173,0.06660844795405865,1.0107186314926366,0.12038981488772801,0.28086576745196146,0.07896920088365962,0.7847801292773757,0.7339000535053137,0.782905638217926
