beta,lambda_concentration,seed,is_feasible,pyvrp_cost,num_routes,routes,global_risk,global_cvar90,max_vehicle_risk,max_vehicle_cvar90,vehicle_risk_gini,risk_variance,edge_burden_gini_used,top10_burden_share,max_edge_burden
0.0,0.0,0,True,145999,5,"[[0, 44, 14, 3, 15, 41, 11, 1, 37, 38, 50, 0], [0, 42, 7, 8, 34, 17, 9, 47, 43, 26, 33, 0], [0, 45, 12, 13, 24, 32, 46, 23, 10, 18, 19, 0], [0, 40, 25, 20, 35, 4, 16, 28, 30, 21, 29, 0], [0, 36, 31, 6, 22, 2, 48, 5, 39, 49, 27, 0]]",6.967674864255969,0.2233041675894388,2.87011936136696,0.42198244978984195,0.2831514990069408,0.6141952134154545,0.8753273431085495,0.8948954851166869,0.8581957817077637
0.0,0.0,1,True,145999,5,"[[0, 6, 22, 5, 2, 48, 43, 9, 47, 31, 36, 0], [0, 12, 45, 13, 24, 32, 46, 23, 10, 18, 19, 0], [0, 27, 49, 39, 17, 34, 8, 7, 30, 21, 29, 0], [0, 33, 26, 28, 16, 4, 35, 20, 25, 40, 44, 0], [0, 14, 3, 15, 42, 41, 11, 1, 37, 38, 50, 0]]",7.915424933646136,0.25738205248489976,2.9950338355847634,0.46194778631130856,0.2962703938376485,0.7176257684601701,0.8904048643575808,0.9113354391751686,1.7163915634155273
0.0,0.0,2,True,146664,5,"[[0, 27, 49, 39, 17, 34, 8, 7, 16, 12, 45, 0], [0, 35, 4, 6, 22, 5, 43, 47, 9, 31, 36, 0], [0, 33, 26, 28, 30, 48, 2, 20, 25, 40, 19, 0], [0, 14, 3, 15, 42, 41, 11, 1, 37, 38, 50, 0], [0, 29, 21, 18, 10, 23, 46, 32, 24, 13, 44, 0]]",6.025559090590832,0.1505854506459501,1.9469612178509124,0.34068180024623873,0.21138581361240583,0.21286710801188535,0.8753407666570867,0.8889290121684834,0.8581957817077637
0.0,0.0,3,True,146664,5,"[[0, 44, 50, 38, 37, 1, 41, 11, 15, 3, 14, 0], [0, 19, 18, 21, 29, 10, 23, 46, 32, 24, 13, 0], [0, 45, 12, 42, 7, 8, 34, 17, 39, 49, 27, 0], [0, 16, 35, 4, 6, 22, 5, 30, 28, 26, 33, 0], [0, 40, 25, 20, 2, 48, 43, 47, 9, 31, 36, 0]]",7.1674315872260195,0.22245425262070936,2.4583593616844155,0.3793824762105942,0.23998086717046618,0.4031553217595702,0.8746112555002785,0.893611842500814,0.8581957817077637
0.0,0.0,4,True,147330,5,"[[0, 36, 31, 9, 47, 43, 48, 2, 20, 25, 40, 0], [0, 45, 12, 13, 24, 32, 46, 23, 10, 29, 44, 0], [0, 14, 3, 15, 42, 11, 41, 1, 37, 38, 50, 0], [0, 21, 35, 4, 6, 22, 5, 30, 28, 26, 33, 0], [0, 27, 49, 39, 17, 34, 8, 7, 16, 18, 19, 0]]",6.287537831217602,0.19990467779072268,1.8668875265284441,0.2692102134227753,0.198505383369886,0.20331018125100445,0.8737946932201659,0.8913251764308293,0.8581957817077637
0.0,0.0,5,True,147330,5,"[[0, 27, 49, 39, 48, 2, 43, 9, 47, 31, 36, 0], [0, 14, 3, 15, 42, 11, 41, 1, 37, 38, 50, 0], [0, 33, 26, 28, 30, 8, 17, 34, 7, 16, 45, 0], [0, 12, 35, 4, 6, 22, 5, 20, 25, 40, 44, 0], [0, 29, 21, 13, 24, 32, 46, 23, 10, 18, 19, 0]]",7.009814029577683,0.22413743433675595,2.6719823487801477,0.3680499990781148,0.2645789665251299,0.5075321020604593,0.8691626829766153,0.8854281128055401,0.8581957817077637
0.0,0.0,6,True,147330,5,"[[0, 50, 38, 37, 1, 41, 11, 15, 3, 14, 45, 0], [0, 36, 31, 9, 47, 43, 2, 48, 39, 49, 27, 0], [0, 40, 25, 20, 5, 22, 6, 4, 35, 16, 12, 0], [0, 13, 24, 32, 46, 23, 10, 29, 21, 18, 19, 0], [0, 42, 7, 34, 17, 8, 30, 28, 26, 33, 44, 0]]",7.274793523745757,0.23369707047407115,2.2428599736304022,0.28604008878270787,0.21353493292738235,0.3031920906605842,0.8746576250656168,0.8954786534337887,0.8581957817077637
0.0,0.0,7,True,146664,5,"[[0, 19, 18, 10, 23, 46, 32, 24, 13, 21, 29, 0], [0, 33, 26, 28, 30, 5, 22, 6, 4, 35, 44, 0], [0, 12, 45, 16, 7, 8, 34, 17, 39, 49, 27, 0], [0, 40, 25, 20, 2, 48, 43, 47, 9, 31, 36, 0], [0, 14, 3, 15, 42, 11, 41, 1, 37, 38, 50, 0]]",6.538511200040375,0.20132962813408212,1.865167944924906,0.26223160078128177,0.14346997156657593,0.11762853861637715,0.8690279194781456,0.8858725571215091,0.8581957817077637
0.0,0.0,8,True,147330,5,"[[0, 14, 3, 15, 42, 11, 41, 1, 37, 38, 50, 0], [0, 12, 45, 13, 46, 23, 10, 29, 21, 18, 19, 0], [0, 32, 24, 6, 22, 5, 48, 2, 20, 25, 40, 0], [0, 36, 31, 47, 9, 43, 30, 28, 26, 33, 44, 0], [0, 27, 49, 39, 17, 34, 8, 7, 16, 4, 35, 0]]",7.255332027958502,0.22580712095930658,2.2466521325986832,0.29672769776412417,0.19686199988206932,0.2927830117878516,0.8773534239199543,0.8930321491490179,0.8581957817077637
0.0,0.0,9,True,145999,5,"[[0, 14, 3, 15, 42, 41, 11, 1, 37, 38, 50, 0], [0, 27, 49, 39, 17, 34, 8, 7, 30, 21, 29, 0], [0, 12, 45, 13, 24, 32, 46, 23, 10, 18, 19, 0], [0, 44, 40, 25, 20, 35, 4, 16, 28, 26, 33, 0], [0, 6, 22, 5, 48, 2, 43, 47, 9, 31, 36, 0]]",7.914727110390231,0.25738205248489976,2.9950338355847634,0.46194778631130856,0.29626124823723843,0.7175162231188831,0.890059238171395,0.9114157895213671,1.7163915634155273
3.0,1.0,0,True,215286,5,"[[0, 11, 35, 2, 48, 47, 9, 28, 30, 26, 33, 0], [0, 6, 22, 34, 17, 39, 8, 23, 13, 12, 45, 0], [0, 41, 42, 7, 16, 5, 46, 32, 24, 31, 36, 0], [0, 19, 10, 18, 21, 20, 25, 40, 4, 43, 29, 0], [0, 27, 37, 49, 1, 15, 3, 14, 38, 50, 44, 0]]",2.1771328721053993,0.048962793343009486,0.8759490442607785,0.07445559836924076,0.3671022347521804,0.08170722054428549,0.7787609104634952,0.723557719470414,0.6369789242744446
3.0,1.0,1,True,215792,5,"[[0, 27, 37, 49, 1, 42, 15, 3, 14, 38, 50, 0], [0, 36, 31, 6, 22, 5, 46, 32, 24, 23, 13, 0], [0, 45, 12, 20, 25, 40, 4, 43, 35, 11, 41, 0], [0, 33, 26, 30, 28, 47, 9, 21, 18, 10, 29, 0], [0, 44, 2, 48, 34, 17, 39, 8, 7, 16, 19, 0]]",2.2073757457994776,0.04651336033235897,0.8653637392126257,0.09106235601939261,0.32951628626893403,0.0685673354901159,0.7704227601467601,0.7166947575511311,0.6369789242744446
3.0,1.0,2,True,215286,5,"[[0, 29, 43, 4, 40, 25, 20, 21, 18, 10, 19, 0], [0, 45, 12, 13, 23, 8, 39, 17, 34, 22, 6, 0], [0, 36, 31, 24, 32, 46, 5, 16, 7, 42, 41, 0], [0, 50, 38, 14, 3, 15, 1, 49, 37, 27, 44, 0], [0, 11, 35, 2, 48, 47, 9, 28, 30, 26, 33, 0]]",2.178561817270061,0.048962793343009486,0.8759490442607785,0.07445559836924076,0.36622999223372044,0.08147844807153312,0.7784484800390168,0.7230831291712568,0.6369789242744446
3.0,1.0,3,True,216102,5,"[[0, 45, 12, 20, 25, 40, 4, 6, 22, 5, 42, 0], [0, 36, 31, 46, 32, 24, 13, 23, 10, 18, 21, 0], [0, 19, 16, 7, 8, 39, 17, 34, 48, 2, 44, 0], [0, 27, 37, 49, 1, 15, 11, 41, 35, 43, 29, 0], [0, 33, 26, 30, 28, 47, 9, 3, 14, 38, 50, 0]]",2.1912027751980037,0.048962793343009486,1.0649256017968582,0.08980382718145848,0.38526011725769416,0.11126979021356738,0.7742154218333901,0.7160181694161991,0.6369789242744446
3.0,1.0,4,True,215836,5,"[[0, 14, 3, 15, 42, 41, 11, 1, 49, 37, 27, 0], [0, 50, 38, 2, 48, 9, 47, 28, 30, 26, 33, 0], [0, 19, 16, 7, 8, 39, 17, 34, 31, 36, 44, 0], [0, 6, 22, 5, 46, 32, 24, 23, 13, 12, 45, 0], [0, 35, 43, 4, 40, 25, 20, 21, 18, 10, 29, 0]]",2.1954715957265267,0.04651336033235897,0.8399450044271362,0.0721789188683033,0.3422894141284465,0.07451211384429865,0.7741091537521165,0.7179862680939444,0.6369789242744446
3.0,1.0,5,True,215922,5,"[[0, 27, 37, 49, 1, 11, 15, 3, 14, 38, 50, 0], [0, 41, 35, 2, 48, 9, 47, 28, 30, 26, 33, 0], [0, 6, 22, 34, 17, 39, 8, 5, 16, 7, 42, 0], [0, 44, 45, 12, 13, 23, 24, 32, 46, 31, 36, 0], [0, 29, 43, 4, 40, 25, 20, 21, 18, 10, 19, 0]]",2.173646999113085,0.048962793343009486,0.8544928954106581,0.09106235601939261,0.3526080669292331,0.07719620175466843,0.7788382148145472,0.7247180874205505,0.6369789242744446
3.0,1.0,6,True,215286,5,"[[0, 44, 27, 37, 49, 1, 15, 3, 14, 38, 50, 0], [0, 45, 12, 13, 23, 8, 39, 17, 34, 22, 6, 0], [0, 29, 43, 4, 40, 25, 20, 21, 18, 10, 19, 0], [0, 36, 31, 24, 32, 46, 5, 16, 7, 42, 41, 0], [0, 11, 35, 2, 48, 47, 9, 28, 30, 26, 33, 0]]",2.178561817270061,0.048962793343009486,0.8759490442607785,0.07445559836924076,0.36622999223372044,0.08147844807153314,0.7784484800390168,0.7230831291712568,0.6369789242744446
3.0,1.0,7,True,215286,5,"[[0, 50, 38, 14, 3, 15, 1, 49, 37, 27, 44, 0], [0, 6, 22, 34, 17, 39, 8, 23, 13, 12, 45, 0], [0, 36, 31, 24, 32, 46, 5, 16, 7, 42, 41, 0], [0, 11, 35, 2, 48, 9, 47, 28, 30, 26, 33, 0], [0, 19, 10, 18, 21, 20, 25, 40, 4, 43, 29, 0]]",2.1788524537089375,0.048962793343009486,0.8759490442607785,0.07445559836924076,0.3661811409310214,0.0814736275908063,0.7778083862030643,0.7229866773416177,0.6369789242744446
3.0,1.0,8,True,215286,5,"[[0, 29, 43, 4, 40, 25, 20, 21, 18, 10, 19, 0], [0, 11, 35, 2, 48, 9, 47, 28, 30, 26, 33, 0], [0, 41, 42, 7, 16, 5, 46, 32, 24, 31, 36, 0], [0, 6, 22, 34, 17, 39, 8, 23, 13, 12, 45, 0], [0, 27, 37, 49, 1, 15, 3, 14, 38, 50, 44, 0]]",2.176842235666523,0.048962793343009486,0.8759490442607785,0.07445559836924076,0.36715124762250406,0.08171200104316644,0.7793995361062431,0.7236543237329842,0.6369789242744446
3.0,1.0,9,True,215792,5,"[[0, 13, 23, 24, 32, 46, 5, 22, 6, 31, 36, 0], [0, 19, 16, 7, 8, 39, 17, 34, 48, 2, 44, 0], [0, 11, 41, 35, 43, 4, 40, 25, 20, 12, 45, 0], [0, 29, 10, 18, 21, 47, 9, 28, 30, 26, 33, 0], [0, 50, 38, 14, 3, 15, 42, 1, 49, 37, 27, 0]]",2.2059468006348157,0.04651336033235897,0.8653637392126257,0.09106235601939261,0.3304060541281397,0.06879354548519154,0.7707889991004098,0.7171590105911618,0.6369789242744446
