beta,lambda_concentration,seed,is_feasible,pyvrp_cost,num_routes,routes,global_risk,global_cvar90,max_vehicle_risk,max_vehicle_cvar90,vehicle_risk_gini,risk_variance,edge_burden_gini_used,top10_burden_share,max_edge_burden
0.0,0.0,0,True,133997,5,"[[0, 14, 42, 41, 1, 45, 11, 15, 3, 16, 48, 0], [0, 18, 32, 4, 29, 19, 6, 24, 40, 20, 44, 0], [0, 27, 35, 5, 36, 28, 26, 23, 30, 12, 49, 0], [0, 46, 22, 7, 8, 43, 33, 34, 2, 25, 39, 0], [0, 17, 13, 10, 37, 50, 38, 31, 9, 47, 21, 0]]",6.889886966062477,0.184227777453249,1.8327734346385114,0.2817913629114628,0.07308190302454243,0.05233516125511537,0.8792948641353924,0.8991264675043239,0.9443029761314392
0.0,0.0,1,True,133997,5,"[[0, 17, 13, 10, 37, 50, 38, 31, 9, 47, 21, 0], [0, 18, 32, 4, 29, 6, 19, 24, 40, 20, 44, 0], [0, 14, 42, 41, 1, 11, 45, 15, 3, 16, 48, 0], [0, 46, 22, 7, 8, 43, 33, 34, 2, 25, 39, 0], [0, 27, 35, 5, 36, 28, 26, 23, 30, 12, 49, 0]]",6.889886966062477,0.184227777453249,1.8327734346385114,0.2817913629114628,0.07308190302454243,0.05233516125511538,0.8792948641353924,0.8991264675043239,0.9443029761314392
0.0,0.0,2,True,133998,5,"[[0, 16, 3, 15, 45, 11, 1, 41, 42, 14, 48, 0], [0, 25, 2, 34, 33, 43, 8, 7, 22, 46, 39, 0], [0, 38, 31, 9, 47, 21, 27, 23, 30, 49, 12, 0], [0, 26, 28, 36, 5, 35, 10, 37, 50, 13, 17, 0], [0, 44, 20, 40, 24, 6, 19, 29, 4, 32, 18, 0]]",8.59573752383585,0.29204243324972967,2.728436348203104,0.5050884038209915,0.2224142435325147,0.47609275069075396,0.8807551636207236,0.8979869237117378,0.9443029761314392
0.0,0.0,3,True,133997,5,"[[0, 39, 25, 2, 36, 28, 26, 23, 30, 49, 18, 0], [0, 44, 20, 40, 24, 19, 6, 4, 32, 29, 12, 0], [0, 17, 13, 10, 37, 50, 38, 31, 9, 47, 21, 0], [0, 46, 22, 7, 8, 43, 5, 34, 33, 35, 27, 0], [0, 14, 42, 41, 1, 11, 45, 15, 3, 16, 48, 0]]",7.940499337011715,0.27823793375864625,3.4687511742813513,0.6513029098510742,0.27797655441617986,0.9184569002793138,0.8929882842444627,0.9117619801398005,1.7147388458251953
0.0,0.0,4,True,133997,5,"[[0, 48, 14, 42, 41, 1, 45, 11, 15, 3, 16, 0], [0, 44, 20, 40, 24, 19, 6, 4, 32, 29, 12, 0], [0, 25, 2, 34, 33, 43, 8, 7, 22, 46, 39, 0], [0, 27, 35, 5, 36, 28, 26, 23, 30, 18, 49, 0], [0, 17, 13, 10, 37, 50, 38, 31, 9, 47, 21, 0]]",7.518301786010852,0.1917298729272766,2.961343100236263,0.5556669652462005,0.2305278263237469,0.5545740856860826,0.893739182254947,0.9089034885492501,1.7147388458251953
0.0,0.0,5,True,133999,5,"[[0, 16, 3, 14, 42, 41, 1, 45, 39, 11, 15, 0], [0, 18, 32, 4, 29, 6, 19, 24, 40, 20, 44, 0], [0, 25, 2, 34, 33, 35, 10, 37, 50, 13, 17, 0], [0, 46, 22, 7, 8, 43, 5, 36, 28, 26, 12, 0], [0, 48, 38, 31, 9, 47, 21, 27, 23, 30, 49, 0]]",8.886938702111365,0.3029422800022143,2.154312261955056,0.43442438286729157,0.10658601604714324,0.14563217903718195,0.8805240303055037,0.9016778473419893,0.9443029761314392
0.0,0.0,6,True,133997,5,"[[0, 16, 3, 14, 42, 41, 1, 45, 11, 39, 48, 0], [0, 15, 46, 22, 7, 8, 43, 17, 13, 18, 49, 0], [0, 27, 35, 10, 37, 50, 38, 31, 9, 47, 21, 0], [0, 12, 29, 4, 32, 6, 19, 24, 40, 20, 44, 0], [0, 25, 2, 34, 33, 5, 36, 28, 26, 23, 30, 0]]",7.730726053036051,0.20905151779708617,2.0946838581294287,0.40147669054567814,0.18332606281129937,0.2670699876619934,0.8993356888613651,0.9171706074625553,1.7147388458251953
0.0,0.0,7,True,133998,5,"[[0, 13, 17, 43, 33, 34, 5, 2, 25, 45, 11, 0], [0, 16, 1, 41, 42, 12, 49, 14, 3, 15, 48, 0], [0, 44, 20, 40, 24, 19, 6, 29, 4, 32, 18, 0], [0, 30, 23, 26, 28, 36, 8, 7, 22, 46, 39, 0], [0, 21, 47, 9, 31, 38, 50, 37, 10, 35, 27, 0]]",7.88446619088063,0.206825400170471,2.541765023896005,0.33377314092857496,0.21905065426856196,0.37844565478879794,0.8783136216121925,0.9010909127737331,0.9443029761314392
0.0,0.0,8,True,133998,5,"[[0, 48, 14, 42, 41, 1, 45, 11, 15, 3, 16, 0], [0, 49, 18, 12, 29, 32, 4, 6, 19, 24, 40, 0], [0, 44, 20, 34, 33, 5, 36, 28, 26, 23, 30, 0], [0, 17, 13, 37, 10, 35, 22, 43, 8, 7, 46, 0], [0, 27, 21, 47, 9, 31, 38, 50, 2, 25, 39, 0]]",7.541943236166844,0.2625092090680622,2.3390910492744297,0.43007960021495817,0.1403625519048144,0.19090102235864045,0.8929473025189048,0.9057212899853601,1.7147388458251953
0.0,0.0,9,True,133997,5,"[[0, 48, 15, 45, 11, 1, 41, 42, 14, 3, 16, 0], [0, 27, 35, 5, 36, 28, 26, 23, 30, 12, 49, 0], [0, 21, 47, 9, 31, 38, 50, 37, 10, 13, 17, 0], [0, 25, 2, 34, 33, 43, 8, 7, 22, 46, 39, 0], [0, 44, 20, 40, 24, 6, 19, 29, 4, 32, 18, 0]]",6.465207831613952,0.1822603374312166,1.8970308292773552,0.2817913629114628,0.13822922901237744,0.11588488116654752,0.8806383054581945,0.8967768002640844,0.9443029761314392
3.0,1.0,0,True,196338,5,"[[0, 40, 6, 19, 24, 41, 4, 29, 44, 17, 13, 0], [0, 37, 10, 35, 18, 34, 33, 50, 38, 3, 14, 0], [0, 15, 45, 11, 25, 39, 32, 47, 21, 27, 48, 0], [0, 42, 16, 1, 2, 28, 26, 23, 30, 49, 12, 0], [0, 20, 5, 36, 31, 9, 43, 8, 7, 22, 46, 0]]",1.9399628302671772,0.035611262595331344,0.9112306772149168,0.1213306790838639,0.3314681988387138,0.07241178060733751,0.7529654275230142,0.6857193917813487,0.6722076535224915
3.0,1.0,1,True,196565,5,"[[0, 30, 23, 26, 28, 2, 1, 16, 3, 14, 42, 0], [0, 15, 25, 11, 45, 39, 32, 47, 21, 27, 48, 0], [0, 46, 22, 7, 8, 43, 9, 31, 38, 50, 36, 0], [0, 49, 40, 37, 10, 35, 18, 34, 33, 5, 20, 0], [0, 12, 19, 6, 24, 41, 4, 29, 44, 17, 13, 0]]",1.9409186275624961,0.034230976389386714,0.904441836377373,0.0931414330843836,0.3390918685310971,0.072188794196335,0.7537644856572729,0.6884263361374167,0.6722076535224915
3.0,1.0,2,True,197475,5,"[[0, 13, 17, 44, 29, 4, 41, 24, 6, 19, 12, 0], [0, 40, 37, 10, 21, 47, 32, 39, 25, 11, 45, 0], [0, 46, 22, 7, 8, 43, 9, 31, 36, 5, 20, 0], [0, 48, 49, 30, 23, 26, 28, 2, 1, 16, 15, 0], [0, 27, 35, 18, 34, 33, 50, 38, 3, 14, 42, 0]]",1.9344144361857616,0.035611262595331344,0.888065881212242,0.1177649920185407,0.3165468375088103,0.06628774016613809,0.752396009397793,0.681761876486274,0.6722076535224915
3.0,1.0,3,True,196338,5,"[[0, 40, 6, 19, 24, 41, 4, 29, 44, 17, 13, 0], [0, 37, 10, 35, 18, 34, 33, 50, 38, 3, 14, 0], [0, 46, 22, 7, 8, 43, 9, 31, 36, 5, 20, 0], [0, 12, 49, 30, 23, 26, 28, 2, 1, 16, 42, 0], [0, 48, 27, 21, 47, 32, 39, 25, 11, 45, 15, 0]]",1.9396987732216076,0.035611262595331344,0.9109727528120857,0.1213306790838639,0.3314069455087536,0.07235807546092313,0.7531841227853788,0.6858127408307904,0.6722076535224915
3.0,1.0,4,True,196338,5,"[[0, 48, 27, 21, 47, 32, 39, 25, 11, 45, 15, 0], [0, 42, 16, 1, 2, 28, 26, 23, 30, 49, 12, 0], [0, 13, 17, 44, 29, 4, 41, 24, 19, 6, 40, 0], [0, 14, 3, 38, 50, 33, 34, 18, 35, 10, 37, 0], [0, 20, 5, 36, 31, 9, 43, 8, 7, 22, 46, 0]]",1.9404455035582941,0.035611262595331344,0.9112306772149168,0.1213306790838639,0.3313431333364234,0.07240088899472504,0.7502089693496206,0.6811581379450887,0.6722076535224915
3.0,1.0,5,True,198197,5,"[[0, 40, 38, 50, 5, 33, 34, 18, 35, 10, 37, 0], [0, 48, 27, 21, 47, 32, 39, 25, 11, 45, 15, 0], [0, 1, 46, 22, 7, 8, 43, 9, 31, 36, 20, 0], [0, 42, 16, 3, 14, 2, 28, 26, 23, 30, 49, 0], [0, 12, 19, 6, 24, 41, 4, 29, 44, 17, 13, 0]]",1.964758737700322,0.03422472067177296,0.9115299521945417,0.1213306790838639,0.3293048580499496,0.07165192460669925,0.7469772596976418,0.678734603388049,0.6722076535224915
3.0,1.0,6,True,197674,5,"[[0, 12, 49, 30, 23, 26, 28, 2, 1, 16, 42, 0], [0, 40, 37, 10, 21, 47, 32, 39, 25, 11, 45, 0], [0, 19, 6, 24, 41, 4, 29, 44, 17, 13, 48, 0], [0, 27, 35, 18, 34, 33, 5, 50, 38, 3, 14, 0], [0, 15, 46, 22, 7, 8, 43, 9, 31, 36, 20, 0]]",1.9338545590762806,0.035611262595331344,0.9109727528120857,0.1213306790838639,0.3225438258708544,0.07157519521738684,0.7525290735468773,0.6851250949350892,0.6722076535224915
3.0,1.0,7,True,196710,5,"[[0, 20, 5, 33, 34, 18, 35, 10, 37, 40, 49, 0], [0, 36, 50, 38, 31, 9, 43, 8, 7, 22, 46, 0], [0, 1, 2, 28, 26, 23, 30, 14, 3, 16, 42, 0], [0, 12, 19, 6, 24, 41, 4, 29, 44, 17, 13, 0], [0, 48, 27, 21, 47, 32, 39, 45, 11, 25, 15, 0]]",1.9523135950621509,0.034230976389386714,0.9161066146625672,0.0931414330843836,0.3420031479739354,0.074647845391061,0.7463544674524489,0.6787498205174661,0.6722076535224915
3.0,1.0,8,True,196338,5,"[[0, 48, 27, 21, 47, 32, 39, 25, 11, 45, 15, 0], [0, 12, 49, 30, 23, 26, 28, 2, 1, 16, 42, 0], [0, 20, 5, 36, 31, 9, 43, 8, 7, 22, 46, 0], [0, 37, 10, 35, 18, 34, 33, 50, 38, 3, 14, 0], [0, 13, 17, 44, 29, 4, 41, 24, 19, 6, 40, 0]]",1.940463522583741,0.035611262595331344,0.9109727528120857,0.1213306790838639,0.3311199574095387,0.07232016302537188,0.7532779007205574,0.685542457545385,0.6722076535224915
3.0,1.0,9,True,196338,5,"[[0, 20, 5, 36, 31, 9, 43, 8, 7, 22, 46, 0], [0, 42, 16, 1, 2, 28, 26, 23, 30, 49, 12, 0], [0, 40, 6, 19, 24, 41, 4, 29, 44, 17, 13, 0], [0, 14, 3, 38, 50, 33, 34, 18, 35, 10, 37, 0], [0, 27, 21, 47, 32, 39, 45, 11, 25, 15, 48, 0]]",1.9396868868388992,0.035611262595331344,0.9112306772149168,0.1213306790838639,0.33162916358817585,0.07243853377618362,0.7501440667342654,0.6814245407111759,0.6722076535224915
