beta,lambda_concentration,seed,is_feasible,pyvrp_cost,num_routes,routes,global_risk,global_cvar90,max_vehicle_risk,max_vehicle_cvar90,vehicle_risk_gini,risk_variance,edge_burden_gini_used,top10_burden_share,max_edge_burden
0.0,0.0,0,True,133997,5,"[[0, 14, 42, 41, 1, 45, 11, 15, 3, 16, 48, 0], [0, 18, 32, 4, 29, 19, 6, 24, 40, 20, 44, 0], [0, 27, 35, 5, 36, 28, 26, 23, 30, 12, 49, 0], [0, 46, 22, 7, 8, 43, 33, 34, 2, 25, 39, 0], [0, 17, 13, 10, 37, 50, 38, 31, 9, 47, 21, 0]]",6.62391270705848,0.17348616671584108,1.9225720776012167,0.3188039977103472,0.14129459785873943,0.1179791592410954,0.859831312295587,0.8814602941455908,0.8519452810287476
0.0,0.0,1,True,133997,5,"[[0, 17, 13, 10, 37, 50, 38, 31, 9, 47, 21, 0], [0, 18, 32, 4, 29, 6, 19, 24, 40, 20, 44, 0], [0, 14, 42, 41, 1, 11, 45, 15, 3, 16, 48, 0], [0, 46, 22, 7, 8, 43, 33, 34, 2, 25, 39, 0], [0, 27, 35, 5, 36, 28, 26, 23, 30, 12, 49, 0]]",6.62391270705848,0.17348616671584108,1.9225720776012167,0.3188039977103472,0.14129459785873943,0.1179791592410954,0.859831312295587,0.8814602941455908,0.8519452810287476
0.0,0.0,2,True,133998,5,"[[0, 16, 3, 15, 45, 11, 1, 41, 42, 14, 48, 0], [0, 25, 2, 34, 33, 43, 8, 7, 22, 46, 39, 0], [0, 38, 31, 9, 47, 21, 27, 23, 30, 49, 12, 0], [0, 26, 28, 36, 5, 35, 10, 37, 50, 13, 17, 0], [0, 44, 20, 40, 24, 6, 19, 29, 4, 32, 18, 0]]",8.318740343296668,0.28878906254584974,2.3816159816924483,0.4168591141700745,0.2057832716025163,0.42006023590208796,0.8647164918653634,0.8825994692717014,0.8544802665710449
0.0,0.0,3,True,133998,5,"[[0, 12, 49, 30, 23, 26, 28, 36, 5, 20, 44, 0], [0, 14, 42, 41, 1, 45, 11, 15, 3, 16, 48, 0], [0, 27, 35, 10, 37, 50, 38, 31, 9, 47, 21, 0], [0, 25, 2, 34, 33, 43, 8, 7, 22, 46, 39, 0], [0, 18, 32, 4, 29, 19, 6, 24, 40, 13, 17, 0]]",6.13298007225967,0.16860633008764125,1.9020514859585091,0.28821307436252636,0.21628185234035557,0.22938455694307472,0.8583077633923755,0.8755561062884846,0.8519452810287476
0.0,0.0,4,True,133997,5,"[[0, 48, 14, 42, 41, 1, 45, 11, 15, 3, 16, 0], [0, 44, 20, 40, 24, 19, 6, 4, 32, 29, 12, 0], [0, 25, 2, 34, 33, 43, 8, 7, 22, 46, 39, 0], [0, 27, 35, 5, 36, 28, 26, 23, 30, 18, 49, 0], [0, 17, 13, 10, 37, 50, 38, 31, 9, 47, 21, 0]]",7.4646133118949365,0.18780843140040007,3.07660235548974,0.5719612836837769,0.2989008384129179,0.7407424184258999,0.8776170790020978,0.8977410651072442,1.6690611839294434
0.0,0.0,5,True,133999,5,"[[0, 16, 3, 14, 42, 41, 1, 45, 39, 11, 15, 0], [0, 18, 32, 4, 29, 6, 19, 24, 40, 20, 44, 0], [0, 25, 2, 34, 33, 35, 10, 37, 50, 13, 17, 0], [0, 46, 22, 7, 8, 43, 5, 36, 28, 26, 12, 0], [0, 48, 38, 31, 9, 47, 21, 27, 23, 30, 49, 0]]",8.651341648132075,0.2904649680411374,1.9241884748334996,0.34182584919035436,0.060459342924373605,0.039925741328723355,0.8632452781733775,0.8771563479462468,0.8544802665710449
0.0,0.0,6,True,133997,5,"[[0, 16, 3, 14, 42, 41, 1, 45, 11, 39, 48, 0], [0, 15, 46, 22, 7, 8, 43, 17, 13, 18, 49, 0], [0, 27, 35, 10, 37, 50, 38, 31, 9, 47, 21, 0], [0, 12, 29, 4, 32, 6, 19, 24, 40, 20, 44, 0], [0, 25, 2, 34, 33, 5, 36, 28, 26, 23, 30, 0]]",7.969195502686489,0.20755755765629666,2.0205371314586955,0.3795144561678171,0.12443083688877343,0.12619222584196207,0.8846861439730813,0.9082826007343019,1.6690611839294434
0.0,0.0,7,True,133998,5,"[[0, 13, 17, 43, 33, 34, 5, 2, 25, 45, 11, 0], [0, 16, 1, 41, 42, 12, 49, 14, 3, 15, 48, 0], [0, 44, 20, 40, 24, 19, 6, 29, 4, 32, 18, 0], [0, 30, 23, 26, 28, 36, 8, 7, 22, 46, 39, 0], [0, 21, 47, 9, 31, 38, 50, 37, 10, 35, 27, 0]]",7.739620090309472,0.20033151818705455,2.3839260083041154,0.2652009983680078,0.1814740880782466,0.29270218532610565,0.862908243679197,0.8865475901098615,0.8544802665710449
0.0,0.0,8,True,133998,5,"[[0, 48, 14, 42, 41, 1, 45, 11, 15, 3, 16, 0], [0, 49, 18, 12, 29, 32, 4, 6, 19, 24, 40, 0], [0, 44, 20, 34, 33, 5, 36, 28, 26, 23, 30, 0], [0, 17, 13, 37, 10, 35, 22, 43, 8, 7, 46, 0], [0, 27, 21, 47, 9, 31, 38, 50, 2, 25, 39, 0]]",7.546067091025179,0.2594173031214338,2.650440547527978,0.46124212741851806,0.20052238017271984,0.3621143774188974,0.8771566868787535,0.8958149058207335,1.6690611839294434
0.0,0.0,9,True,133997,5,"[[0, 48, 15, 45, 11, 1, 41, 42, 14, 3, 16, 0], [0, 27, 35, 5, 36, 28, 26, 23, 30, 12, 49, 0], [0, 21, 47, 9, 31, 38, 50, 37, 10, 13, 17, 0], [0, 25, 2, 34, 33, 43, 8, 7, 22, 46, 39, 0], [0, 44, 20, 40, 24, 6, 19, 29, 4, 32, 18, 0]]",6.284721069794614,0.1686209441642418,2.0011453916085884,0.3188039977103472,0.2118909674977727,0.23641111159852737,0.8608695529701031,0.8786017832951158,0.8519452810287476
0.5,0.0,0,True,148411,5,"[[0, 48, 42, 14, 3, 16, 20, 44, 17, 13, 12, 0], [0, 49, 18, 32, 4, 29, 6, 19, 24, 41, 1, 0], [0, 35, 10, 37, 50, 38, 31, 9, 47, 21, 27, 0], [0, 30, 23, 26, 28, 2, 25, 45, 11, 39, 15, 0], [0, 40, 5, 34, 33, 36, 7, 8, 43, 22, 46, 0]]",4.170463486800145,0.11838993372331405,1.8013069929729681,0.18206635831544796,0.3249366576042081,0.2923187882517521,0.8343857575211131,0.8345913740396638,0.8345305919647217
0.5,0.0,1,True,149009,5,"[[0, 11, 46, 22, 43, 8, 7, 36, 5, 33, 34, 0], [0, 30, 23, 26, 28, 2, 25, 45, 16, 3, 15, 0], [0, 48, 18, 35, 10, 37, 50, 38, 31, 9, 39, 0], [0, 27, 21, 47, 29, 32, 4, 6, 19, 24, 40, 0], [0, 1, 41, 42, 14, 12, 49, 13, 17, 44, 20, 0]]",4.18799645362742,0.10827131330734119,1.271366889377532,0.17640160831312338,0.2507145391540271,0.14909491214123988,0.8382447336067267,0.8340473317848064,0.8345305919647217
0.5,0.0,2,True,148411,5,"[[0, 48, 18, 32, 4, 29, 19, 6, 24, 41, 1, 0], [0, 15, 11, 39, 45, 25, 2, 28, 26, 23, 30, 0], [0, 42, 14, 3, 16, 20, 44, 17, 13, 12, 49, 0], [0, 27, 21, 47, 9, 31, 38, 50, 37, 10, 35, 0], [0, 46, 22, 43, 8, 7, 36, 34, 33, 5, 40, 0]]",4.170463486800145,0.11838993372331405,1.809279786364641,0.20383136393502355,0.3269381835999665,0.296656817160042,0.8343857575211131,0.8345913740396638,0.8345305919647217
0.5,0.0,3,True,148423,5,"[[0, 49, 30, 23, 26, 28, 2, 25, 45, 39, 11, 0], [0, 1, 41, 24, 19, 6, 29, 4, 32, 18, 12, 0], [0, 40, 34, 33, 5, 36, 7, 8, 43, 22, 46, 0], [0, 27, 21, 47, 9, 31, 38, 50, 37, 10, 35, 0], [0, 48, 20, 44, 17, 13, 14, 42, 16, 3, 15, 0]]",4.25944422257453,0.12130779021515928,1.8878793811309151,0.19146834034472704,0.3336341613835745,0.3265704743580733,0.832625464759577,0.8336084399429758,0.8345305919647217
0.5,0.0,4,True,148411,5,"[[0, 30, 23, 26, 28, 2, 25, 11, 45, 39, 15, 0], [0, 42, 14, 3, 16, 20, 44, 17, 13, 49, 12, 0], [0, 40, 34, 33, 5, 36, 7, 8, 43, 22, 46, 0], [0, 35, 10, 37, 50, 38, 31, 9, 47, 21, 27, 0], [0, 1, 41, 24, 6, 19, 29, 4, 32, 18, 48, 0]]",4.2550813250636565,0.12130779021515928,1.8938976246281527,0.2144085937179625,0.33634563441248,0.33080973507804723,0.8359142954714383,0.8378807401621053,0.8345305919647217
0.5,0.0,5,True,148411,5,"[[0, 48, 18, 32, 4, 29, 19, 6, 24, 41, 1, 0], [0, 15, 11, 39, 45, 25, 2, 28, 26, 23, 30, 0], [0, 42, 14, 3, 16, 20, 44, 17, 13, 12, 49, 0], [0, 35, 10, 37, 50, 38, 31, 9, 47, 21, 27, 0], [0, 46, 22, 43, 8, 7, 36, 34, 33, 5, 40, 0]]",4.170463486800145,0.11838993372331405,1.809279786364641,0.20383136393502355,0.3269381835999665,0.296656817160042,0.8343857575211131,0.8345913740396638,0.8345305919647217
0.5,0.0,6,True,148414,5,"[[0, 15, 39, 11, 45, 25, 2, 28, 26, 23, 30, 0], [0, 48, 18, 32, 4, 29, 6, 19, 24, 41, 1, 0], [0, 40, 34, 33, 36, 5, 43, 8, 7, 22, 46, 0], [0, 42, 14, 3, 16, 20, 44, 17, 13, 12, 49, 0], [0, 35, 10, 37, 50, 38, 31, 9, 47, 21, 27, 0]]",3.9645284925281885,0.11506737815216184,1.809279786364641,0.20383136393502355,0.3817866984275897,0.33541354442673554,0.8301353577402113,0.8283337859067592,0.8345305919647217
0.5,0.0,7,True,148718,5,"[[0, 12, 49, 40, 24, 19, 6, 29, 4, 32, 39, 0], [0, 35, 10, 37, 50, 38, 31, 9, 47, 21, 27, 0], [0, 48, 1, 41, 42, 14, 3, 16, 45, 11, 15, 0], [0, 25, 2, 28, 26, 23, 30, 13, 17, 44, 20, 0], [0, 46, 22, 43, 8, 7, 36, 5, 33, 34, 18, 0]]",4.322779407892085,0.12020611607780059,1.1751229485671502,0.2662754491902888,0.1895813044036203,0.09558025735862466,0.846627945143499,0.8416088607776977,0.8345305919647217
0.5,0.0,8,True,148954,5,"[[0, 48, 20, 44, 29, 32, 4, 6, 19, 24, 40, 0], [0, 18, 34, 33, 5, 36, 2, 28, 26, 23, 30, 0], [0, 49, 12, 13, 17, 43, 8, 7, 22, 46, 11, 0], [0, 27, 21, 47, 9, 31, 38, 50, 37, 10, 35, 0], [0, 1, 41, 42, 14, 3, 16, 45, 25, 39, 15, 0]]",4.652664398709021,0.11569795379524722,1.3645895541412756,0.30126323364675045,0.1985021436090686,0.11516925887589002,0.842495467183046,0.8473404060064541,0.8345305919647217
0.5,0.0,9,True,148842,5,"[[0, 46, 22, 43, 8, 7, 36, 33, 34, 5, 40, 0], [0, 48, 42, 14, 3, 15, 16, 20, 44, 17, 13, 0], [0, 11, 45, 39, 25, 2, 28, 26, 23, 30, 49, 0], [0, 27, 21, 47, 9, 31, 38, 50, 10, 37, 12, 0], [0, 1, 41, 24, 19, 6, 29, 4, 32, 18, 35, 0]]",3.444333091865701,0.09583554729553205,1.08833515108563,0.1504830795650681,0.22534061184978116,0.09570754911409451,0.8032580560604354,0.7977769954401418,0.3948257267475128
1.0,0.0,0,True,157023,5,"[[0, 27, 21, 47, 29, 4, 32, 18, 35, 10, 37, 0], [0, 40, 34, 33, 5, 36, 7, 8, 43, 22, 46, 0], [0, 39, 9, 31, 38, 50, 13, 17, 44, 20, 48, 0], [0, 42, 14, 3, 16, 1, 41, 24, 6, 19, 12, 0], [0, 49, 30, 23, 26, 28, 2, 25, 45, 11, 15, 0]]",3.0863156539198826,0.0807999978163119,0.9715225816471502,0.13460780928532282,0.17812817495997835,0.043249638303773534,0.7932808205150355,0.7811823597328686,0.3948257267475128
1.0,0.0,1,True,157591,5,"[[0, 27, 21, 47, 29, 4, 32, 18, 35, 10, 37, 0], [0, 40, 9, 31, 38, 50, 34, 33, 5, 36, 49, 0], [0, 1, 16, 3, 14, 42, 41, 24, 6, 19, 12, 0], [0, 48, 46, 22, 7, 8, 43, 20, 44, 17, 13, 0], [0, 30, 23, 26, 28, 2, 25, 11, 39, 45, 15, 0]]",3.034218361477542,0.0832961341711106,0.9715225816471502,0.13460780928532282,0.24535638429311213,0.07251320129320775,0.7977698023971336,0.7828634996642693,0.4186563491821289
1.0,0.0,2,True,157023,5,"[[0, 12, 19, 6, 24, 41, 1, 16, 3, 14, 42, 0], [0, 49, 30, 23, 26, 28, 2, 25, 11, 45, 15, 0], [0, 46, 22, 43, 8, 7, 36, 5, 33, 34, 40, 0], [0, 39, 9, 31, 38, 50, 13, 17, 44, 20, 48, 0], [0, 37, 10, 35, 18, 32, 4, 29, 47, 21, 27, 0]]",2.994535746569454,0.07788214132446668,0.8873704777797684,0.12050483624140422,0.16008724252005457,0.03206130260211906,0.7902062112661892,0.7758729712149023,0.3948257267475128
1.0,0.0,3,True,157281,5,"[[0, 15, 3, 9, 31, 38, 50, 5, 36, 33, 34, 0], [0, 46, 22, 7, 8, 43, 17, 13, 12, 49, 14, 0], [0, 1, 41, 24, 6, 19, 40, 44, 20, 16, 42, 0], [0, 27, 21, 47, 29, 4, 32, 18, 35, 10, 37, 0], [0, 48, 45, 11, 39, 25, 2, 28, 26, 23, 30, 0]]",2.819645409115765,0.0709966744199909,0.9715225816471502,0.13460780928532282,0.2939944034745403,0.09159726289753281,0.7655614286775811,0.7440512380233294,0.3948257267475128
1.0,0.0,4,True,156634,5,"[[0, 48, 49, 12, 13, 17, 6, 19, 24, 41, 1, 0], [0, 30, 23, 26, 28, 2, 25, 16, 3, 14, 42, 0], [0, 15, 45, 11, 39, 32, 4, 29, 47, 21, 27, 0], [0, 40, 9, 31, 36, 33, 34, 18, 35, 10, 37, 0], [0, 46, 22, 7, 8, 43, 5, 50, 38, 44, 20, 0]]",2.9362966486951336,0.07555235402080519,0.8138547150592785,0.14188978113234044,0.19293474159817325,0.04524837437522068,0.7926092809063208,0.7700179420326363,0.4186563491821289
1.0,0.0,5,True,157349,5,"[[0, 30, 23, 26, 28, 2, 43, 8, 7, 22, 46, 0], [0, 37, 10, 35, 18, 32, 4, 29, 47, 21, 27, 0], [0, 34, 33, 5, 36, 50, 38, 31, 9, 40, 49, 0], [0, 48, 42, 14, 3, 16, 11, 25, 39, 45, 15, 0], [0, 12, 13, 17, 44, 20, 19, 6, 24, 41, 1, 0]]",2.608749083527073,0.06464150207566804,0.8873704777797684,0.12050483624140422,0.2870085770408639,0.0717189729759711,0.7704297244748295,0.744466881503182,0.3948257267475128
1.0,0.0,6,True,157023,5,"[[0, 48, 49, 30, 23, 26, 28, 2, 25, 11, 15, 0], [0, 20, 44, 17, 13, 50, 38, 31, 9, 39, 45, 0], [0, 40, 34, 33, 5, 36, 7, 8, 43, 22, 46, 0], [0, 37, 10, 35, 18, 32, 4, 29, 47, 21, 27, 0], [0, 12, 19, 6, 24, 41, 1, 16, 3, 14, 42, 0]]",2.994535746569454,0.07788214132446668,0.8873704777797684,0.12050483624140422,0.15791785341800613,0.031830641920222384,0.7902062112661892,0.7758729712149023,0.3948257267475128
1.0,0.0,7,True,157523,5,"[[0, 20, 44, 38, 50, 5, 43, 8, 7, 22, 46, 0], [0, 34, 33, 36, 31, 9, 2, 28, 26, 23, 30, 0], [0, 48, 42, 14, 3, 16, 25, 39, 45, 11, 15, 0], [0, 12, 49, 13, 17, 40, 19, 6, 24, 41, 1, 0], [0, 37, 10, 35, 18, 32, 4, 29, 47, 21, 27, 0]]",2.638982894073706,0.06550743809804835,0.8873704777797684,0.12050483624140422,0.22203351243481362,0.045453878294366,0.7682381345457023,0.7429580014563698,0.3948257267475128
1.0,0.0,8,True,157032,5,"[[0, 40, 34, 33, 36, 5, 43, 8, 7, 22, 46, 0], [0, 37, 10, 35, 18, 32, 4, 29, 47, 21, 27, 0], [0, 1, 16, 3, 14, 42, 41, 24, 6, 19, 12, 0], [0, 39, 9, 31, 38, 50, 13, 17, 44, 20, 48, 0], [0, 15, 11, 45, 25, 2, 28, 26, 23, 30, 49, 0]]",2.7965958627682994,0.07311287888192705,0.8873704777797684,0.12050483624140422,0.22891466878788047,0.05199286387313053,0.778028686960843,0.7611569835404626,0.3948257267475128
1.0,0.0,9,True,157240,5,"[[0, 48, 11, 45, 39, 32, 4, 29, 47, 21, 27, 0], [0, 14, 42, 16, 1, 41, 24, 6, 19, 12, 49, 0], [0, 40, 9, 31, 36, 5, 43, 8, 7, 22, 46, 0], [0, 15, 3, 38, 50, 33, 34, 18, 35, 10, 37, 0], [0, 25, 2, 28, 26, 23, 30, 13, 17, 44, 20, 0]]",2.3935349382736604,0.04450395192282322,0.7562854842981324,0.06998382715715303,0.29951579430821607,0.07300659903288718,0.7518086300638391,0.7161949264798353,0.3948257267475128
1.5,0.0,0,True,163568,5,"[[0, 48, 45, 39, 32, 4, 6, 19, 24, 41, 1, 0], [0, 40, 9, 31, 38, 50, 43, 8, 7, 22, 46, 0], [0, 36, 5, 33, 34, 18, 35, 10, 37, 17, 13, 0], [0, 12, 49, 30, 23, 26, 28, 2, 25, 11, 15, 0], [0, 42, 14, 3, 16, 20, 44, 29, 47, 21, 27, 0]]",2.4345179246156476,0.056987038909875116,0.8283409237046726,0.08530987321864814,0.320378338079655,0.08391294337685891,0.7478982989363467,0.7135858202802324,0.3948257267475128
1.5,0.0,1,True,163288,5,"[[0, 39, 32, 18, 35, 10, 37, 34, 33, 5, 36, 0], [0, 1, 41, 24, 19, 6, 4, 29, 47, 21, 27, 0], [0, 42, 14, 3, 16, 20, 44, 17, 13, 12, 48, 0], [0, 15, 11, 45, 25, 2, 28, 26, 23, 30, 49, 0], [0, 40, 9, 31, 38, 50, 43, 8, 7, 22, 46, 0]]",2.362369900329213,0.043788724937118016,0.9701416935422458,0.10968985328716892,0.2890340553738515,0.07178190552071453,0.7586152682604907,0.7204242979252211,0.3948257267475128
1.5,0.0,2,True,164286,5,"[[0, 48, 20, 36, 5, 33, 34, 18, 35, 10, 37, 0], [0, 12, 13, 17, 44, 29, 4, 32, 47, 21, 27, 0], [0, 15, 11, 45, 25, 2, 28, 26, 23, 30, 49, 0], [0, 46, 22, 7, 8, 43, 50, 38, 31, 9, 39, 0], [0, 42, 14, 3, 16, 1, 41, 24, 6, 19, 40, 0]]",2.69484315666341,0.06670444837675013,0.804277908806398,0.08754127366202218,0.233199820065211,0.05119972129407498,0.7736555385639776,0.7440570431179228,0.4186563491821289
1.5,0.0,3,True,163647,5,"[[0, 15, 3, 14, 42, 41, 24, 6, 19, 17, 13, 0], [0, 37, 10, 35, 18, 34, 33, 50, 38, 44, 20, 0], [0, 45, 11, 25, 2, 28, 26, 23, 30, 49, 12, 0], [0, 48, 27, 21, 47, 29, 4, 32, 39, 16, 1, 0], [0, 40, 9, 31, 36, 5, 43, 8, 7, 22, 46, 0]]",2.525832031358732,0.06329863990790077,0.7886881149024703,0.07702154187219483,0.24065368201530934,0.04905883880804125,0.7665978909835931,0.7389842608793552,0.3948257267475128
1.5,0.0,4,True,163653,5,"[[0, 49, 30, 23, 26, 28, 2, 25, 11, 45, 48, 0], [0, 27, 21, 47, 29, 4, 32, 39, 16, 3, 15, 0], [0, 20, 44, 38, 50, 5, 43, 8, 7, 22, 46, 0], [0, 37, 10, 35, 18, 34, 33, 36, 31, 9, 40, 0], [0, 1, 41, 24, 6, 19, 17, 13, 12, 14, 42, 0]]",2.5254536274878774,0.06329863990790077,0.7416170628857799,0.08753783388861588,0.22468545768280523,0.04362770520036009,0.7639808679485278,0.7324070361929127,0.3948257267475128
1.5,0.0,5,True,163288,5,"[[0, 1, 41, 24, 19, 6, 4, 29, 47, 21, 27, 0], [0, 49, 12, 13, 17, 44, 20, 16, 3, 14, 42, 0], [0, 46, 22, 7, 8, 43, 50, 38, 31, 9, 40, 0], [0, 36, 5, 33, 34, 37, 10, 35, 18, 32, 39, 0], [0, 48, 15, 45, 11, 25, 2, 28, 26, 23, 30, 0]]",2.6926875815188396,0.06934482504480652,0.9701416935422458,0.10968985328716892,0.2314829191234642,0.05672610967063594,0.782071153530908,0.7525463942309665,0.4186563491821289
1.5,0.0,6,True,164487,5,"[[0, 15, 3, 38, 50, 33, 34, 36, 31, 9, 39, 0], [0, 37, 10, 35, 18, 32, 4, 29, 47, 21, 27, 0], [0, 12, 49, 30, 23, 26, 28, 2, 25, 45, 11, 0], [0, 46, 22, 7, 8, 43, 5, 20, 44, 17, 13, 0], [0, 48, 14, 42, 16, 1, 41, 24, 6, 19, 40, 0]]",2.9193912428963813,0.08016214016135093,0.8873704777797684,0.12050483624140422,0.2464692613760897,0.06906736893847282,0.792635468233212,0.7779365200104966,0.4186563491821289
1.5,0.0,7,True,163288,5,"[[0, 12, 13, 17, 44, 20, 16, 3, 14, 42, 48, 0], [0, 40, 9, 31, 38, 50, 43, 8, 7, 22, 46, 0], [0, 15, 11, 45, 25, 2, 28, 26, 23, 30, 49, 0], [0, 36, 5, 33, 34, 37, 10, 35, 18, 32, 39, 0], [0, 1, 41, 24, 19, 6, 4, 29, 47, 21, 27, 0]]",2.2782177964618313,0.041619036776515156,0.9701416935422458,0.10968985328716892,0.31448538205826027,0.0771067430362021,0.7507384930790366,0.7098929879015816,0.3948257267475128
1.5,0.0,8,True,164478,5,"[[0, 27, 21, 47, 29, 4, 32, 18, 35, 10, 37, 0], [0, 34, 33, 5, 36, 50, 38, 31, 9, 3, 15, 0], [0, 20, 44, 40, 6, 19, 24, 41, 42, 14, 48, 0], [0, 49, 30, 23, 26, 28, 2, 25, 39, 45, 11, 0], [0, 1, 16, 46, 22, 7, 8, 43, 17, 13, 12, 0]]",2.9426744488810073,0.07319183442741632,0.99425342050381,0.13460780928532282,0.3037909699243233,0.11137864807276181,0.7796048079819058,0.7612130427772836,0.3948257267475128
1.5,0.0,9,True,163647,5,"[[0, 37, 10, 35, 18, 34, 33, 50, 38, 44, 20, 0], [0, 15, 3, 14, 42, 41, 24, 6, 19, 17, 13, 0], [0, 1, 16, 25, 2, 28, 26, 23, 30, 49, 12, 0], [0, 46, 22, 7, 8, 43, 5, 36, 31, 9, 40, 0], [0, 48, 27, 21, 47, 29, 4, 32, 39, 45, 11, 0]]",2.94030181641574,0.07555235402080519,0.7562854842981324,0.0904873140156269,0.11727716438700586,0.01540966078518494,0.7920189650144118,0.7739449044774314,0.4186563491821289
2.0,0.0,0,True,169742,5,"[[0, 30, 23, 26, 28, 2, 25, 11, 16, 3, 15, 0], [0, 48, 42, 14, 13, 17, 44, 29, 47, 21, 27, 0], [0, 20, 36, 5, 33, 34, 18, 35, 10, 37, 49, 0], [0, 1, 45, 39, 32, 4, 41, 24, 6, 19, 12, 0], [0, 40, 9, 31, 38, 50, 43, 8, 7, 22, 46, 0]]",1.9034874588469393,0.03018978592462656,0.7116576524495031,0.060446521267294884,0.28963540586532255,0.04164111467369848,0.6977575746587756,0.6399260683744592,0.33879995346069336
2.0,0.0,1,True,170088,5,"[[0, 42, 14, 3, 38, 50, 5, 36, 33, 34, 48, 0], [0, 1, 11, 25, 2, 28, 26, 23, 30, 49, 12, 0], [0, 40, 19, 6, 24, 41, 4, 29, 47, 21, 27, 0], [0, 39, 32, 18, 35, 10, 37, 13, 17, 44, 20, 0], [0, 31, 9, 43, 8, 7, 22, 46, 45, 16, 15, 0]]",2.1179619232643745,0.04089905848460538,0.5712759400485083,0.06289937331651647,0.14024002352177845,0.011434089676129725,0.7219589378170317,0.6729476853816216,0.33879995346069336
2.0,0.0,2,True,169769,5,"[[0, 48, 1, 25, 45, 11, 15, 16, 3, 14, 42, 0], [0, 27, 21, 47, 29, 4, 41, 24, 6, 19, 12, 0], [0, 46, 22, 7, 8, 43, 2, 28, 26, 23, 30, 0], [0, 34, 33, 5, 36, 50, 38, 31, 9, 40, 49, 0], [0, 39, 32, 18, 35, 10, 37, 13, 17, 44, 20, 0]]",2.4834824214849505,0.06226037249767354,0.9271933308045845,0.1343780498330792,0.2801713596324005,0.06420359382994037,0.7628946115158142,0.7302136495972595,0.4186563491821289
2.0,0.0,3,True,169587,5,"[[0, 48, 1, 11, 45, 25, 2, 28, 26, 23, 30, 0], [0, 46, 22, 7, 8, 43, 50, 38, 31, 9, 40, 0], [0, 39, 32, 18, 35, 10, 37, 34, 33, 5, 36, 0], [0, 12, 19, 6, 24, 41, 4, 29, 47, 21, 27, 0], [0, 15, 3, 16, 42, 14, 49, 13, 17, 44, 20, 0]]",2.399076127061562,0.044399766538005606,0.5816426800738554,0.0904873140156269,0.09915717376669764,0.007440750449009216,0.7593641812984895,0.7202433329525276,0.4186563491821289
2.0,0.0,4,True,170330,5,"[[0, 48, 14, 3, 15, 45, 39, 32, 47, 21, 27, 0], [0, 37, 10, 35, 18, 34, 33, 5, 20, 16, 42, 0], [0, 40, 19, 6, 24, 41, 4, 29, 44, 17, 13, 0], [0, 46, 22, 7, 8, 43, 9, 31, 38, 50, 36, 0], [0, 1, 11, 25, 2, 28, 26, 23, 30, 49, 12, 0]]",1.857684894312115,0.03620807190650496,0.5479116569913458,0.04876160668209195,0.16933184292745684,0.013022023022294854,0.6861326916937747,0.6258153210769812,0.33879995346069336
2.0,0.0,5,True,169742,5,"[[0, 12, 19, 6, 24, 41, 4, 32, 39, 11, 1, 0], [0, 15, 3, 16, 45, 25, 2, 28, 26, 23, 30, 0], [0, 20, 5, 36, 33, 34, 18, 35, 10, 37, 49, 0], [0, 40, 9, 31, 38, 50, 43, 8, 7, 22, 46, 0], [0, 27, 21, 47, 29, 44, 17, 13, 14, 42, 48, 0]]",1.8958596553638927,0.03131001562071152,0.7116576524495031,0.060446521267294884,0.2868187142050156,0.04137834507258119,0.6982221616464586,0.6382181434832962,0.33879995346069336
2.0,0.0,6,True,170091,5,"[[0, 27, 10, 37, 13, 17, 44, 20, 16, 15, 48, 0], [0, 12, 40, 9, 31, 36, 7, 8, 43, 22, 46, 0], [0, 21, 47, 29, 6, 19, 24, 41, 4, 32, 39, 0], [0, 35, 18, 34, 33, 5, 50, 38, 3, 14, 42, 0], [0, 49, 30, 23, 26, 28, 2, 25, 11, 45, 1, 0]]",2.199392496862856,0.04339624744440828,0.6378800515012699,0.07283294892736844,0.14686241753268203,0.014307575420143331,0.7385321281654638,0.6971442324771167,0.33879995346069336
2.0,0.0,7,True,169811,5,"[[0, 14, 42, 16, 3, 15, 45, 25, 11, 1, 48, 0], [0, 49, 40, 9, 31, 38, 50, 5, 36, 33, 34, 0], [0, 12, 19, 6, 24, 41, 4, 29, 47, 21, 27, 0], [0, 20, 44, 17, 13, 37, 10, 35, 18, 32, 39, 0], [0, 46, 22, 7, 8, 43, 2, 28, 26, 23, 30, 0]]",2.395617448921257,0.05923830684540527,0.9271933308045845,0.1343780498330792,0.28852000207876727,0.0651862662781952,0.754093138620717,0.7185869155015148,0.4186563491821289
2.0,0.0,8,True,170048,5,"[[0, 39, 32, 18, 35, 10, 37, 13, 17, 44, 20, 0], [0, 12, 19, 6, 24, 41, 4, 29, 47, 21, 27, 0], [0, 1, 11, 46, 22, 7, 8, 43, 5, 33, 34, 0], [0, 48, 42, 14, 3, 38, 50, 36, 31, 9, 40, 0], [0, 49, 30, 23, 26, 28, 2, 25, 45, 16, 15, 0]]",2.380361313080357,0.04852324442139694,0.579022091202205,0.0909897718578577,0.11126097538902169,0.009413365751319517,0.7566968387999555,0.718034242965754,0.4186563491821289
2.0,0.0,9,True,170238,5,"[[0, 14, 42, 16, 3, 38, 50, 5, 36, 33, 34, 0], [0, 49, 40, 31, 9, 43, 8, 7, 22, 46, 15, 0], [0, 20, 44, 17, 13, 37, 10, 35, 18, 32, 39, 0], [0, 1, 45, 11, 25, 2, 28, 26, 23, 30, 48, 0], [0, 12, 19, 6, 24, 41, 4, 29, 47, 21, 27, 0]]",2.045743902817776,0.03848140596279076,0.5666490362491459,0.04882703783611456,0.13883486618832053,0.010210141558741346,0.7126488441699332,0.6595923040850675,0.33879995346069336
3.0,0.0,0,True,180019,5,"[[0, 49, 30, 23, 26, 28, 2, 25, 11, 16, 42, 0], [0, 13, 17, 44, 29, 4, 41, 24, 6, 19, 12, 0], [0, 1, 46, 22, 5, 33, 34, 18, 35, 10, 37, 0], [0, 27, 21, 47, 32, 39, 45, 15, 3, 14, 48, 0], [0, 20, 43, 8, 7, 36, 50, 38, 31, 9, 40, 0]]",1.686345925751084,0.024950490798801184,0.5479116569913458,0.06440291088074446,0.2624921038801651,0.029127194887100794,0.6695162635194194,0.5979201409318016,0.33879995346069336
3.0,0.0,1,True,179125,5,"[[0, 42, 14, 3, 15, 39, 32, 47, 21, 27, 48, 0], [0, 36, 50, 38, 31, 9, 43, 8, 7, 22, 46, 0], [0, 1, 16, 45, 11, 25, 2, 28, 26, 23, 30, 0], [0, 49, 40, 37, 10, 35, 18, 34, 33, 5, 20, 0], [0, 12, 19, 6, 24, 41, 4, 29, 44, 17, 13, 0]]",1.8323234861818491,0.03620807190650496,0.6462564165994991,0.0500637698918581,0.25590185779945385,0.028668609851116862,0.6881087054971682,0.6260052714404651,0.33879995346069336
3.0,0.0,2,True,180657,5,"[[0, 39, 38, 50, 34, 33, 43, 8, 7, 22, 46, 0], [0, 30, 23, 26, 28, 2, 9, 31, 36, 5, 20, 0], [0, 12, 19, 6, 24, 41, 4, 29, 44, 17, 13, 0], [0, 48, 1, 11, 45, 25, 15, 16, 3, 14, 42, 0], [0, 27, 21, 47, 32, 18, 35, 10, 37, 40, 49, 0]]",1.8399979433088447,0.0331276352916445,0.7382806641107891,0.08356783884976592,0.31372757229967974,0.04514505262243426,0.7033807653611315,0.6471125272617374,0.33879995346069336
3.0,0.0,3,True,179087,5,"[[0, 36, 50, 38, 31, 9, 43, 8, 7, 22, 46, 0], [0, 20, 5, 33, 34, 18, 35, 10, 37, 40, 49, 0], [0, 12, 19, 6, 24, 41, 4, 29, 44, 17, 13, 0], [0, 42, 14, 3, 16, 15, 39, 32, 47, 21, 27, 0], [0, 1, 11, 45, 25, 2, 28, 26, 23, 30, 48, 0]]",1.8295494932026486,0.03620807190650496,0.6335165160126053,0.06044351146556437,0.2532034852150973,0.027695171779092392,0.6907463266638185,0.6269544309107987,0.33879995346069336
3.0,0.0,4,True,178867,5,"[[0, 1, 11, 25, 2, 28, 26, 23, 30, 49, 12, 0], [0, 20, 5, 36, 31, 9, 43, 8, 7, 22, 46, 0], [0, 37, 10, 35, 18, 34, 33, 50, 38, 3, 15, 0], [0, 40, 19, 6, 24, 41, 4, 29, 44, 17, 13, 0], [0, 48, 14, 42, 16, 45, 39, 32, 47, 21, 27, 0]]",1.8197063283223542,0.029054842554988004,0.6608687787083909,0.0500637698918581,0.26997353921960165,0.03183396014235475,0.6878829976280951,0.624397647673426,0.33879995346069336
3.0,0.0,5,True,179087,5,"[[0, 12, 19, 6, 24, 41, 4, 29, 44, 17, 13, 0], [0, 46, 22, 7, 8, 43, 9, 31, 38, 50, 36, 0], [0, 48, 30, 23, 26, 28, 2, 25, 45, 11, 1, 0], [0, 42, 14, 3, 16, 15, 39, 32, 47, 21, 27, 0], [0, 49, 40, 37, 10, 35, 18, 34, 33, 5, 20, 0]]",1.8300152275987784,0.03620807190650496,0.6335165160126053,0.06044351146556437,0.2529354475060164,0.027658214814744186,0.6907197585240235,0.6267948725427167,0.33879995346069336
3.0,0.0,6,True,180465,5,"[[0, 12, 49, 30, 23, 26, 28, 2, 25, 11, 1, 0], [0, 31, 9, 43, 8, 7, 22, 46, 45, 16, 15, 0], [0, 48, 42, 14, 3, 38, 50, 5, 36, 33, 34, 0], [0, 40, 19, 6, 24, 41, 4, 29, 47, 21, 27, 0], [0, 20, 44, 17, 13, 37, 10, 35, 18, 32, 39, 0]]",2.0338098193969927,0.03848140596279076,0.5712759400485083,0.04879640027259787,0.14068178528057707,0.010503646516515024,0.7112628673525938,0.6591863816063023,0.33879995346069336
3.0,0.0,7,True,179005,5,"[[0, 37, 10, 35, 18, 34, 33, 50, 38, 3, 14, 0], [0, 48, 49, 12, 30, 23, 26, 28, 2, 25, 1, 0], [0, 27, 21, 47, 32, 39, 45, 11, 15, 16, 42, 0], [0, 40, 6, 19, 24, 41, 4, 29, 44, 17, 13, 0], [0, 20, 5, 36, 31, 9, 43, 8, 7, 22, 46, 0]]",1.82805285773793,0.029054842554988004,0.624846427817829,0.06044351146556437,0.24627224464021347,0.026642633378293396,0.6888572839154694,0.6252845362173486,0.33879995346069336
3.0,0.0,8,True,179087,5,"[[0, 1, 11, 45, 25, 2, 28, 26, 23, 30, 49, 0], [0, 13, 17, 44, 29, 4, 41, 24, 6, 19, 12, 0], [0, 48, 40, 37, 10, 35, 18, 34, 33, 5, 20, 0], [0, 27, 21, 47, 32, 39, 15, 16, 3, 14, 42, 0], [0, 36, 50, 38, 31, 9, 43, 8, 7, 22, 46, 0]]",1.837643031081825,0.03620807190650496,0.6335165160126053,0.06044351146556437,0.2450188853094215,0.02635856541233208,0.6905128533390159,0.6239549876255526,0.33879995346069336
3.0,0.0,9,True,179800,5,"[[0, 13, 17, 44, 29, 4, 41, 24, 6, 19, 12, 0], [0, 42, 14, 3, 25, 2, 28, 26, 23, 30, 49, 0], [0, 36, 50, 38, 31, 9, 43, 8, 7, 22, 46, 0], [0, 1, 16, 15, 11, 45, 39, 32, 47, 21, 27, 0], [0, 48, 40, 37, 10, 35, 18, 34, 33, 5, 20, 0]]",1.840483089465124,0.03620807190650496,0.5538885234273039,0.06440291088074446,0.22795214788603158,0.023417621759293274,0.6874169589010459,0.6229921596574233,0.33879995346069336
