beta,lambda_concentration,seed,is_feasible,pyvrp_cost,num_routes,routes,global_risk,global_cvar90,max_vehicle_risk,max_vehicle_cvar90,vehicle_risk_gini,risk_variance,edge_burden_gini_used,top10_burden_share,max_edge_burden
0.0,0.0,0,True,133997,5,"[[0, 14, 42, 41, 1, 45, 11, 15, 3, 16, 48, 0], [0, 18, 32, 4, 29, 19, 6, 24, 40, 20, 44, 0], [0, 27, 35, 5, 36, 28, 26, 23, 30, 12, 49, 0], [0, 46, 22, 7, 8, 43, 33, 34, 2, 25, 39, 0], [0, 17, 13, 10, 37, 50, 38, 31, 9, 47, 21, 0]]",5.950950935453875,0.1657123389595654,1.8045242222724482,0.2942214794456959,0.16807829316771095,0.133331808945296,0.8664012280294686,0.8838819653256386,0.8560811877250671
0.0,0.0,1,True,133997,5,"[[0, 17, 13, 10, 37, 50, 38, 31, 9, 47, 21, 0], [0, 18, 32, 4, 29, 6, 19, 24, 40, 20, 44, 0], [0, 14, 42, 41, 1, 11, 45, 15, 3, 16, 48, 0], [0, 46, 22, 7, 8, 43, 33, 34, 2, 25, 39, 0], [0, 27, 35, 5, 36, 28, 26, 23, 30, 12, 49, 0]]",5.950950935453875,0.1657123389595654,1.8045242222724482,0.2942214794456959,0.16807829316771095,0.133331808945296,0.8664012280294686,0.8838819653256386,0.8560811877250671
0.0,0.0,2,True,133998,5,"[[0, 16, 3, 15, 45, 11, 1, 41, 42, 14, 48, 0], [0, 25, 2, 34, 33, 43, 8, 7, 22, 46, 39, 0], [0, 38, 31, 9, 47, 21, 27, 23, 30, 49, 12, 0], [0, 26, 28, 36, 5, 35, 10, 37, 50, 13, 17, 0], [0, 44, 20, 40, 24, 6, 19, 29, 4, 32, 18, 0]]",7.77731819046312,0.27157666190312457,2.625111129193101,0.463103848695755,0.27168039530322985,0.5745583674662939,0.8751753549213404,0.8942143002355933,0.8571326732635498
0.0,0.0,3,True,133998,5,"[[0, 12, 49, 30, 23, 26, 28, 36, 5, 20, 44, 0], [0, 14, 42, 41, 1, 45, 11, 15, 3, 16, 48, 0], [0, 27, 35, 10, 37, 50, 38, 31, 9, 47, 21, 0], [0, 25, 2, 34, 33, 43, 8, 7, 22, 46, 39, 0], [0, 18, 32, 4, 29, 19, 6, 24, 40, 13, 17, 0]]",5.498610015580198,0.16148664612943928,1.9386364599922672,0.29333820457880694,0.27310098007136596,0.2967348693788724,0.8661678224103257,0.8794828538942162,0.8560811877250671
0.0,0.0,4,True,133997,5,"[[0, 48, 14, 42, 41, 1, 45, 11, 15, 3, 16, 0], [0, 44, 20, 40, 24, 19, 6, 4, 32, 29, 12, 0], [0, 25, 2, 34, 33, 43, 8, 7, 22, 46, 39, 0], [0, 27, 35, 5, 36, 28, 26, 23, 30, 18, 49, 0], [0, 17, 13, 10, 37, 50, 38, 31, 9, 47, 21, 0]]",6.928232152102282,0.18558291633449056,2.9927464775391854,0.5652396082878113,0.33845060190608156,0.7838624337563529,0.890044562195337,0.9045543479876544,1.7047826051712036
0.0,0.0,5,True,133999,5,"[[0, 16, 3, 14, 42, 41, 1, 45, 39, 11, 15, 0], [0, 18, 32, 4, 29, 6, 19, 24, 40, 20, 44, 0], [0, 25, 2, 34, 33, 35, 10, 37, 50, 13, 17, 0], [0, 46, 22, 7, 8, 43, 5, 36, 28, 26, 12, 0], [0, 48, 38, 31, 9, 47, 21, 27, 23, 30, 49, 0]]",8.06126528987079,0.27187347412109375,1.8198283326928504,0.3412812951952219,0.07834771387946793,0.06358648181396527,0.8725020766368528,0.8889903111641064,0.8571326732635498
0.0,0.0,6,True,133997,5,"[[0, 16, 3, 14, 42, 41, 1, 45, 11, 39, 48, 0], [0, 15, 46, 22, 7, 8, 43, 17, 13, 18, 49, 0], [0, 27, 35, 10, 37, 50, 38, 31, 9, 47, 21, 0], [0, 12, 29, 4, 32, 6, 19, 24, 40, 20, 44, 0], [0, 25, 2, 34, 33, 5, 36, 28, 26, 23, 30, 0]]",7.200941632381728,0.1992704143860575,2.047409461283678,0.38506028093397615,0.1602928289651946,0.16983670859623917,0.8926448877877962,0.9119932421957553,1.7047826051712036
0.0,0.0,7,True,133998,5,"[[0, 13, 17, 43, 33, 34, 5, 2, 25, 45, 11, 0], [0, 16, 1, 41, 42, 12, 49, 14, 3, 15, 48, 0], [0, 44, 20, 40, 24, 19, 6, 29, 4, 32, 18, 0], [0, 30, 23, 26, 28, 36, 8, 7, 22, 46, 39, 0], [0, 21, 47, 9, 31, 38, 50, 37, 10, 35, 27, 0]]",7.028117306323111,0.19348295718770137,2.186098030389985,0.2534570771136454,0.20540939590387053,0.29204715465425124,0.872429582826654,0.89469752402287,0.8571326732635498
0.0,0.0,8,True,133998,5,"[[0, 48, 14, 42, 41, 1, 45, 11, 15, 3, 16, 0], [0, 49, 18, 12, 29, 32, 4, 6, 19, 24, 40, 0], [0, 44, 20, 34, 33, 5, 36, 28, 26, 23, 30, 0], [0, 17, 13, 37, 10, 35, 22, 43, 8, 7, 46, 0], [0, 27, 21, 47, 9, 31, 38, 50, 2, 25, 39, 0]]",6.892274388257647,0.1789674833683031,2.756313588761259,0.5124480336904526,0.25671817274783515,0.5207786472079061,0.88844473875093,0.901298267541872,1.7047826051712036
0.0,0.0,9,True,133997,5,"[[0, 48, 15, 45, 11, 1, 41, 42, 14, 3, 16, 0], [0, 27, 35, 5, 36, 28, 26, 23, 30, 12, 49, 0], [0, 21, 47, 9, 31, 38, 50, 37, 10, 13, 17, 0], [0, 25, 2, 34, 33, 43, 8, 7, 22, 46, 39, 0], [0, 44, 20, 40, 24, 6, 19, 29, 4, 32, 18, 0]]",5.66625683780876,0.16203884693283227,1.9189013548311777,0.2942214794456959,0.24898888400266106,0.2591499618366561,0.8679406970944366,0.8819738347507842,0.8560811877250671
2.0,2.0,0,True,178186,5,"[[0, 42, 16, 15, 11, 45, 39, 32, 47, 21, 27, 0], [0, 40, 6, 19, 24, 41, 4, 29, 44, 17, 13, 0], [0, 48, 49, 12, 30, 23, 26, 28, 2, 25, 1, 0], [0, 37, 10, 35, 18, 34, 33, 50, 38, 3, 14, 0], [0, 20, 5, 36, 31, 9, 43, 8, 7, 22, 46, 0]]",1.4741653128257894,0.023248113742148555,0.4662816006166395,0.043817641446366906,0.23140045692203426,0.015142344995273605,0.6706265383573486,0.5939296618140225,0.26533424854278564
2.0,2.0,1,True,178186,5,"[[0, 13, 17, 44, 29, 4, 41, 24, 19, 6, 40, 0], [0, 20, 5, 36, 31, 9, 43, 8, 7, 22, 46, 0], [0, 42, 16, 15, 11, 45, 39, 32, 47, 21, 27, 0], [0, 48, 1, 25, 2, 28, 26, 23, 30, 12, 49, 0], [0, 14, 3, 38, 50, 33, 34, 18, 35, 10, 37, 0]]",1.477162203980697,0.023248113742148555,0.4662816006166395,0.043817641446366906,0.2309710168849033,0.01509437033381334,0.6646432603819352,0.5869863194228537,0.26533424854278564
2.0,2.0,2,True,178201,5,"[[0, 48, 1, 25, 2, 28, 26, 23, 30, 12, 49, 0], [0, 20, 5, 36, 31, 9, 43, 8, 7, 22, 46, 0], [0, 37, 10, 35, 18, 34, 33, 50, 38, 3, 15, 0], [0, 40, 6, 19, 24, 41, 4, 29, 44, 17, 13, 0], [0, 27, 21, 47, 32, 39, 11, 45, 16, 42, 14, 0]]",1.4707783127923904,0.023248113742148555,0.4832035540603101,0.043817641446366906,0.25218433619604874,0.017702531063294384,0.6703064462125672,0.5952974000835515,0.26533424854278564
2.0,2.0,3,True,178214,5,"[[0, 40, 6, 19, 24, 41, 4, 29, 44, 17, 13, 0], [0, 15, 3, 38, 50, 33, 34, 18, 35, 10, 37, 0], [0, 25, 2, 28, 26, 23, 30, 12, 49, 14, 42, 0], [0, 46, 22, 7, 8, 43, 9, 31, 36, 5, 20, 0], [0, 48, 1, 16, 45, 11, 39, 32, 47, 21, 27, 0]]",1.4731497188004141,0.023248113742148555,0.45978531139553525,0.044081472170849643,0.24612380350718044,0.017363069875379437,0.6570550164848841,0.5773601797830953,0.26533424854278564
2.0,2.0,4,True,178404,5,"[[0, 48, 1, 16, 45, 25, 2, 28, 26, 23, 30, 0], [0, 49, 40, 37, 10, 35, 18, 34, 33, 5, 20, 0], [0, 46, 22, 7, 8, 43, 9, 31, 38, 50, 36, 0], [0, 42, 14, 3, 15, 11, 39, 32, 47, 21, 27, 0], [0, 12, 19, 6, 24, 41, 4, 29, 44, 17, 13, 0]]",1.4887064980539435,0.022494918833940458,0.46870300377486274,0.043817641446366906,0.22299344290429812,0.014383656987588802,0.6627619500781572,0.590536072071996,0.26533424854278564
2.0,2.0,5,True,178186,5,"[[0, 37, 10, 35, 18, 34, 33, 50, 38, 3, 14, 0], [0, 1, 45, 25, 2, 28, 26, 23, 30, 49, 12, 0], [0, 13, 17, 44, 29, 4, 41, 24, 19, 6, 40, 0], [0, 42, 16, 15, 11, 39, 32, 47, 21, 27, 48, 0], [0, 46, 22, 7, 8, 43, 9, 31, 36, 5, 20, 0]]",1.477236115719279,0.023248113742148555,0.4733272873563692,0.04381914297118783,0.23282723594591048,0.015272450477360575,0.6684604457681826,0.5926950312058082,0.26533424854278564
2.0,2.0,6,True,178186,5,"[[0, 42, 16, 15, 11, 45, 39, 32, 47, 21, 27, 0], [0, 40, 6, 19, 24, 41, 4, 29, 44, 17, 13, 0], [0, 37, 10, 35, 18, 34, 33, 50, 38, 3, 14, 0], [0, 46, 22, 7, 8, 43, 9, 31, 36, 5, 20, 0], [0, 48, 12, 49, 30, 23, 26, 28, 2, 25, 1, 0]]",1.4741653128257894,0.023248113742148555,0.4662816006166395,0.043817641446366906,0.23140045692203426,0.015142344995273605,0.6706265383573486,0.5939296618140225,0.26533424854278564
2.0,2.0,7,True,178186,5,"[[0, 48, 1, 25, 2, 28, 26, 23, 30, 49, 12, 0], [0, 20, 5, 36, 31, 9, 43, 8, 7, 22, 46, 0], [0, 14, 3, 38, 50, 33, 34, 18, 35, 10, 37, 0], [0, 27, 21, 47, 32, 39, 45, 11, 15, 16, 42, 0], [0, 40, 6, 19, 24, 41, 4, 29, 44, 17, 13, 0]]",1.474315514900809,0.023248113742148555,0.4665057144302409,0.043817641446366906,0.2315385980532223,0.01516231183272059,0.6666828322340594,0.588119704731938,0.26533424854278564
2.0,2.0,8,True,178186,5,"[[0, 46, 22, 7, 8, 43, 9, 31, 36, 5, 20, 0], [0, 40, 6, 19, 24, 41, 4, 29, 44, 17, 13, 0], [0, 37, 10, 35, 18, 34, 33, 50, 38, 3, 14, 0], [0, 48, 49, 12, 30, 23, 26, 28, 2, 25, 1, 0], [0, 42, 16, 15, 11, 45, 39, 32, 47, 21, 27, 0]]",1.4741653128257894,0.023248113742148555,0.4662816006166395,0.043817641446366906,0.23140045692203426,0.015142344995273605,0.6706265383573486,0.5939296618140225,0.26533424854278564
2.0,2.0,9,True,178186,5,"[[0, 12, 49, 30, 23, 26, 28, 2, 25, 45, 1, 0], [0, 48, 42, 16, 15, 11, 39, 32, 47, 21, 27, 0], [0, 40, 6, 19, 24, 41, 4, 29, 44, 17, 13, 0], [0, 14, 3, 38, 50, 33, 34, 18, 35, 10, 37, 0], [0, 20, 5, 36, 31, 9, 43, 8, 7, 22, 46, 0]]",1.4740914010872075,0.023248113742148555,0.4733272873563692,0.04381914297118783,0.23336404431878743,0.01532961905964286,0.6668801237701947,0.5882091196418848,0.26533424854278564
