beta,lambda_concentration,seed,is_feasible,pyvrp_cost,num_routes,routes,global_risk,global_cvar90,max_vehicle_risk,max_vehicle_cvar90,vehicle_risk_gini,risk_variance,edge_burden_gini_used,top10_burden_share,max_edge_burden
0.0,0.0,0,True,145999,5,"[[0, 44, 14, 3, 15, 41, 11, 1, 37, 38, 50, 0], [0, 42, 7, 8, 34, 17, 9, 47, 43, 26, 33, 0], [0, 45, 12, 13, 24, 32, 46, 23, 10, 18, 19, 0], [0, 40, 25, 20, 35, 4, 16, 28, 30, 21, 29, 0], [0, 36, 31, 6, 22, 2, 48, 5, 39, 49, 27, 0]]",6.685640201671049,0.15490096497039,2.7219762752065435,0.41301312297582626,0.27454453407905555,0.54587286963358,0.8708174061394134,0.8882143424541542,0.8560811877250671
0.0,0.0,1,True,145999,5,"[[0, 6, 22, 5, 2, 48, 43, 9, 47, 31, 36, 0], [0, 12, 45, 13, 24, 32, 46, 23, 10, 18, 19, 0], [0, 27, 49, 39, 17, 34, 8, 7, 30, 21, 29, 0], [0, 33, 26, 28, 16, 4, 35, 20, 25, 40, 44, 0], [0, 14, 3, 15, 42, 41, 11, 1, 37, 38, 50, 0]]",7.615477861196268,0.24519957768331682,3.017737885005772,0.5584116518497467,0.27950782557972365,0.7046783092529789,0.8854489956482736,0.9026563325143186,1.7121623754501343
0.0,0.0,2,True,146664,5,"[[0, 27, 49, 39, 17, 34, 8, 7, 16, 12, 45, 0], [0, 35, 4, 6, 22, 5, 43, 47, 9, 31, 36, 0], [0, 33, 26, 28, 30, 48, 2, 20, 25, 40, 19, 0], [0, 14, 3, 15, 42, 41, 11, 1, 37, 38, 50, 0], [0, 29, 21, 18, 10, 23, 46, 32, 24, 13, 44, 0]]",5.682877033890691,0.14795320316710892,1.77991251370986,0.30642938911914824,0.23428416665677076,0.24657167756187462,0.868631104852198,0.8776289566628024,0.8560811877250671
0.0,0.0,3,True,146664,5,"[[0, 44, 50, 38, 37, 1, 41, 11, 15, 3, 14, 0], [0, 19, 18, 21, 29, 10, 23, 46, 32, 24, 13, 0], [0, 45, 12, 42, 7, 8, 34, 17, 39, 49, 27, 0], [0, 16, 35, 4, 6, 22, 5, 30, 28, 26, 33, 0], [0, 40, 25, 20, 2, 48, 43, 47, 9, 31, 36, 0]]",7.1206149906502105,0.22683076886460185,2.688979482423747,0.41880913575490314,0.22875243047406135,0.4345920878668445,0.8707166927767456,0.8895465763747379,0.8560811877250671
0.0,0.0,4,True,147330,5,"[[0, 36, 31, 9, 47, 43, 48, 2, 20, 25, 40, 0], [0, 45, 12, 13, 24, 32, 46, 23, 10, 29, 44, 0], [0, 14, 3, 15, 42, 11, 41, 1, 37, 38, 50, 0], [0, 21, 35, 4, 6, 22, 5, 30, 28, 26, 33, 0], [0, 27, 49, 39, 17, 34, 8, 7, 16, 18, 19, 0]]",6.289092056082154,0.14477628884980312,2.0377753124121227,0.3814081013202667,0.22659250080873172,0.2623791883312019,0.8718872768287516,0.8855225969407482,0.8560811877250671
0.0,0.0,5,True,147330,5,"[[0, 27, 49, 39, 48, 2, 43, 9, 47, 31, 36, 0], [0, 14, 3, 15, 42, 11, 41, 1, 37, 38, 50, 0], [0, 33, 26, 28, 30, 8, 17, 34, 7, 16, 45, 0], [0, 12, 35, 4, 6, 22, 5, 20, 25, 40, 44, 0], [0, 29, 21, 13, 24, 32, 46, 23, 10, 18, 19, 0]]",6.837445737561211,0.21749836971451128,2.3738771047792397,0.31889181832472485,0.23520663054490942,0.36043304289357503,0.8662755515344114,0.8806770244007984,0.8560811877250671
0.0,0.0,6,True,147330,5,"[[0, 50, 38, 37, 1, 41, 11, 15, 3, 14, 45, 0], [0, 36, 31, 9, 47, 43, 2, 48, 39, 49, 27, 0], [0, 40, 25, 20, 5, 22, 6, 4, 35, 16, 12, 0], [0, 13, 24, 32, 46, 23, 10, 29, 21, 18, 19, 0], [0, 42, 7, 34, 17, 8, 30, 28, 26, 33, 44, 0]]",7.277514252637047,0.2244276828935434,2.1900552114238963,0.3350650444626808,0.20088587440798422,0.2865424673382547,0.8715567211899002,0.8919611473062099,0.8560811877250671
0.0,0.0,7,True,146664,5,"[[0, 19, 18, 10, 23, 46, 32, 24, 13, 21, 29, 0], [0, 33, 26, 28, 30, 5, 22, 6, 4, 35, 44, 0], [0, 12, 45, 16, 7, 8, 34, 17, 39, 49, 27, 0], [0, 40, 25, 20, 2, 48, 43, 47, 9, 31, 36, 0], [0, 14, 3, 15, 42, 11, 41, 1, 37, 38, 50, 0]]",6.44895300938515,0.20395261641325696,1.673638095613569,0.25458269845694304,0.12395216823585775,0.08160290623985725,0.8652341130029051,0.8828612039337387,0.8560811877250671
0.0,0.0,8,True,147330,5,"[[0, 14, 3, 15, 42, 11, 41, 1, 37, 38, 50, 0], [0, 12, 45, 13, 46, 23, 10, 29, 21, 18, 19, 0], [0, 32, 24, 6, 22, 5, 48, 2, 20, 25, 40, 0], [0, 36, 31, 47, 9, 43, 30, 28, 26, 33, 44, 0], [0, 27, 49, 39, 17, 34, 8, 7, 16, 4, 35, 0]]",7.26313517591916,0.2326577566564083,2.1987255471758544,0.2955538739583322,0.1781725538243233,0.2201009942863418,0.8740888074060882,0.8899026997648705,0.8560811877250671
0.0,0.0,9,True,145999,5,"[[0, 14, 3, 15, 42, 41, 11, 1, 37, 38, 50, 0], [0, 27, 49, 39, 17, 34, 8, 7, 30, 21, 29, 0], [0, 12, 45, 13, 24, 32, 46, 23, 10, 18, 19, 0], [0, 44, 40, 25, 20, 35, 4, 16, 28, 26, 33, 0], [0, 6, 22, 5, 48, 2, 43, 47, 9, 31, 36, 0]]",7.612920051382389,0.24519957768331682,3.017737885005772,0.5584116518497467,0.2794673422876166,0.7043075975578479,0.8854473818521402,0.9029596094711607,1.7121623754501343
0.5,0.0,0,True,163244,5,"[[0, 2, 48, 47, 9, 43, 5, 20, 25, 40, 19, 0], [0, 45, 13, 23, 8, 7, 16, 28, 30, 26, 33, 0], [0, 44, 29, 10, 18, 21, 24, 32, 46, 31, 36, 0], [0, 12, 35, 4, 6, 22, 34, 17, 39, 49, 27, 0], [0, 14, 3, 15, 41, 42, 11, 1, 37, 38, 50, 0]]",4.177992501005065,0.11312883882032286,1.4111875628004782,0.20659259830911955,0.30408587135591736,0.20518055698795842,0.8490206402983291,0.8408877429307106,0.7375841736793518
0.5,0.0,1,True,163560,5,"[[0, 50, 38, 37, 1, 11, 42, 41, 15, 3, 14, 0], [0, 45, 12, 21, 18, 4, 35, 20, 25, 40, 19, 0], [0, 36, 31, 47, 9, 43, 5, 46, 32, 24, 13, 0], [0, 48, 2, 22, 6, 34, 17, 39, 49, 27, 44, 0], [0, 33, 26, 30, 28, 16, 7, 8, 23, 10, 29, 0]]",4.282462443050463,0.11654672519333902,1.4466734291345347,0.1469536345038149,0.19535195957302753,0.10323242511451344,0.8490482615631412,0.8453529410958024,0.7375841736793518
0.5,0.0,2,True,163697,5,"[[0, 45, 12, 16, 7, 8, 34, 17, 39, 49, 27, 0], [0, 2, 48, 5, 22, 6, 4, 35, 20, 25, 40, 0], [0, 14, 3, 15, 41, 42, 11, 1, 37, 38, 50, 0], [0, 33, 26, 30, 28, 43, 9, 47, 31, 36, 44, 0], [0, 13, 24, 32, 46, 23, 10, 18, 21, 29, 19, 0]]",4.755088645673823,0.12014392363455366,1.673638095613569,0.25458269845694304,0.22965170339471452,0.16602083898304268,0.8520956368783177,0.851807096342904,0.7375841736793518
0.5,0.0,3,True,163697,5,"[[0, 12, 45, 16, 7, 8, 34, 17, 39, 49, 27, 0], [0, 33, 26, 30, 28, 43, 47, 9, 31, 36, 44, 0], [0, 19, 29, 21, 18, 10, 23, 46, 32, 24, 13, 0], [0, 2, 48, 5, 22, 6, 4, 35, 20, 25, 40, 0], [0, 14, 3, 15, 41, 42, 11, 1, 37, 38, 50, 0]]",4.753278355055954,0.12014392363455366,1.673638095613569,0.25458269845694304,0.23004384723294447,0.16632042104762784,0.8529112488511394,0.8521315078920619,0.7375841736793518
0.5,0.0,4,True,163348,5,"[[0, 40, 25, 20, 5, 48, 2, 46, 32, 24, 13, 0], [0, 29, 21, 18, 4, 35, 43, 47, 9, 31, 36, 0], [0, 44, 12, 45, 6, 22, 34, 17, 39, 49, 27, 0], [0, 33, 26, 30, 28, 16, 7, 8, 23, 10, 19, 0], [0, 14, 3, 15, 41, 42, 11, 1, 37, 38, 50, 0]]",3.9962575163226575,0.10368522995850071,1.224317831947701,0.1763961867739757,0.1861016374648814,0.07266839622142053,0.8431831788354702,0.8320712314452764,0.7375841736793518
0.5,0.0,5,True,163697,5,"[[0, 27, 49, 39, 17, 34, 8, 7, 16, 12, 45, 0], [0, 14, 3, 15, 41, 42, 11, 1, 37, 38, 50, 0], [0, 40, 25, 20, 35, 4, 6, 22, 5, 48, 2, 0], [0, 19, 29, 21, 18, 10, 23, 46, 32, 24, 13, 0], [0, 36, 31, 47, 9, 43, 28, 30, 26, 33, 44, 0]]",4.755990818608552,0.12014392363455366,1.673638095613569,0.25458269845694304,0.22968451706656334,0.16595564035124225,0.8521161100639525,0.8516455154363715,0.7375841736793518
0.5,0.0,6,True,163348,5,"[[0, 19, 10, 23, 8, 7, 16, 28, 30, 26, 33, 0], [0, 50, 38, 37, 1, 11, 42, 41, 15, 3, 14, 0], [0, 12, 45, 6, 22, 34, 17, 39, 49, 27, 44, 0], [0, 40, 25, 20, 5, 2, 48, 46, 32, 24, 13, 0], [0, 36, 31, 47, 9, 43, 35, 4, 18, 21, 29, 0]]",4.000296986836474,0.10368522995850071,1.224317831947701,0.1763961867739757,0.1855097963364778,0.07234903772558111,0.8421005306157838,0.8312310120275987,0.7375841736793518
0.5,0.0,7,True,163697,5,"[[0, 12, 45, 16, 7, 8, 34, 17, 39, 49, 27, 0], [0, 19, 29, 21, 18, 10, 23, 46, 32, 24, 13, 0], [0, 2, 48, 5, 22, 6, 4, 35, 20, 25, 40, 0], [0, 33, 26, 30, 28, 43, 9, 47, 31, 36, 44, 0], [0, 14, 3, 15, 41, 42, 11, 1, 37, 38, 50, 0]]",4.753278355055954,0.12014392363455366,1.673638095613569,0.25458269845694304,0.23004384723294447,0.16632042104762784,0.8529112488511394,0.8521315078920619,0.7375841736793518
0.5,0.0,8,True,163348,5,"[[0, 19, 10, 23, 8, 7, 16, 28, 30, 26, 33, 0], [0, 50, 38, 37, 1, 11, 42, 41, 15, 3, 14, 0], [0, 13, 24, 32, 46, 5, 2, 48, 20, 25, 40, 0], [0, 36, 31, 47, 9, 43, 35, 4, 18, 21, 29, 0], [0, 12, 45, 6, 22, 34, 17, 39, 49, 27, 44, 0]]",4.000296986836474,0.10368522995850071,1.224317831947701,0.1763961867739757,0.1855097963364778,0.07234903772558111,0.8421005306157838,0.8312310120275987,0.7375841736793518
0.5,0.0,9,True,163690,5,"[[0, 19, 40, 25, 20, 5, 43, 9, 47, 31, 36, 0], [0, 45, 13, 24, 32, 46, 23, 10, 18, 21, 29, 0], [0, 27, 49, 39, 17, 34, 22, 6, 4, 35, 12, 0], [0, 50, 38, 37, 1, 11, 42, 41, 15, 3, 14, 0], [0, 44, 33, 26, 30, 28, 16, 7, 8, 2, 48, 0]]",4.537698520114645,0.11735912643824563,1.4111875628004782,0.20659259830911955,0.18469038632727597,0.09139164109380418,0.8505134019738321,0.8477750379157176,0.7375841736793518
1.0,0.0,0,True,173901,5,"[[0, 19, 10, 18, 21, 20, 25, 40, 31, 36, 44, 0], [0, 33, 26, 30, 28, 16, 7, 8, 23, 13, 45, 0], [0, 24, 32, 46, 5, 2, 48, 9, 47, 43, 29, 0], [0, 50, 38, 14, 3, 15, 41, 1, 37, 49, 27, 0], [0, 11, 42, 39, 17, 34, 22, 6, 4, 35, 12, 0]]",3.224200659955386,0.07803447736483632,1.2275668666989077,0.13506019324995577,0.28316662334419807,0.1124884667405263,0.8145146208377878,0.8006220827249683,0.5730152726173401
1.0,0.0,1,True,174141,5,"[[0, 50, 38, 14, 3, 15, 11, 1, 37, 49, 27, 0], [0, 33, 26, 30, 28, 16, 7, 8, 23, 10, 19, 0], [0, 13, 24, 32, 46, 5, 20, 25, 40, 31, 36, 0], [0, 48, 2, 47, 9, 43, 35, 4, 18, 21, 29, 0], [0, 45, 12, 6, 22, 34, 17, 39, 42, 41, 44, 0]]",3.1557901315391064,0.08003602411237455,1.2165148147032596,0.13506019324995577,0.2849885744020988,0.11540675712021457,0.8119431757605604,0.7935866979793972,0.5730152726173401
1.0,0.0,2,True,173367,5,"[[0, 44, 50, 38, 14, 45, 12, 21, 18, 10, 19, 0], [0, 15, 3, 48, 2, 46, 32, 24, 37, 49, 27, 0], [0, 1, 11, 41, 42, 7, 16, 28, 30, 26, 33, 0], [0, 35, 4, 6, 22, 5, 20, 25, 40, 31, 36, 0], [0, 13, 23, 8, 39, 17, 34, 9, 47, 43, 29, 0]]",2.7078524674871005,0.06754998931040367,1.0846485544752795,0.1218399538192898,0.2589126265833581,0.08195315395992894,0.789315963246815,0.7587077920430265,0.5730152726173401
1.0,0.0,3,True,174185,5,"[[0, 35, 4, 6, 22, 34, 17, 39, 8, 23, 13, 0], [0, 1, 11, 41, 42, 7, 16, 28, 30, 26, 33, 0], [0, 19, 40, 25, 20, 46, 32, 24, 37, 49, 27, 0], [0, 44, 50, 38, 14, 45, 12, 21, 18, 10, 29, 0], [0, 36, 31, 9, 47, 43, 5, 2, 48, 3, 15, 0]]",3.272531114052981,0.08628531110783418,1.2528154645406175,0.16253233621163027,0.2906674958508213,0.12760896032371422,0.8151068905768839,0.7982270544426223,0.5730152726173401
1.0,0.0,4,True,174458,5,"[[0, 50, 38, 14, 3, 15, 41, 1, 37, 49, 27, 0], [0, 13, 24, 32, 46, 20, 25, 40, 31, 36, 44, 0], [0, 11, 2, 48, 5, 22, 6, 4, 35, 43, 29, 0], [0, 45, 12, 21, 18, 10, 23, 8, 7, 16, 19, 0], [0, 33, 26, 30, 28, 47, 9, 34, 17, 39, 42, 0]]",2.8837065757033997,0.07397953091810147,1.2275668666989077,0.13506019324995577,0.3560843861367502,0.1414841544336229,0.8092535738021209,0.7829130743826522,0.5730152726173401
1.0,0.0,5,True,174394,5,"[[0, 36, 31, 40, 25, 20, 48, 2, 41, 42, 11, 0], [0, 19, 16, 7, 8, 39, 17, 34, 3, 15, 44, 0], [0, 12, 6, 22, 5, 46, 32, 24, 37, 49, 27, 0], [0, 33, 26, 30, 28, 9, 47, 43, 4, 35, 1, 0], [0, 50, 38, 14, 45, 13, 23, 10, 18, 21, 29, 0]]",2.5548797967858263,0.06052530791249967,0.8687296920979861,0.08273441075450844,0.28890143499837895,0.06848861200599018,0.7795446504709942,0.743255128493932,0.5730152726173401
1.0,0.0,6,True,174384,5,"[[0, 44, 50, 38, 14, 45, 12, 21, 18, 10, 19, 0], [0, 1, 11, 41, 42, 7, 16, 28, 30, 26, 33, 0], [0, 27, 49, 37, 4, 35, 20, 25, 40, 3, 15, 0], [0, 2, 48, 5, 22, 6, 24, 32, 46, 31, 36, 0], [0, 29, 43, 47, 9, 34, 17, 39, 8, 23, 13, 0]]",2.764280764182331,0.0694033520296216,1.2382129726465791,0.13992031780071557,0.2999974283134028,0.12373994020073187,0.7903844381633334,0.7633340562589659,0.5730152726173401
1.0,0.0,7,True,173901,5,"[[0, 27, 49, 37, 1, 41, 15, 3, 14, 38, 50, 0], [0, 33, 26, 30, 28, 16, 7, 8, 23, 13, 45, 0], [0, 24, 32, 46, 5, 2, 48, 9, 47, 43, 29, 0], [0, 36, 31, 40, 25, 20, 21, 18, 10, 19, 44, 0], [0, 11, 42, 39, 17, 34, 22, 6, 4, 35, 12, 0]]",3.2266203835606575,0.07803447736483632,1.2275668666989077,0.13506019324995577,0.2823543295087343,0.11208732986194644,0.812964072398501,0.7950527716720022,0.5730152726173401
1.0,0.0,8,True,173367,5,"[[0, 27, 49, 37, 24, 32, 46, 2, 48, 3, 15, 0], [0, 1, 11, 41, 42, 7, 16, 28, 30, 26, 33, 0], [0, 36, 31, 40, 25, 20, 5, 22, 6, 4, 35, 0], [0, 29, 43, 9, 47, 34, 17, 39, 8, 23, 13, 0], [0, 44, 50, 38, 14, 45, 12, 21, 18, 10, 19, 0]]",2.7107554747490212,0.06754998931040367,1.0846485544752795,0.1218399538192898,0.25906372013399714,0.08189617466734003,0.7879747136764954,0.7578952752924406,0.5730152726173401
1.0,0.0,9,True,173856,5,"[[0, 50, 38, 14, 45, 13, 23, 10, 18, 21, 29, 0], [0, 1, 11, 2, 48, 46, 32, 24, 37, 49, 27, 0], [0, 44, 36, 31, 47, 9, 43, 28, 30, 26, 33, 0], [0, 19, 40, 25, 20, 5, 22, 6, 4, 35, 12, 0], [0, 15, 3, 34, 17, 39, 8, 16, 7, 42, 41, 0]]",2.9519565190421417,0.07849913507956884,1.1216365377185866,0.1218399538192898,0.3334775941701189,0.12281236345401525,0.8044067972631668,0.7810478678032602,0.5730152726173401
1.5,0.0,0,True,182255,5,"[[0, 44, 29, 21, 20, 25, 40, 3, 14, 38, 50, 0], [0, 6, 22, 34, 17, 39, 8, 23, 13, 12, 45, 0], [0, 27, 49, 37, 24, 32, 46, 5, 2, 48, 1, 0], [0, 19, 10, 18, 4, 35, 43, 9, 47, 31, 36, 0], [0, 15, 41, 11, 42, 7, 16, 28, 30, 26, 33, 0]]",2.657492796104634,0.06373668792507341,1.1229978220944759,0.1218399538192898,0.29529888234951907,0.09740222369227118,0.7889620819040146,0.7572155712700995,0.5730152726173401
1.5,0.0,1,True,181391,5,"[[0, 50, 38, 14, 12, 45, 21, 18, 10, 19, 44, 0], [0, 29, 43, 9, 47, 34, 17, 39, 8, 23, 13, 0], [0, 35, 4, 6, 22, 46, 32, 24, 37, 49, 27, 0], [0, 1, 41, 11, 42, 7, 16, 28, 30, 26, 33, 0], [0, 15, 3, 48, 2, 5, 20, 25, 40, 31, 36, 0]]",2.7078524674871005,0.06754998931040367,1.0533371289784554,0.11330313689541072,0.2542873486743469,0.07491438265496332,0.789315963246815,0.7587077920430265,0.5730152726173401
1.5,0.0,2,True,182252,5,"[[0, 48, 2, 34, 17, 39, 8, 7, 16, 19, 29, 0], [0, 36, 31, 40, 25, 20, 21, 18, 10, 23, 13, 0], [0, 44, 1, 42, 11, 41, 15, 3, 14, 38, 50, 0], [0, 27, 49, 37, 24, 32, 46, 5, 22, 6, 45, 0], [0, 33, 26, 30, 28, 47, 9, 43, 4, 35, 12, 0]]",2.444869619102974,0.05860500503331423,0.8627676766191144,0.08273441075450844,0.28438091028127355,0.0638174282742153,0.7848907286107323,0.745884490362542,0.5730152726173401
1.5,0.0,3,True,181713,5,"[[0, 50, 38, 14, 12, 21, 18, 10, 23, 13, 45, 0], [0, 19, 29, 43, 47, 9, 28, 30, 26, 33, 44, 0], [0, 27, 49, 37, 24, 32, 46, 5, 2, 48, 1, 0], [0, 15, 3, 34, 17, 39, 8, 16, 7, 42, 11, 0], [0, 41, 35, 4, 6, 22, 20, 25, 40, 31, 36, 0]]",2.545656126108952,0.052090411200313956,1.1229978220944759,0.1218399538192898,0.36594475918332003,0.12082231966852557,0.7776623845666144,0.7417354201934372,0.5730152726173401
1.5,0.0,4,True,181713,5,"[[0, 50, 38, 14, 21, 18, 10, 23, 13, 12, 45, 0], [0, 27, 49, 37, 24, 32, 46, 5, 2, 48, 1, 0], [0, 19, 29, 43, 9, 47, 28, 30, 26, 33, 44, 0], [0, 11, 42, 7, 16, 8, 39, 17, 34, 3, 15, 0], [0, 36, 31, 40, 25, 20, 22, 6, 4, 35, 41, 0]]",2.6558438432984985,0.0656552334005634,1.1229978220944759,0.1218399538192898,0.3184455864091733,0.10601832268266224,0.7809101770966727,0.7485312910859866,0.5730152726173401
1.5,0.0,5,True,181713,5,"[[0, 44, 33, 26, 30, 28, 47, 9, 43, 29, 19, 0], [0, 36, 31, 40, 25, 20, 22, 6, 4, 35, 41, 0], [0, 21, 18, 10, 23, 13, 12, 45, 14, 38, 50, 0], [0, 11, 42, 7, 16, 8, 39, 17, 34, 3, 15, 0], [0, 1, 48, 2, 5, 46, 32, 24, 37, 49, 27, 0]]",2.6558438432984985,0.0656552334005634,1.1229978220944759,0.1218399538192898,0.3184455864091733,0.10601832268266227,0.7809101770966727,0.7485312910859866,0.5730152726173401
1.5,0.0,6,True,181714,5,"[[0, 35, 4, 6, 22, 46, 32, 24, 37, 49, 27, 0], [0, 36, 31, 40, 25, 20, 5, 48, 2, 41, 1, 0], [0, 15, 3, 34, 17, 39, 8, 16, 7, 42, 11, 0], [0, 44, 19, 29, 43, 9, 47, 28, 30, 26, 33, 0], [0, 50, 38, 14, 45, 12, 21, 18, 10, 23, 13, 0]]",2.5485591333708726,0.052090411200313956,1.0533371289784554,0.11330313689541072,0.3452792171791339,0.10550553716127413,0.7762059555132346,0.7408905258046629,0.5730152726173401
1.5,0.0,7,True,182154,5,"[[0, 44, 50, 38, 14, 3, 15, 41, 11, 42, 1, 0], [0, 12, 6, 22, 34, 17, 39, 8, 7, 16, 19, 0], [0, 40, 25, 20, 5, 46, 32, 24, 37, 49, 27, 0], [0, 29, 43, 35, 4, 21, 18, 10, 23, 13, 45, 0], [0, 36, 31, 48, 2, 47, 9, 28, 30, 26, 33, 0]]",2.577851786867541,0.05322570912539959,1.2486351710103918,0.16253233621163027,0.3694577218760866,0.14790174893644503,0.7949251039466818,0.7587094484970732,0.5730152726173401
1.5,0.0,8,True,182068,5,"[[0, 33, 26, 30, 28, 16, 7, 42, 11, 41, 15, 0], [0, 36, 31, 9, 47, 34, 17, 39, 8, 23, 13, 0], [0, 44, 50, 38, 14, 12, 45, 21, 18, 10, 19, 0], [0, 27, 49, 37, 24, 32, 46, 5, 2, 48, 1, 0], [0, 3, 40, 25, 20, 22, 6, 4, 35, 43, 29, 0]]",2.5685376824403647,0.06069200912550572,1.1229978220944759,0.1218399538192898,0.3623864345038066,0.11970830765786915,0.7795585706669415,0.7433931748855633,0.5730152726173401
1.5,0.0,9,True,182184,5,"[[0, 1, 48, 2, 5, 20, 25, 40, 45, 12, 44, 0], [0, 50, 38, 14, 3, 34, 17, 39, 8, 23, 13, 0], [0, 35, 4, 6, 22, 46, 32, 24, 37, 49, 27, 0], [0, 33, 26, 30, 28, 16, 7, 42, 11, 41, 15, 0], [0, 19, 10, 18, 21, 29, 43, 9, 47, 31, 36, 0]]",2.722704625019105,0.06754998931040367,1.0533371289784554,0.11330313689541072,0.2794328937590522,0.0819558373583064,0.7874227473962716,0.7568916512767625,0.5730152726173401
2.0,0.0,0,True,189397,5,"[[0, 44, 19, 29, 43, 9, 47, 28, 30, 26, 33, 0], [0, 36, 31, 40, 25, 20, 5, 2, 48, 41, 1, 0], [0, 35, 4, 6, 22, 46, 32, 24, 37, 49, 27, 0], [0, 45, 21, 18, 10, 23, 13, 12, 14, 38, 50, 0], [0, 11, 42, 7, 16, 8, 39, 17, 34, 3, 15, 0]]",2.6558438432984985,0.0656552334005634,1.0533371289784554,0.11330313689541072,0.29901484477966367,0.09070959794794005,0.7809101770966727,0.7485312910859866,0.5730152726173401
2.0,0.0,1,True,190847,5,"[[0, 19, 16, 7, 34, 17, 39, 8, 23, 45, 12, 0], [0, 6, 22, 5, 20, 40, 25, 21, 18, 10, 29, 0], [0, 27, 49, 37, 4, 35, 43, 28, 30, 26, 33, 0], [0, 1, 41, 42, 11, 15, 3, 14, 38, 50, 44, 0], [0, 36, 31, 9, 47, 2, 48, 46, 32, 24, 13, 0]]",2.5053504018942476,0.05895211998253099,1.3561856060114224,0.1467259565833956,0.3885474982195214,0.1866918481957437,0.7841987606792677,0.7465400307007236,0.5730152726173401
2.0,0.0,2,True,189650,5,"[[0, 13, 23, 8, 39, 17, 34, 9, 47, 31, 36, 0], [0, 1, 41, 11, 42, 7, 16, 28, 30, 26, 33, 0], [0, 29, 43, 35, 4, 6, 22, 5, 2, 48, 15, 0], [0, 19, 10, 18, 21, 12, 45, 14, 38, 50, 44, 0], [0, 3, 40, 25, 20, 46, 32, 24, 37, 49, 27, 0]]",2.566308502544416,0.06069200912550572,0.9977469946315978,0.12612570529537542,0.3381387182943407,0.09728146253527065,0.7813046922345164,0.7440389106256727,0.5730152726173401
2.0,0.0,3,True,188753,5,"[[0, 44, 50, 38, 14, 3, 15, 11, 42, 41, 1, 0], [0, 13, 23, 10, 18, 21, 20, 25, 40, 31, 36, 0], [0, 19, 16, 7, 8, 39, 17, 34, 48, 2, 45, 0], [0, 27, 49, 37, 24, 32, 46, 5, 22, 6, 12, 0], [0, 29, 43, 35, 4, 47, 9, 28, 30, 26, 33, 0]]",2.278886062274978,0.043783148750662804,0.8687296920979861,0.08273441075450844,0.29136967760532717,0.06095304645130042,0.7738388953731405,0.7251127312337153,0.5730152726173401
2.0,0.0,4,True,189413,5,"[[0, 13, 23, 8, 39, 17, 34, 47, 9, 43, 29, 0], [0, 33, 26, 30, 28, 16, 7, 42, 11, 41, 1, 0], [0, 35, 4, 6, 22, 5, 20, 25, 40, 31, 36, 0], [0, 50, 38, 14, 45, 12, 21, 18, 10, 19, 44, 0], [0, 27, 49, 37, 24, 32, 46, 48, 2, 3, 15, 0]]",2.7078524674871005,0.06754998931040367,1.0846485544752795,0.1218399538192898,0.2589126265833581,0.08195315395992894,0.789315963246815,0.7587077920430265,0.5730152726173401
2.0,0.0,5,True,189415,5,"[[0, 29, 21, 18, 10, 23, 13, 12, 14, 38, 50, 0], [0, 27, 49, 37, 24, 32, 46, 5, 42, 11, 1, 0], [0, 45, 41, 48, 2, 9, 47, 28, 30, 26, 33, 0], [0, 36, 31, 40, 25, 20, 22, 6, 4, 43, 35, 0], [0, 15, 3, 34, 17, 39, 8, 7, 16, 19, 44, 0]]",2.1726956825950765,0.0408093089629945,0.8586420289939269,0.08252368225819534,0.29603329939795797,0.05721319263729273,0.7559245819124949,0.7006725555203391,0.5730152726173401
2.0,0.0,6,True,189243,5,"[[0, 45, 6, 22, 5, 46, 32, 24, 37, 49, 27, 0], [0, 36, 31, 40, 25, 20, 35, 4, 43, 29, 44, 0], [0, 19, 21, 18, 10, 23, 13, 12, 14, 38, 50, 0], [0, 11, 42, 7, 16, 8, 39, 17, 34, 3, 15, 0], [0, 33, 26, 30, 28, 47, 9, 2, 48, 41, 1, 0]]",2.4894310202798806,0.060413916346927485,0.8627676766191144,0.08273441075450844,0.27573196535288225,0.06190300233746547,0.7778685687951896,0.7405836363989222,0.5730152726173401
2.0,0.0,7,True,189243,5,"[[0, 12, 6, 22, 5, 46, 32, 24, 37, 49, 27, 0], [0, 15, 3, 34, 17, 39, 8, 16, 7, 42, 11, 0], [0, 19, 21, 18, 10, 23, 13, 45, 14, 38, 50, 0], [0, 44, 29, 43, 4, 35, 20, 25, 40, 31, 36, 0], [0, 1, 41, 48, 2, 47, 9, 28, 30, 26, 33, 0]]",2.379243303090334,0.04784069467033889,0.8687296920979861,0.08273441075450844,0.3266140163677136,0.07657582968474677,0.7736752972992857,0.7320395506581314,0.5730152726173401
2.0,0.0,8,True,189243,5,"[[0, 12, 6, 22, 5, 46, 32, 24, 37, 49, 27, 0], [0, 15, 3, 34, 17, 39, 8, 16, 7, 42, 11, 0], [0, 36, 31, 40, 25, 20, 35, 4, 43, 29, 44, 0], [0, 50, 38, 14, 45, 13, 23, 10, 18, 21, 19, 0], [0, 1, 41, 48, 2, 9, 47, 28, 30, 26, 33, 0]]",2.3676928388886154,0.05008465317743165,0.8687296920979861,0.08273441075450844,0.3311395759411795,0.07831553661385957,0.7737766454891488,0.7356106263571098,0.5730152726173401
2.0,0.0,9,True,188907,5,"[[0, 50, 36, 31, 46, 32, 24, 37, 49, 27, 44, 0], [0, 45, 13, 23, 10, 18, 21, 20, 25, 40, 12, 0], [0, 29, 43, 35, 4, 6, 22, 5, 42, 11, 15, 0], [0, 33, 26, 30, 28, 9, 47, 2, 48, 41, 1, 0], [0, 19, 16, 7, 8, 39, 17, 34, 3, 14, 38, 0]]",2.294349927462463,0.053188772251208626,0.8473737632739358,0.08275548347996341,0.2605918798981788,0.049258973094440675,0.7664318710200853,0.7205858949238111,0.5730152726173401
3.0,0.0,0,True,202520,5,"[[0, 44, 1, 48, 2, 47, 9, 28, 30, 26, 33, 0], [0, 15, 41, 11, 12, 45, 21, 18, 10, 29, 19, 0], [0, 27, 49, 37, 24, 32, 46, 5, 16, 7, 42, 0], [0, 35, 43, 4, 6, 22, 20, 25, 40, 31, 36, 0], [0, 13, 23, 8, 39, 17, 34, 3, 14, 38, 50, 0]]",2.156292674866563,0.0408093089629945,0.8140799059547135,0.10352299029805831,0.27029516761635297,0.04725891636120354,0.7611951125024021,0.7048162934813446,0.5730152726173401
3.0,0.0,1,True,201897,5,"[[0, 27, 49, 37, 4, 6, 22, 5, 16, 7, 42, 0], [0, 50, 38, 14, 3, 34, 17, 39, 8, 23, 13, 0], [0, 19, 10, 18, 21, 29, 43, 35, 41, 1, 44, 0], [0, 15, 11, 2, 48, 47, 9, 28, 30, 26, 33, 0], [0, 12, 45, 40, 25, 20, 24, 32, 46, 31, 36, 0]]",2.088248861087777,0.041880860020007404,0.8283130443378468,0.1036490530573896,0.27020589762947744,0.04832938749654698,0.7589698665043259,0.6997563040907343,0.5730152726173401
3.0,0.0,2,True,202127,5,"[[0, 50, 38, 14, 3, 15, 41, 42, 11, 12, 45, 0], [0, 33, 26, 30, 28, 47, 9, 4, 35, 43, 29, 0], [0, 19, 16, 7, 8, 39, 17, 34, 2, 48, 1, 0], [0, 44, 27, 49, 37, 24, 32, 46, 5, 22, 6, 0], [0, 36, 31, 40, 25, 20, 21, 18, 10, 23, 13, 0]]",2.2813057858802495,0.043783148750662804,0.864738886419218,0.10395095657025065,0.2922448597553289,0.06044781617864908,0.7730801845543243,0.7281008656811687,0.5730152726173401
3.0,0.0,3,True,202304,5,"[[0, 12, 45, 13, 23, 8, 39, 17, 34, 22, 6, 0], [0, 29, 43, 4, 35, 41, 15, 3, 14, 38, 50, 0], [0, 1, 11, 2, 48, 9, 47, 28, 30, 26, 33, 0], [0, 27, 49, 37, 24, 32, 46, 5, 16, 7, 42, 0], [0, 36, 31, 40, 25, 20, 21, 18, 10, 19, 44, 0]]",2.255010536617192,0.04574199512393938,0.8140799059547135,0.10352299029805831,0.2627697186020177,0.048317187452852316,0.7744926388253337,0.7278757343715206,0.5730152726173401
3.0,0.0,4,True,202140,5,"[[0, 50, 38, 14, 45, 13, 23, 10, 18, 21, 29, 0], [0, 44, 15, 3, 34, 17, 39, 8, 7, 16, 19, 0], [0, 11, 42, 5, 22, 6, 4, 43, 35, 41, 1, 0], [0, 36, 31, 2, 48, 9, 47, 28, 30, 26, 33, 0], [0, 12, 40, 25, 20, 46, 32, 24, 37, 49, 27, 0]]",2.17550852077693,0.0408093089629945,1.0334082353219856,0.12612570529537542,0.3627465802026002,0.09894180453440737,0.7534896413964103,0.6997666162889729,0.5730152726173401
3.0,0.0,5,True,202324,5,"[[0, 27, 49, 37, 24, 32, 46, 5, 16, 7, 42, 0], [0, 13, 23, 8, 39, 17, 34, 22, 6, 4, 1, 0], [0, 12, 45, 41, 11, 15, 3, 14, 38, 50, 44, 0], [0, 33, 26, 30, 28, 9, 47, 48, 2, 31, 36, 0], [0, 29, 43, 35, 25, 40, 20, 21, 18, 10, 19, 0]]",2.0905904923347407,0.041880860020007404,0.8140799059547135,0.10352299029805831,0.27145221283882104,0.04745571712112094,0.7612643632712444,0.702699576815524,0.5730152726173401
3.0,0.0,6,True,202538,5,"[[0, 44, 50, 38, 14, 45, 13, 23, 10, 29, 19, 0], [0, 1, 41, 2, 48, 9, 47, 28, 30, 26, 33, 0], [0, 12, 6, 22, 5, 46, 32, 24, 37, 49, 27, 0], [0, 36, 31, 40, 25, 20, 21, 18, 4, 43, 35, 0], [0, 15, 3, 34, 17, 39, 8, 16, 7, 42, 11, 0]]",2.1066931327804923,0.040080020103502915,0.8687296920979861,0.08273441075450844,0.32215302734511564,0.06427067076592273,0.7459168949760184,0.6945133794880662,0.5730152726173401
3.0,0.0,7,True,202537,5,"[[0, 11, 41, 2, 48, 47, 9, 28, 30, 26, 33, 0], [0, 6, 22, 5, 46, 32, 24, 37, 49, 27, 44, 0], [0, 50, 38, 14, 12, 45, 13, 23, 10, 29, 19, 0], [0, 1, 42, 7, 16, 8, 39, 17, 34, 3, 15, 0], [0, 35, 43, 4, 18, 21, 20, 25, 40, 31, 36, 0]]",2.2110748354461975,0.04193325904443076,0.864738886419218,0.10395095657025065,0.24337793276105035,0.04862288659532621,0.7560938600845599,0.7078269420359261,0.5730152726173401
3.0,0.0,8,True,203161,5,"[[0, 50, 38, 14, 12, 35, 43, 4, 37, 49, 27, 0], [0, 1, 41, 48, 2, 47, 9, 28, 30, 26, 33, 0], [0, 13, 23, 24, 32, 46, 5, 22, 6, 45, 44, 0], [0, 19, 29, 10, 18, 21, 20, 25, 40, 31, 36, 0], [0, 11, 42, 7, 16, 8, 39, 17, 34, 3, 15, 0]]",2.208961806347361,0.04976490103910046,0.9895287600811571,0.06776235935588677,0.3403940686654894,0.0865422805002301,0.7594363057344344,0.7110549460996616,0.5730152726173401
3.0,0.0,9,True,202006,5,"[[0, 13, 23, 8, 39, 17, 34, 3, 14, 38, 50, 0], [0, 33, 26, 30, 28, 47, 9, 2, 48, 41, 15, 0], [0, 35, 43, 4, 6, 22, 5, 16, 7, 42, 11, 0], [0, 45, 12, 20, 40, 25, 21, 18, 10, 29, 19, 0], [0, 36, 31, 46, 32, 24, 37, 27, 49, 1, 44, 0]]",2.007356861118751,0.038288551227500044,0.8756812933133915,0.10395095657025065,0.3205013725368011,0.06513415869360085,0.7510291389791903,0.6924142084716435,0.5730152726173401
