beta,lambda_concentration,seed,is_feasible,pyvrp_cost,num_routes,routes,global_risk,global_cvar90,max_vehicle_risk,max_vehicle_cvar90,vehicle_risk_gini,risk_variance,edge_burden_gini_used,top10_burden_share,max_edge_burden
0.0,0.0,0,True,133997,5,"[[0, 14, 42, 41, 1, 45, 11, 15, 3, 16, 48, 0], [0, 18, 32, 4, 29, 19, 6, 24, 40, 20, 44, 0], [0, 27, 35, 5, 36, 28, 26, 23, 30, 12, 49, 0], [0, 46, 22, 7, 8, 43, 33, 34, 2, 25, 39, 0], [0, 17, 13, 10, 37, 50, 38, 31, 9, 47, 21, 0]]",6.889886966062477,0.184227777453249,1.8327734346385114,0.2817913629114628,0.07308190302454243,0.05233516125511537,0.8792948641353924,0.8991264675043239,0.9443029761314392
0.0,0.0,1,True,133997,5,"[[0, 17, 13, 10, 37, 50, 38, 31, 9, 47, 21, 0], [0, 18, 32, 4, 29, 6, 19, 24, 40, 20, 44, 0], [0, 14, 42, 41, 1, 11, 45, 15, 3, 16, 48, 0], [0, 46, 22, 7, 8, 43, 33, 34, 2, 25, 39, 0], [0, 27, 35, 5, 36, 28, 26, 23, 30, 12, 49, 0]]",6.889886966062477,0.184227777453249,1.8327734346385114,0.2817913629114628,0.07308190302454243,0.05233516125511538,0.8792948641353924,0.8991264675043239,0.9443029761314392
0.0,0.0,2,True,133998,5,"[[0, 16, 3, 15, 45, 11, 1, 41, 42, 14, 48, 0], [0, 25, 2, 34, 33, 43, 8, 7, 22, 46, 39, 0], [0, 38, 31, 9, 47, 21, 27, 23, 30, 49, 12, 0], [0, 26, 28, 36, 5, 35, 10, 37, 50, 13, 17, 0], [0, 44, 20, 40, 24, 6, 19, 29, 4, 32, 18, 0]]",8.59573752383585,0.29204243324972967,2.728436348203104,0.5050884038209915,0.2224142435325147,0.47609275069075396,0.8807551636207236,0.8979869237117378,0.9443029761314392
0.0,0.0,3,True,133998,5,"[[0, 12, 49, 30, 23, 26, 28, 36, 5, 20, 44, 0], [0, 14, 42, 41, 1, 45, 11, 15, 3, 16, 48, 0], [0, 27, 35, 10, 37, 50, 38, 31, 9, 47, 21, 0], [0, 25, 2, 34, 33, 43, 8, 7, 22, 46, 39, 0], [0, 18, 32, 4, 29, 19, 6, 24, 40, 13, 17, 0]]",6.414667066041147,0.18042852464714088,2.005856840580236,0.3053069741775592,0.2043631624103761,0.22115241580393277,0.8791615869399845,0.8947043274575808,0.9443029761314392
0.0,0.0,4,True,133997,5,"[[0, 48, 14, 42, 41, 1, 45, 11, 15, 3, 16, 0], [0, 44, 20, 40, 24, 19, 6, 4, 32, 29, 12, 0], [0, 25, 2, 34, 33, 43, 8, 7, 22, 46, 39, 0], [0, 27, 35, 5, 36, 28, 26, 23, 30, 18, 49, 0], [0, 17, 13, 10, 37, 50, 38, 31, 9, 47, 21, 0]]",7.518301786010852,0.1917298729272766,2.961343100236263,0.5556669652462005,0.2305278263237469,0.5545740856860826,0.893739182254947,0.9089034885492501,1.7147388458251953
0.0,0.0,5,True,133999,5,"[[0, 16, 3, 14, 42, 41, 1, 45, 39, 11, 15, 0], [0, 18, 32, 4, 29, 6, 19, 24, 40, 20, 44, 0], [0, 25, 2, 34, 33, 35, 10, 37, 50, 13, 17, 0], [0, 46, 22, 7, 8, 43, 5, 36, 28, 26, 12, 0], [0, 48, 38, 31, 9, 47, 21, 27, 23, 30, 49, 0]]",8.886938702111365,0.3029422800022143,2.154312261955056,0.43442438286729157,0.10658601604714324,0.14563217903718195,0.8805240303055037,0.9016778473419893,0.9443029761314392
0.0,0.0,6,True,133997,5,"[[0, 16, 3, 14, 42, 41, 1, 45, 11, 39, 48, 0], [0, 15, 46, 22, 7, 8, 43, 17, 13, 18, 49, 0], [0, 27, 35, 10, 37, 50, 38, 31, 9, 47, 21, 0], [0, 12, 29, 4, 32, 6, 19, 24, 40, 20, 44, 0], [0, 25, 2, 34, 33, 5, 36, 28, 26, 23, 30, 0]]",7.730726053036051,0.20905151779708617,2.0946838581294287,0.40147669054567814,0.18332606281129937,0.2670699876619934,0.8993356888613651,0.9171706074625553,1.7147388458251953
0.0,0.0,7,True,133998,5,"[[0, 13, 17, 43, 33, 34, 5, 2, 25, 45, 11, 0], [0, 16, 1, 41, 42, 12, 49, 14, 3, 15, 48, 0], [0, 44, 20, 40, 24, 19, 6, 29, 4, 32, 18, 0], [0, 30, 23, 26, 28, 36, 8, 7, 22, 46, 39, 0], [0, 21, 47, 9, 31, 38, 50, 37, 10, 35, 27, 0]]",7.88446619088063,0.206825400170471,2.541765023896005,0.33377314092857496,0.21905065426856196,0.37844565478879794,0.8783136216121925,0.9010909127737331,0.9443029761314392
0.0,0.0,8,True,133998,5,"[[0, 48, 14, 42, 41, 1, 45, 11, 15, 3, 16, 0], [0, 49, 18, 12, 29, 32, 4, 6, 19, 24, 40, 0], [0, 44, 20, 34, 33, 5, 36, 28, 26, 23, 30, 0], [0, 17, 13, 37, 10, 35, 22, 43, 8, 7, 46, 0], [0, 27, 21, 47, 9, 31, 38, 50, 2, 25, 39, 0]]",7.541943236166844,0.2625092090680622,2.3390910492744297,0.43007960021495817,0.1403625519048144,0.19090102235864045,0.8929473025189048,0.9057212899853601,1.7147388458251953
0.0,0.0,9,True,133997,5,"[[0, 48, 15, 45, 11, 1, 41, 42, 14, 3, 16, 0], [0, 27, 35, 5, 36, 28, 26, 23, 30, 12, 49, 0], [0, 21, 47, 9, 31, 38, 50, 37, 10, 13, 17, 0], [0, 25, 2, 34, 33, 43, 8, 7, 22, 46, 39, 0], [0, 44, 20, 40, 24, 6, 19, 29, 4, 32, 18, 0]]",6.465207831613952,0.1822603374312166,1.8970308292773552,0.2817913629114628,0.13822922901237744,0.11588488116654752,0.8806383054581945,0.8967768002640844,0.9443029761314392
1.0,0.0,0,True,158006,5,"[[0, 48, 49, 13, 17, 6, 19, 24, 41, 42, 14, 0], [0, 20, 44, 29, 4, 32, 18, 35, 10, 37, 12, 0], [0, 40, 33, 34, 5, 36, 31, 9, 47, 21, 27, 0], [0, 15, 39, 11, 45, 25, 2, 28, 26, 23, 30, 0], [0, 1, 16, 3, 38, 50, 43, 8, 7, 22, 46, 0]]",2.86080621308065,0.06018717057610813,0.8195443783552037,0.11775769883145888,0.21340892292387692,0.05335691939517336,0.8181479104164364,0.790835257199714,0.6722076535224915
1.0,0.0,1,True,158006,5,"[[0, 14, 42, 41, 24, 19, 6, 17, 13, 12, 48, 0], [0, 20, 44, 29, 4, 32, 18, 35, 10, 37, 49, 0], [0, 27, 21, 47, 9, 31, 36, 34, 33, 5, 40, 0], [0, 46, 22, 7, 8, 43, 50, 38, 3, 16, 1, 0], [0, 30, 23, 26, 28, 2, 25, 45, 11, 39, 15, 0]]",3.2830037640815135,0.09669223386380407,0.8195443783552037,0.11775769883145888,0.08728688136742369,0.010770843292498116,0.8346861080076087,0.8161567127654684,0.6722076535224915
1.0,0.0,2,True,157936,5,"[[0, 15, 45, 11, 25, 2, 28, 26, 23, 30, 12, 0], [0, 27, 21, 47, 9, 31, 38, 50, 5, 40, 49, 0], [0, 42, 16, 3, 14, 10, 37, 13, 17, 44, 20, 0], [0, 1, 41, 24, 6, 19, 29, 4, 32, 39, 48, 0], [0, 35, 18, 34, 33, 36, 43, 8, 7, 22, 46, 0]]",2.6948549830885895,0.05972629471548966,0.8325633224230842,0.09046169789507985,0.2758776748598115,0.07234638965059423,0.804796978942655,0.7719283977167711,0.6722076535224915
1.0,0.0,3,True,158041,5,"[[0, 48, 13, 17, 43, 8, 7, 22, 46, 11, 15, 0], [0, 1, 41, 24, 6, 19, 29, 4, 32, 39, 45, 0], [0, 42, 14, 3, 16, 25, 2, 28, 26, 23, 30, 0], [0, 40, 5, 33, 34, 18, 35, 10, 37, 49, 12, 0], [0, 27, 21, 47, 9, 31, 36, 50, 38, 44, 20, 0]]",3.046971986117569,0.0879273962367464,0.8734681871137582,0.1213306790838639,0.22605390886819032,0.06786598571203734,0.8283391752422105,0.804841864823117,0.6722076535224915
1.0,0.0,4,True,157835,5,"[[0, 12, 30, 23, 26, 28, 2, 25, 11, 45, 48, 0], [0, 49, 40, 5, 36, 50, 38, 31, 9, 47, 21, 0], [0, 42, 41, 24, 6, 19, 29, 4, 32, 39, 15, 0], [0, 1, 46, 22, 7, 8, 43, 33, 34, 18, 35, 0], [0, 27, 10, 37, 13, 17, 44, 20, 16, 3, 14, 0]]",3.0984402366048016,0.07352162053918138,0.8415042711494607,0.1177649920185407,0.15516398678292442,0.03005800132173809,0.8272575740112471,0.8060713424004015,0.6722076535224915
1.0,0.0,5,True,158359,5,"[[0, 10, 37, 34, 33, 36, 43, 8, 7, 22, 46, 0], [0, 12, 40, 5, 50, 38, 31, 9, 47, 21, 27, 0], [0, 1, 41, 24, 6, 19, 29, 4, 32, 18, 35, 0], [0, 11, 39, 45, 25, 2, 28, 26, 23, 30, 49, 0], [0, 20, 44, 17, 13, 14, 42, 16, 3, 15, 48, 0]]",2.925014404452668,0.06320044217077461,0.9669788631726988,0.09233396562437217,0.28386532281083965,0.08804773438066454,0.8161832204899451,0.7955006596809977,0.6722076535224915
1.0,0.0,6,True,157885,5,"[[0, 48, 42, 14, 3, 16, 20, 44, 17, 13, 12, 0], [0, 1, 41, 24, 6, 19, 29, 4, 32, 18, 35, 0], [0, 27, 10, 37, 34, 33, 43, 8, 7, 22, 46, 0], [0, 15, 45, 39, 11, 25, 2, 28, 26, 23, 30, 0], [0, 49, 40, 5, 36, 50, 38, 31, 9, 47, 21, 0]]",2.8389159076796204,0.06625617892645738,0.9669788631726988,0.11775769883145888,0.25244041157379793,0.07385498567317865,0.8197037301114258,0.7969409346579134,0.6722076535224915
1.0,0.0,7,True,158065,5,"[[0, 35, 18, 32, 4, 29, 19, 6, 24, 41, 1, 0], [0, 42, 14, 3, 16, 20, 44, 17, 13, 49, 12, 0], [0, 15, 39, 45, 11, 25, 2, 28, 26, 23, 30, 0], [0, 37, 10, 50, 38, 31, 9, 47, 21, 27, 48, 0], [0, 46, 22, 7, 8, 43, 33, 34, 36, 5, 40, 0]]",3.4725094706809614,0.07616131027278147,0.9027327973744832,0.1269460953772068,0.14681427769186817,0.03522602998499512,0.8377982198528104,0.8268675256712175,0.6722076535224915
1.0,0.0,8,True,158006,5,"[[0, 46, 22, 7, 8, 43, 50, 38, 3, 16, 1, 0], [0, 27, 21, 47, 9, 31, 36, 33, 34, 5, 40, 0], [0, 14, 42, 41, 24, 19, 6, 17, 13, 49, 48, 0], [0, 30, 23, 26, 28, 2, 25, 11, 39, 45, 15, 0], [0, 12, 37, 10, 35, 18, 32, 4, 29, 44, 20, 0]]",3.2187515656405594,0.09433640332685576,0.8195443783552037,0.11775769883145888,0.09073511282962765,0.01225809842718523,0.8340090061788366,0.8149650909849753,0.6722076535224915
1.0,0.0,9,True,157835,5,"[[0, 15, 39, 32, 4, 29, 19, 6, 24, 41, 42, 0], [0, 21, 47, 9, 31, 38, 50, 33, 34, 18, 35, 0], [0, 11, 25, 2, 28, 26, 23, 30, 49, 12, 48, 0], [0, 27, 10, 37, 13, 17, 44, 20, 16, 3, 14, 0], [0, 40, 5, 36, 43, 8, 7, 22, 46, 45, 1, 0]]",2.675984761201107,0.06282645226879553,0.847390683258709,0.1177649920185407,0.26086255274493775,0.06359684987187623,0.8080784559239651,0.7774875134805909,0.6722076535224915
1.0,1.0,0,True,168872,5,"[[0, 48, 42, 14, 3, 16, 20, 44, 17, 13, 49, 0], [0, 46, 22, 7, 8, 43, 5, 50, 38, 39, 15, 0], [0, 27, 21, 47, 29, 4, 32, 41, 24, 6, 19, 0], [0, 1, 45, 11, 25, 2, 28, 26, 23, 30, 12, 0], [0, 40, 9, 31, 36, 33, 34, 18, 35, 10, 37, 0]]",2.586828533840162,0.050182708306238055,0.857767493587744,0.09087288454174995,0.25898548486952455,0.056666969184900474,0.812235837887467,0.7697968134938737,0.6722076535224915
1.0,1.0,1,True,168872,5,"[[0, 48, 30, 23, 26, 28, 2, 25, 11, 45, 15, 0], [0, 37, 10, 35, 18, 34, 33, 5, 50, 38, 39, 0], [0, 19, 6, 24, 41, 32, 4, 29, 47, 21, 27, 0], [0, 42, 14, 3, 16, 20, 44, 17, 13, 12, 49, 0], [0, 1, 46, 22, 7, 8, 43, 36, 31, 9, 40, 0]]",2.5756721810212184,0.050182708306238055,0.835502107780485,0.1177649920185407,0.2657531931086774,0.06162134199554735,0.8165981658115391,0.779788579997291,0.6722076535224915
1.0,1.0,2,True,168872,5,"[[0, 48, 42, 14, 3, 16, 20, 44, 17, 13, 49, 0], [0, 15, 11, 45, 25, 2, 28, 26, 23, 30, 12, 0], [0, 19, 6, 24, 41, 32, 4, 29, 47, 21, 27, 0], [0, 1, 39, 38, 50, 5, 43, 8, 7, 22, 46, 0], [0, 37, 10, 35, 18, 34, 33, 36, 31, 9, 40, 0]]",2.153474630020355,0.040534516891989954,0.8325633224230842,0.09046169789507985,0.3479618941730571,0.0738005539487872,0.7879325466456586,0.7386263722769476,0.6722076535224915
1.0,1.0,3,True,168981,5,"[[0, 48, 15, 11, 45, 25, 2, 28, 26, 23, 30, 0], [0, 40, 9, 31, 36, 43, 8, 7, 22, 46, 1, 0], [0, 27, 21, 47, 29, 4, 32, 41, 24, 6, 19, 0], [0, 20, 44, 17, 13, 12, 49, 14, 3, 16, 42, 0], [0, 37, 10, 35, 18, 34, 33, 5, 50, 38, 39, 0]]",2.176507288142602,0.040534516891989954,0.835502107780485,0.1177649920185407,0.352223225299535,0.07556096104422894,0.7790672671284338,0.7217851235335717,0.6722076535224915
1.0,1.0,4,True,169467,5,"[[0, 1, 25, 45, 39, 11, 15, 16, 3, 14, 42, 0], [0, 30, 23, 26, 28, 2, 50, 38, 31, 9, 40, 0], [0, 20, 5, 36, 33, 34, 43, 8, 7, 22, 46, 0], [0, 19, 6, 24, 41, 4, 32, 18, 35, 10, 37, 0], [0, 27, 21, 47, 29, 44, 17, 13, 12, 49, 48, 0]]",2.1214807413634844,0.03944386900044405,0.9189968784921803,0.15070597231388091,0.36842088807309925,0.0830871080686506,0.7745371964282164,0.7216194257052059,0.6722076535224915
1.0,1.0,5,True,168872,5,"[[0, 48, 42, 14, 3, 16, 20, 44, 17, 13, 49, 0], [0, 15, 11, 45, 25, 2, 28, 26, 23, 30, 12, 0], [0, 37, 10, 35, 18, 34, 33, 5, 50, 38, 39, 0], [0, 27, 21, 47, 29, 4, 32, 41, 24, 6, 19, 0], [0, 1, 46, 22, 7, 8, 43, 36, 31, 9, 40, 0]]",2.58710447726844,0.050182708306238055,0.8325633224230842,0.09046169789507985,0.26498330028843875,0.06169523513688526,0.8142638636304298,0.7730202608753672,0.6722076535224915
1.0,1.0,6,True,169347,5,"[[0, 39, 32, 18, 35, 10, 37, 13, 17, 44, 20, 0], [0, 30, 23, 26, 28, 2, 43, 8, 7, 22, 46, 0], [0, 48, 1, 45, 25, 11, 15, 16, 3, 14, 42, 0], [0, 34, 33, 5, 36, 50, 38, 31, 9, 40, 49, 0], [0, 12, 19, 6, 24, 41, 4, 29, 47, 21, 27, 0]]",2.1024801093626593,0.04571366027900667,0.8864383579930291,0.15070597231388091,0.32711580996294876,0.06716849741707685,0.7749027631845482,0.7221555996752161,0.6722076535224915
1.0,1.0,7,True,168872,5,"[[0, 40, 9, 31, 36, 43, 8, 7, 22, 46, 1, 0], [0, 49, 13, 17, 44, 20, 16, 3, 14, 42, 48, 0], [0, 19, 6, 24, 41, 32, 4, 29, 47, 21, 27, 0], [0, 37, 10, 35, 18, 34, 33, 5, 50, 38, 39, 0], [0, 12, 30, 23, 26, 28, 2, 25, 45, 11, 15, 0]]",2.153216705617524,0.040534516891989954,0.8325633224230842,0.09046169789507985,0.3528174698583575,0.07427181954195076,0.788130442251828,0.73871484909653,0.6722076535224915
1.0,1.0,8,True,168872,5,"[[0, 1, 46, 22, 7, 8, 43, 5, 50, 38, 39, 0], [0, 48, 49, 13, 17, 44, 20, 16, 3, 14, 42, 0], [0, 12, 30, 23, 26, 28, 2, 25, 11, 45, 15, 0], [0, 19, 6, 24, 41, 32, 4, 29, 47, 21, 27, 0], [0, 40, 9, 31, 36, 33, 34, 18, 35, 10, 37, 0]]",2.5751383131901093,0.050182708306238055,0.8325633224230842,0.09046169789507985,0.25059545467365774,0.05308007293840665,0.8147947597180532,0.7766293277563157,0.6722076535224915
1.0,1.0,9,True,169467,5,"[[0, 42, 14, 3, 16, 15, 39, 25, 45, 11, 1, 0], [0, 30, 23, 26, 28, 2, 50, 38, 31, 9, 40, 0], [0, 20, 36, 33, 34, 5, 43, 8, 7, 22, 46, 0], [0, 19, 6, 24, 41, 4, 32, 18, 35, 10, 37, 0], [0, 49, 12, 13, 17, 44, 29, 47, 21, 27, 48, 0]]",2.1217386657663155,0.03944386900044405,0.9189968784921803,0.15070597231388091,0.36832747671105115,0.08306301883748907,0.77433557476276,0.7215317036579767,0.6722076535224915
