beta,lambda_concentration,seed,is_feasible,pyvrp_cost,num_routes,routes,global_risk,global_cvar90,max_vehicle_risk,max_vehicle_cvar90,vehicle_risk_gini,risk_variance,edge_burden_gini_used,top10_burden_share,max_edge_burden
0.0,0.0,0,True,145999,5,"[[0, 44, 14, 3, 15, 41, 11, 1, 37, 38, 50, 0], [0, 42, 7, 8, 34, 17, 9, 47, 43, 26, 33, 0], [0, 45, 12, 13, 24, 32, 46, 23, 10, 18, 19, 0], [0, 40, 25, 20, 35, 4, 16, 28, 30, 21, 29, 0], [0, 36, 31, 6, 22, 2, 48, 5, 39, 49, 27, 0]]",8.456597908530966,0.23085819015448744,3.3375126568134874,0.4582226773103078,0.28470163794744874,0.8390229535089956,0.8604265351127065,0.8934616631674034,0.8398938775062561
0.0,0.0,1,True,145999,5,"[[0, 6, 22, 5, 2, 48, 43, 9, 47, 31, 36, 0], [0, 12, 45, 13, 24, 32, 46, 23, 10, 18, 19, 0], [0, 27, 49, 39, 17, 34, 8, 7, 30, 21, 29, 0], [0, 33, 26, 28, 16, 4, 35, 20, 25, 40, 44, 0], [0, 14, 3, 15, 42, 41, 11, 1, 37, 38, 50, 0]]",9.396223264411674,0.24458396956324577,3.0097953027579933,0.45951736718416214,0.24811679245725737,0.751112300885679,0.8726878607555162,0.9052804287268167,1.6797877550125122
0.0,0.0,2,True,146664,5,"[[0, 27, 49, 39, 17, 34, 8, 7, 16, 12, 45, 0], [0, 35, 4, 6, 22, 5, 43, 47, 9, 31, 36, 0], [0, 33, 26, 28, 30, 48, 2, 20, 25, 40, 19, 0], [0, 14, 3, 15, 42, 41, 11, 1, 37, 38, 50, 0], [0, 29, 21, 18, 10, 23, 46, 32, 24, 13, 44, 0]]",7.446768068024539,0.21395402497822238,2.930259562766878,0.4864675164222717,0.2641026669137523,0.5999558032113895,0.8601259706732731,0.886860141286472,0.8398938775062561
0.0,0.0,3,True,146664,5,"[[0, 44, 50, 38, 37, 1, 41, 11, 15, 3, 14, 0], [0, 19, 18, 21, 29, 10, 23, 46, 32, 24, 13, 0], [0, 45, 12, 42, 7, 8, 34, 17, 39, 49, 27, 0], [0, 16, 35, 4, 6, 22, 5, 30, 28, 26, 33, 0], [0, 40, 25, 20, 2, 48, 43, 47, 9, 31, 36, 0]]",9.05961231958645,0.29112067486026455,3.1368311255646404,0.4785797595977783,0.2816340005783977,0.947872141023837,0.8581612586235112,0.8899314969033357,0.8398938775062561
0.0,0.0,4,True,147330,5,"[[0, 36, 31, 9, 47, 43, 48, 2, 20, 25, 40, 0], [0, 45, 12, 13, 24, 32, 46, 23, 10, 29, 44, 0], [0, 14, 3, 15, 42, 11, 41, 1, 37, 38, 50, 0], [0, 21, 35, 4, 6, 22, 5, 30, 28, 26, 33, 0], [0, 27, 49, 39, 17, 34, 8, 7, 16, 18, 19, 0]]",8.272575097535006,0.2130660268877234,2.846844674553722,0.37818318605422974,0.25150072756627084,0.5851452870688977,0.8619984503806843,0.894895355350975,0.8605454564094543
0.0,0.0,5,True,147330,5,"[[0, 27, 49, 39, 48, 2, 43, 9, 47, 31, 36, 0], [0, 14, 3, 15, 42, 11, 41, 1, 37, 38, 50, 0], [0, 33, 26, 28, 30, 8, 17, 34, 7, 16, 45, 0], [0, 12, 35, 4, 6, 22, 5, 20, 25, 40, 44, 0], [0, 29, 21, 13, 24, 32, 46, 23, 10, 18, 19, 0]]",8.826617720318609,0.273775701892787,3.324087262735702,0.3830353191920689,0.2673854074354445,0.7890971680040318,0.854008428739786,0.8683313999473382,0.8398938775062561
0.0,0.0,6,True,147330,5,"[[0, 50, 38, 37, 1, 41, 11, 15, 3, 14, 45, 0], [0, 36, 31, 9, 47, 43, 2, 48, 39, 49, 27, 0], [0, 40, 25, 20, 5, 22, 6, 4, 35, 16, 12, 0], [0, 13, 24, 32, 46, 23, 10, 29, 21, 18, 19, 0], [0, 42, 7, 34, 17, 8, 30, 28, 26, 33, 44, 0]]",9.260372617645771,0.29818168601819445,2.9610431843902916,0.38889655470848083,0.23725998990053188,0.6156834813666785,0.8610902145553725,0.8931648236689729,0.8398938775062561
0.0,0.0,7,True,146664,5,"[[0, 19, 18, 10, 23, 46, 32, 24, 13, 21, 29, 0], [0, 33, 26, 28, 30, 5, 22, 6, 4, 35, 44, 0], [0, 12, 45, 16, 7, 8, 34, 17, 39, 49, 27, 0], [0, 40, 25, 20, 2, 48, 43, 47, 9, 31, 36, 0], [0, 14, 3, 15, 42, 11, 41, 1, 37, 38, 50, 0]]",8.395502400482656,0.26847469553883585,2.8470026318682358,0.37818318605422974,0.21902344602205126,0.45848131176167756,0.8556126295134527,0.8848007632641994,0.8398938775062561
0.0,0.0,8,True,147330,5,"[[0, 14, 3, 15, 42, 11, 41, 1, 37, 38, 50, 0], [0, 12, 45, 13, 46, 23, 10, 29, 21, 18, 19, 0], [0, 32, 24, 6, 22, 5, 48, 2, 20, 25, 40, 0], [0, 36, 31, 47, 9, 43, 30, 28, 26, 33, 44, 0], [0, 27, 49, 39, 17, 34, 8, 7, 16, 4, 35, 0]]",9.22261855659599,0.28783628652835713,2.667669870861573,0.3546625237379755,0.1899305246987022,0.3936831722020412,0.8612392961951472,0.8877225413740103,0.8398938775062561
0.0,0.0,9,True,145999,5,"[[0, 14, 3, 15, 42, 41, 11, 1, 37, 38, 50, 0], [0, 27, 49, 39, 17, 34, 8, 7, 30, 21, 29, 0], [0, 12, 45, 13, 24, 32, 46, 23, 10, 18, 19, 0], [0, 44, 40, 25, 20, 35, 4, 16, 28, 26, 33, 0], [0, 6, 22, 5, 48, 2, 43, 47, 9, 31, 36, 0]]",9.39242158610432,0.24458396956324577,3.0097953027579933,0.45951736718416214,0.24805531618193544,0.7503329559702678,0.8727015792662187,0.9056468502014504,1.6797877550125122
0.5,0.0,0,True,166670,5,"[[0, 44, 36, 31, 47, 9, 43, 28, 30, 26, 33, 0], [0, 13, 24, 32, 46, 23, 10, 18, 21, 29, 19, 0], [0, 48, 2, 5, 22, 6, 4, 35, 20, 25, 40, 0], [0, 12, 45, 16, 7, 8, 34, 17, 39, 49, 27, 0], [0, 14, 3, 15, 41, 11, 42, 1, 37, 38, 50, 0]]",6.46236835118907,0.18671029110749562,2.048041032627225,0.31089600423971814,0.19403689466758123,0.21102350026004585,0.8476443819261583,0.8663888304418992,0.8041402697563171
0.5,0.0,1,True,166614,5,"[[0, 45, 13, 23, 8, 7, 16, 28, 30, 26, 33, 0], [0, 35, 4, 6, 22, 34, 17, 39, 49, 27, 44, 0], [0, 14, 3, 15, 41, 11, 42, 1, 37, 38, 50, 0], [0, 24, 32, 46, 48, 2, 5, 20, 25, 40, 19, 0], [0, 36, 31, 9, 47, 43, 29, 10, 18, 21, 12, 0]]",5.731809022501693,0.16339816711843014,1.945822605615831,0.27906930446624756,0.17421086639150563,0.174665197570537,0.8439243932580827,0.8562866372504905,0.8041402697563171
0.5,0.0,2,True,166258,5,"[[0, 44, 12, 16, 7, 8, 34, 17, 39, 49, 27, 0], [0, 33, 26, 28, 30, 21, 18, 10, 23, 13, 45, 0], [0, 29, 43, 47, 9, 2, 48, 20, 25, 40, 19, 0], [0, 35, 4, 6, 22, 5, 46, 32, 24, 31, 36, 0], [0, 14, 3, 15, 11, 42, 41, 1, 37, 38, 50, 0]]",6.549605652704486,0.20426813220339163,2.4212606503861025,0.3270835280418396,0.27977021858642526,0.44971722886654175,0.8566972362227905,0.8742042752983687,0.8398938775062561
0.5,0.0,3,True,166615,5,"[[0, 50, 38, 37, 1, 42, 41, 11, 15, 3, 14, 0], [0, 36, 31, 47, 9, 43, 35, 4, 18, 21, 12, 0], [0, 44, 45, 13, 24, 32, 46, 20, 25, 40, 19, 0], [0, 33, 26, 30, 28, 16, 7, 8, 23, 10, 29, 0], [0, 48, 2, 5, 22, 6, 34, 17, 39, 49, 27, 0]]",5.494043021186371,0.11860939087346196,1.8413303754059598,0.23963154426642827,0.18133983445512092,0.15909033008441278,0.8405498186628186,0.8531542261119613,0.8041402697563171
0.5,0.0,4,True,166635,5,"[[0, 45, 13, 24, 32, 46, 23, 10, 18, 21, 29, 0], [0, 14, 3, 15, 41, 11, 42, 1, 37, 38, 50, 0], [0, 44, 43, 35, 4, 6, 22, 5, 39, 49, 27, 0], [0, 12, 34, 17, 8, 7, 16, 28, 30, 26, 33, 0], [0, 36, 31, 47, 9, 2, 48, 20, 25, 40, 19, 0]]",5.55872434603225,0.1298794584298456,1.7106654639355838,0.3086192846298218,0.17110980090838135,0.13108377126491197,0.8443115547120852,0.856924260504752,0.8041402697563171
0.5,0.0,5,True,166689,5,"[[0, 29, 21, 18, 4, 35, 43, 9, 47, 26, 33, 0], [0, 6, 22, 5, 2, 48, 20, 25, 40, 31, 36, 0], [0, 19, 10, 23, 46, 32, 24, 13, 45, 12, 44, 0], [0, 27, 49, 39, 17, 34, 8, 7, 16, 28, 30, 0], [0, 14, 3, 15, 41, 42, 11, 1, 37, 38, 50, 0]]",6.465565525533748,0.17034249876936278,2.14085009903647,0.38031976521015165,0.2517079165884557,0.34264544851914736,0.8472563658591155,0.8663650504893152,0.8398938775062561
0.5,0.0,6,True,166614,5,"[[0, 35, 4, 6, 22, 34, 17, 39, 49, 27, 44, 0], [0, 24, 32, 46, 5, 2, 48, 20, 25, 40, 19, 0], [0, 14, 3, 15, 41, 11, 42, 1, 37, 38, 50, 0], [0, 12, 21, 18, 10, 29, 43, 47, 9, 31, 36, 0], [0, 45, 13, 23, 8, 7, 16, 28, 30, 26, 33, 0]]",5.730419782237732,0.16339816711843014,1.945822605615831,0.27906930446624756,0.17425310077558342,0.17481132888743992,0.8440989276681452,0.8564942290010369,0.8041402697563171
0.5,0.0,7,True,166615,5,"[[0, 50, 38, 37, 1, 42, 11, 41, 15, 3, 14, 0], [0, 48, 2, 5, 22, 6, 34, 17, 39, 49, 27, 0], [0, 36, 31, 47, 9, 43, 35, 4, 18, 21, 12, 0], [0, 44, 19, 40, 25, 20, 46, 32, 24, 13, 45, 0], [0, 33, 26, 30, 28, 16, 7, 8, 23, 10, 29, 0]]",5.494043021186371,0.11860939087346196,1.8413303754059598,0.23963154426642827,0.18133983445512092,0.15909033008441278,0.8405498186628186,0.8531542261119613,0.8041402697563171
0.5,0.0,8,True,166638,5,"[[0, 14, 3, 15, 11, 41, 42, 1, 37, 38, 50, 0], [0, 45, 13, 24, 32, 46, 23, 10, 18, 21, 29, 0], [0, 33, 26, 43, 47, 9, 48, 2, 31, 36, 44, 0], [0, 12, 35, 4, 6, 22, 5, 20, 25, 40, 19, 0], [0, 30, 28, 16, 7, 8, 34, 17, 39, 49, 27, 0]]",6.923505984377698,0.1964713615034857,2.14085009903647,0.38031976521015165,0.22399315061331482,0.328339231814785,0.856669920645168,0.8793390287133063,0.8398938775062561
0.5,0.0,9,True,166258,5,"[[0, 44, 12, 16, 7, 8, 34, 17, 39, 49, 27, 0], [0, 33, 26, 28, 30, 21, 18, 10, 23, 13, 45, 0], [0, 35, 4, 6, 22, 5, 46, 32, 24, 31, 36, 0], [0, 14, 3, 15, 41, 11, 42, 1, 37, 38, 50, 0], [0, 19, 40, 25, 20, 48, 2, 9, 47, 43, 29, 0]]",6.549605652704486,0.20426813220339163,2.4212606503861025,0.3270835280418396,0.27977021858642526,0.44971722886654175,0.8566972362227905,0.8742042752983687,0.8398938775062561
1.0,0.0,0,True,181250,5,"[[0, 50, 38, 14, 3, 15, 41, 1, 37, 49, 27, 0], [0, 29, 43, 35, 4, 21, 18, 10, 23, 12, 45, 0], [0, 36, 31, 40, 25, 20, 5, 46, 32, 24, 13, 0], [0, 6, 22, 34, 17, 39, 8, 7, 16, 19, 44, 0], [0, 33, 26, 30, 28, 47, 9, 2, 48, 11, 42, 0]]",4.076946298502586,0.08083740967075999,1.4868357850646134,0.1853461457150323,0.31324463642314426,0.20537330626742079,0.8116050282301932,0.8047961830239136,0.8041402697563171
1.0,0.0,1,True,179759,5,"[[0, 44, 50, 38, 37, 1, 11, 41, 15, 3, 14, 0], [0, 42, 5, 48, 2, 47, 9, 28, 30, 26, 33, 0], [0, 36, 31, 40, 25, 20, 34, 17, 39, 49, 27, 0], [0, 19, 16, 7, 8, 23, 10, 18, 21, 12, 45, 0], [0, 29, 43, 35, 4, 6, 22, 46, 32, 24, 13, 0]]",4.523177263412359,0.09700443060734333,1.6034689094813075,0.2352668916185697,0.2723932962574054,0.2114982027713365,0.8332800899688788,0.8290652123403798,0.8041402697563171
1.0,0.0,2,True,180233,5,"[[0, 27, 49, 39, 17, 34, 20, 25, 40, 31, 36, 0], [0, 14, 3, 15, 42, 11, 41, 1, 37, 38, 50, 0], [0, 19, 10, 23, 8, 7, 16, 28, 30, 26, 33, 0], [0, 2, 48, 47, 9, 43, 35, 4, 18, 21, 29, 0], [0, 44, 13, 24, 32, 46, 5, 22, 6, 12, 45, 0]]",4.965536368385074,0.10508363340049982,1.9919490457396023,0.22118841111660004,0.30259418106780855,0.329981148477224,0.8338313883365438,0.8371955330341557,0.8041402697563171
1.0,0.0,3,True,180821,5,"[[0, 44, 50, 38, 14, 3, 15, 42, 41, 11, 1, 0], [0, 36, 31, 9, 47, 48, 2, 46, 32, 24, 37, 0], [0, 12, 34, 17, 8, 7, 16, 28, 30, 26, 33, 0], [0, 19, 40, 25, 20, 21, 18, 10, 23, 13, 45, 0], [0, 27, 49, 39, 5, 22, 6, 4, 35, 43, 29, 0]]",5.128843754078844,0.12078172496209542,1.899248378991615,0.21589894406497478,0.3106171479541662,0.3240177435151346,0.8379208848948476,0.84293654283151,0.8041402697563171
1.0,0.0,4,True,180426,5,"[[0, 36, 31, 40, 25, 20, 21, 18, 10, 23, 13, 0], [0, 27, 49, 37, 1, 42, 15, 3, 14, 38, 50, 0], [0, 24, 32, 46, 5, 22, 6, 4, 35, 43, 29, 0], [0, 45, 12, 34, 17, 39, 8, 7, 16, 19, 44, 0], [0, 33, 26, 30, 28, 47, 9, 2, 48, 41, 11, 0]]",4.048926737535945,0.08858357450446568,1.4919148682092782,0.1853461457150323,0.32959168096937885,0.2316469318059085,0.8149497572083302,0.8055392618069662,0.8041402697563171
1.0,0.0,5,True,180436,5,"[[0, 15, 3, 48, 2, 9, 47, 28, 30, 26, 33, 0], [0, 14, 45, 12, 42, 41, 11, 1, 37, 38, 50, 0], [0, 27, 49, 39, 17, 34, 8, 7, 16, 19, 44, 0], [0, 36, 31, 40, 25, 20, 21, 18, 10, 23, 13, 0], [0, 24, 32, 46, 5, 22, 6, 4, 35, 43, 29, 0]]",4.64175819503536,0.09739724788814783,1.4801708489831071,0.1713806040585041,0.20688780314468525,0.13268217867000054,0.8301738455114449,0.8274840145513086,0.8041402697563171
1.0,0.0,6,True,180879,5,"[[0, 44, 50, 38, 14, 3, 15, 1, 37, 49, 27, 0], [0, 19, 16, 7, 8, 5, 20, 25, 40, 12, 45, 0], [0, 42, 39, 17, 34, 22, 6, 4, 35, 43, 29, 0], [0, 41, 11, 2, 48, 9, 47, 28, 30, 26, 33, 0], [0, 36, 31, 46, 32, 24, 13, 23, 10, 18, 21, 0]]",4.250113216838068,0.08705457765609026,1.4919148682092782,0.1853461457150323,0.3080373002492631,0.22277735264688497,0.8135794248888886,0.809401289198742,0.8041402697563171
1.0,0.0,7,True,181671,5,"[[0, 44, 19, 16, 7, 8, 39, 17, 34, 3, 15, 0], [0, 29, 43, 35, 4, 6, 22, 20, 25, 40, 45, 0], [0, 36, 31, 9, 47, 2, 48, 28, 30, 26, 33, 0], [0, 41, 12, 13, 23, 10, 18, 21, 14, 38, 50, 0], [0, 27, 49, 37, 24, 32, 46, 5, 42, 11, 1, 0]]",3.7993235663433698,0.0757418617606163,1.4678448518679943,0.1853461457150323,0.36277382381487255,0.24417137905178002,0.8031486335523026,0.7880805214152335,0.8041402697563171
1.0,0.0,8,True,180436,5,"[[0, 29, 43, 35, 4, 6, 22, 5, 46, 32, 24, 0], [0, 15, 3, 2, 48, 47, 9, 28, 30, 26, 33, 0], [0, 27, 49, 39, 17, 34, 8, 7, 16, 19, 44, 0], [0, 36, 31, 40, 25, 20, 21, 18, 10, 23, 13, 0], [0, 14, 45, 12, 41, 11, 42, 1, 37, 38, 50, 0]]",4.64175819503536,0.09739724788814783,1.4801708489831071,0.1713806040585041,0.20688780314468525,0.13268217867000057,0.8301738455114449,0.8274840145513086,0.8041402697563171
1.0,0.0,9,True,180512,5,"[[0, 36, 31, 9, 47, 2, 48, 28, 30, 26, 33, 0], [0, 19, 16, 7, 8, 39, 17, 34, 20, 25, 40, 0], [0, 12, 6, 22, 5, 46, 32, 24, 37, 49, 27, 0], [0, 1, 11, 42, 41, 15, 3, 14, 38, 50, 44, 0], [0, 29, 43, 35, 4, 21, 18, 10, 23, 13, 45, 0]]",3.946946662412225,0.08585486842973812,1.4678448518679943,0.1853461457150323,0.25750251412671,0.14731024989220948,0.8178824693270603,0.8048166564290622,0.8041402697563171
1.5,0.0,0,True,190351,5,"[[0, 44, 36, 31, 46, 32, 24, 37, 27, 49, 1, 0], [0, 15, 3, 34, 17, 39, 8, 23, 13, 45, 12, 0], [0, 19, 10, 18, 21, 25, 40, 20, 14, 38, 50, 0], [0, 29, 43, 35, 4, 6, 22, 5, 16, 7, 42, 0], [0, 33, 26, 30, 28, 9, 47, 2, 48, 41, 11, 0]]",3.6736948985037348,0.07786745376683571,1.4919148682092782,0.1853461457150323,0.3208115083842593,0.1893487661483054,0.8007053250607628,0.783529692694052,0.8041402697563171
1.5,0.0,1,True,190428,5,"[[0, 1, 11, 48, 2, 9, 47, 28, 30, 26, 33, 0], [0, 38, 14, 3, 34, 17, 39, 8, 7, 16, 19, 0], [0, 15, 41, 42, 5, 22, 6, 4, 35, 43, 29, 0], [0, 36, 31, 46, 32, 24, 37, 49, 27, 50, 44, 0], [0, 45, 12, 13, 23, 10, 18, 21, 25, 40, 20, 0]]",3.6837180654673976,0.07598264348742209,1.5185940100054722,0.1853461457150323,0.32163084346071513,0.19448250046924287,0.8010312000888313,0.7843061099474317,0.8041402697563171
1.5,0.0,2,True,190428,5,"[[0, 38, 14, 3, 34, 17, 39, 8, 7, 16, 19, 0], [0, 27, 49, 37, 24, 32, 46, 31, 36, 50, 44, 0], [0, 15, 41, 42, 5, 22, 6, 4, 35, 43, 29, 0], [0, 1, 11, 2, 48, 9, 47, 28, 30, 26, 33, 0], [0, 20, 40, 25, 21, 18, 10, 23, 13, 12, 45, 0]]",3.501369118543076,0.0731502013230646,1.5185940100054722,0.1853461457150323,0.36568478621593736,0.2253687156336867,0.7960650997074377,0.7766763072504368,0.8041402697563171
1.5,0.0,3,True,190769,5,"[[0, 1, 11, 42, 41, 15, 3, 14, 38, 50, 44, 0], [0, 29, 43, 35, 4, 21, 18, 10, 23, 13, 45, 0], [0, 19, 16, 7, 8, 39, 17, 34, 20, 25, 40, 0], [0, 12, 6, 22, 5, 46, 32, 24, 37, 49, 27, 0], [0, 33, 26, 30, 28, 48, 2, 47, 9, 31, 36, 0]]",3.9471046197267388,0.08585486842973812,1.468002809182508,0.1853461457150323,0.25752422407723174,0.14735312068903522,0.8178211265945379,0.8047844488516167,0.8041402697563171
1.5,0.0,4,True,192194,5,"[[0, 29, 43, 35, 4, 6, 22, 5, 42, 41, 1, 0], [0, 19, 16, 7, 8, 23, 10, 18, 21, 12, 44, 0], [0, 36, 31, 40, 25, 20, 46, 32, 24, 13, 45, 0], [0, 27, 37, 49, 39, 17, 34, 3, 14, 38, 50, 0], [0, 15, 11, 48, 2, 9, 47, 28, 30, 26, 33, 0]]",4.194676569923027,0.0904761845932195,1.485862417233875,0.1853461457150323,0.32137769158834506,0.22797747709683341,0.8224285675635736,0.8172700270099394,0.8041402697563171
1.5,0.0,5,True,190428,5,"[[0, 44, 50, 27, 49, 37, 24, 32, 46, 31, 36, 0], [0, 20, 40, 25, 21, 18, 10, 23, 13, 45, 12, 0], [0, 33, 26, 30, 28, 47, 9, 2, 48, 11, 15, 0], [0, 29, 43, 35, 4, 6, 22, 5, 42, 41, 1, 0], [0, 19, 16, 7, 8, 39, 17, 34, 3, 14, 38, 0]]",3.500549025511569,0.0731502013230646,1.485862417233875,0.1853461457150323,0.36212400067621453,0.21696180922981503,0.7964552367745807,0.7768582635157741,0.8041402697563171
1.5,0.0,6,True,190428,5,"[[0, 27, 49, 37, 24, 32, 46, 31, 36, 50, 44, 0], [0, 12, 20, 40, 25, 21, 18, 10, 23, 13, 45, 0], [0, 15, 41, 42, 5, 22, 6, 4, 35, 43, 29, 0], [0, 19, 16, 7, 8, 39, 17, 34, 3, 14, 38, 0], [0, 1, 11, 2, 48, 47, 9, 28, 30, 26, 33, 0]]",3.500549025511569,0.0731502013230646,1.5185940100054722,0.1853461457150323,0.3658641674366916,0.2255130405254128,0.7964552367745807,0.7768582635157741,0.8041402697563171
1.5,0.0,7,True,191103,5,"[[0, 50, 36, 31, 46, 32, 24, 37, 27, 49, 1, 0], [0, 38, 14, 3, 34, 17, 39, 8, 7, 16, 19, 0], [0, 45, 12, 13, 23, 10, 18, 21, 25, 40, 20, 0], [0, 15, 41, 42, 5, 22, 6, 4, 35, 43, 29, 0], [0, 11, 2, 48, 47, 9, 28, 30, 26, 33, 44, 0]]",3.6847356372435716,0.07598264348742209,1.4952938427159097,0.14606267710526785,0.3164832784336373,0.18692013797747037,0.802801871430497,0.7850075065150321,0.8041402697563171
1.5,0.0,8,True,191118,5,"[[0, 50, 38, 14, 12, 45, 6, 4, 35, 43, 29, 0], [0, 15, 3, 34, 17, 39, 8, 7, 16, 19, 44, 0], [0, 13, 23, 10, 18, 21, 20, 25, 40, 31, 36, 0], [0, 1, 11, 2, 48, 47, 9, 28, 30, 26, 33, 0], [0, 41, 42, 5, 22, 46, 32, 24, 37, 49, 27, 0]]",3.6754195406955805,0.07786745376683571,1.5185940100054722,0.1853461457150323,0.35935138539239486,0.2269464328663294,0.7975430164580573,0.7803740457192242,0.8041402697563171
1.5,0.0,9,True,191776,5,"[[0, 19, 16, 7, 8, 39, 17, 34, 3, 14, 38, 0], [0, 29, 43, 35, 4, 6, 22, 5, 46, 32, 24, 0], [0, 44, 33, 26, 30, 28, 9, 47, 48, 2, 15, 0], [0, 13, 23, 10, 18, 21, 20, 25, 40, 31, 36, 0], [0, 27, 49, 37, 1, 42, 41, 11, 12, 45, 50, 0]]",4.068302262950889,0.08252740493044257,1.4983783684147056,0.14606267710526785,0.3112099834329414,0.2127375927000684,0.8136246497649819,0.8037398421681584,0.8041402697563171
2.0,0.0,0,True,200572,5,"[[0, 29, 43, 35, 20, 25, 40, 4, 37, 49, 27, 0], [0, 12, 45, 21, 18, 10, 23, 13, 14, 38, 50, 0], [0, 1, 41, 48, 2, 47, 9, 28, 30, 26, 33, 0], [0, 36, 31, 46, 32, 24, 6, 22, 5, 42, 11, 0], [0, 15, 3, 34, 17, 39, 8, 7, 16, 19, 44, 0]]",3.4342425745834735,0.07282075016862816,1.5277309866796713,0.1853461457150323,0.44976522459424984,0.35540341771500245,0.7883135371876562,0.7627736210499326,0.8041402697563171
2.0,0.0,1,True,199796,5,"[[0, 19, 16, 7, 34, 17, 39, 8, 23, 13, 12, 0], [0, 45, 6, 22, 5, 46, 32, 24, 37, 49, 27, 0], [0, 44, 1, 11, 41, 42, 15, 3, 14, 38, 50, 0], [0, 36, 31, 47, 9, 2, 48, 28, 30, 26, 33, 0], [0, 35, 43, 4, 40, 25, 20, 21, 18, 10, 29, 0]]",3.3649540450113964,0.07080751388437218,1.4678448518679943,0.1853461457150323,0.32704061628253744,0.1840753887764967,0.7897821720833964,0.7664865608936238,0.8041402697563171
2.0,0.0,2,True,199472,5,"[[0, 29, 21, 18, 10, 23, 13, 12, 14, 38, 50, 0], [0, 1, 42, 41, 11, 35, 43, 4, 40, 25, 20, 0], [0, 27, 49, 37, 24, 32, 46, 5, 22, 6, 45, 0], [0, 44, 19, 16, 7, 8, 39, 17, 34, 3, 15, 0], [0, 36, 31, 47, 9, 2, 48, 28, 30, 26, 33, 0]]",3.2752576821057264,0.06625377487491917,1.4678448518679943,0.1853461457150323,0.36279137250436966,0.201956561716529,0.783163106831074,0.7559666754392314,0.8041402697563171
2.0,0.0,3,True,200937,5,"[[0, 44, 19, 29, 10, 18, 21, 45, 12, 11, 15, 0], [0, 13, 23, 8, 39, 17, 34, 3, 14, 38, 50, 0], [0, 1, 41, 48, 2, 47, 9, 28, 30, 26, 33, 0], [0, 27, 49, 37, 24, 32, 46, 5, 16, 7, 42, 0], [0, 35, 43, 4, 6, 22, 20, 25, 40, 31, 36, 0]]",3.5281899287494785,0.07598156637201707,1.5277309866796713,0.1853461457150323,0.30179319591126363,0.18618737409781688,0.7957873759152712,0.7764642758801817,0.8041402697563171
2.0,0.0,4,True,199572,5,"[[0, 15, 3, 34, 17, 39, 8, 23, 13, 45, 12, 0], [0, 44, 36, 31, 46, 32, 24, 37, 27, 49, 1, 0], [0, 11, 41, 48, 2, 47, 9, 28, 30, 26, 33, 0], [0, 29, 43, 35, 4, 6, 22, 5, 16, 7, 42, 0], [0, 50, 38, 14, 20, 40, 25, 21, 18, 10, 19, 0]]",3.4911879942649,0.0750086884945631,1.4919148682092782,0.1853461457150323,0.35849297301780036,0.21483197088068762,0.7962933072562763,0.7758725369607667,0.8041402697563171
2.0,0.0,5,True,199572,5,"[[0, 15, 3, 34, 17, 39, 8, 23, 13, 45, 12, 0], [0, 44, 36, 31, 46, 32, 24, 37, 27, 49, 1, 0], [0, 50, 38, 14, 20, 40, 25, 21, 18, 10, 19, 0], [0, 29, 43, 35, 4, 6, 22, 5, 16, 7, 42, 0], [0, 33, 26, 30, 28, 47, 9, 2, 48, 41, 11, 0]]",3.4911879942649,0.0750086884945631,1.4919148682092782,0.1853461457150323,0.35849297301780036,0.21483197088068762,0.7962933072562763,0.7758725369607667,0.8041402697563171
2.0,0.0,6,True,199572,5,"[[0, 44, 36, 31, 46, 32, 24, 37, 27, 49, 1, 0], [0, 42, 7, 16, 5, 22, 6, 4, 35, 43, 29, 0], [0, 50, 38, 14, 20, 40, 25, 21, 18, 10, 19, 0], [0, 12, 45, 13, 23, 8, 39, 17, 34, 3, 15, 0], [0, 11, 41, 48, 2, 47, 9, 28, 30, 26, 33, 0]]",3.4911879942649,0.0750086884945631,1.4919148682092782,0.1853461457150323,0.35849297301780036,0.21483197088068762,0.7962933072562763,0.7758725369607667,0.8041402697563171
2.0,0.0,7,True,199472,5,"[[0, 44, 19, 16, 7, 8, 39, 17, 34, 3, 15, 0], [0, 12, 6, 22, 5, 46, 32, 24, 37, 49, 27, 0], [0, 33, 26, 30, 28, 48, 2, 47, 9, 31, 36, 0], [0, 29, 21, 18, 10, 23, 13, 45, 14, 38, 50, 0], [0, 1, 41, 42, 11, 35, 43, 4, 40, 25, 20, 0]]",3.27541563942024,0.06625377487491917,1.468002809182508,0.1853461457150323,0.3633189467251192,0.20216382334684174,0.783091644786907,0.7559302188550724,0.8041402697563171
2.0,0.0,8,True,199472,5,"[[0, 44, 19, 16, 7, 8, 39, 17, 34, 3, 15, 0], [0, 27, 49, 37, 24, 32, 46, 5, 22, 6, 45, 0], [0, 29, 21, 18, 10, 23, 13, 12, 14, 38, 50, 0], [0, 36, 31, 47, 9, 48, 2, 28, 30, 26, 33, 0], [0, 1, 42, 41, 11, 35, 43, 4, 40, 25, 20, 0]]",3.2752576821057264,0.06625377487491917,1.4678448518679943,0.1853461457150323,0.36279137250436966,0.201956561716529,0.783163106831074,0.7559666754392314,0.8041402697563171
2.0,0.0,9,True,200472,5,"[[0, 13, 23, 8, 39, 17, 34, 22, 6, 45, 12, 0], [0, 42, 7, 16, 5, 46, 32, 24, 37, 49, 27, 0], [0, 29, 43, 4, 35, 11, 15, 3, 14, 38, 50, 0], [0, 33, 26, 30, 28, 9, 47, 2, 48, 41, 1, 0], [0, 44, 36, 31, 40, 25, 20, 21, 18, 10, 19, 0]]",3.660459060642305,0.07786745376683571,1.5277309866796713,0.1853461457150323,0.3466165144199347,0.21588956941687804,0.8041343740522282,0.7876259013347117,0.8041402697563171
3.0,0.0,0,True,216211,5,"[[0, 1, 42, 11, 41, 35, 43, 4, 40, 25, 20, 0], [0, 44, 15, 3, 34, 17, 39, 8, 7, 16, 19, 0], [0, 29, 21, 18, 10, 23, 13, 12, 14, 38, 50, 0], [0, 36, 31, 47, 9, 48, 2, 28, 30, 26, 33, 0], [0, 27, 49, 37, 24, 32, 46, 5, 22, 6, 45, 0]]",3.2752576821057264,0.06625377487491917,1.4678448518679943,0.1853461457150323,0.36279137250436966,0.20195656171652895,0.783163106831074,0.7559666754392314,0.8041402697563171
3.0,0.0,1,True,217073,5,"[[0, 1, 35, 11, 41, 15, 3, 14, 38, 50, 44, 0], [0, 36, 31, 47, 9, 48, 2, 28, 30, 26, 33, 0], [0, 19, 10, 18, 21, 20, 25, 40, 4, 43, 29, 0], [0, 27, 49, 37, 24, 32, 46, 5, 16, 7, 42, 0], [0, 13, 23, 8, 39, 17, 34, 22, 6, 12, 45, 0]]",3.2509386175790755,0.06954658265624727,1.4678448518679943,0.1853461457150323,0.3489571183018989,0.19371670383319617,0.7833196926745774,0.759750623337965,0.8041402697563171
3.0,0.0,2,True,216655,5,"[[0, 50, 38, 14, 12, 13, 23, 10, 18, 21, 29, 0], [0, 45, 6, 22, 34, 17, 39, 8, 7, 16, 19, 0], [0, 36, 31, 9, 47, 48, 2, 28, 30, 26, 33, 0], [0, 44, 27, 49, 37, 24, 32, 46, 5, 42, 1, 0], [0, 11, 41, 35, 43, 4, 40, 25, 20, 3, 15, 0]]",3.2674965901805226,0.06954658265624727,1.4678448518679943,0.1853461457150323,0.36595609867650936,0.20546075068789013,0.7817440557966131,0.753239256310113,0.8041402697563171
3.0,0.0,3,True,216567,5,"[[0, 35, 43, 4, 40, 25, 20, 21, 18, 10, 29, 0], [0, 6, 22, 34, 17, 39, 8, 23, 13, 12, 45, 0], [0, 44, 1, 41, 11, 42, 15, 3, 14, 38, 50, 0], [0, 33, 26, 30, 28, 2, 48, 47, 9, 31, 36, 0], [0, 27, 49, 37, 24, 32, 46, 5, 7, 16, 19, 0]]",3.2589976974685815,0.06954658265624727,1.468002809182508,0.1853461457150323,0.3518148562285377,0.19601588751000923,0.7851168802151063,0.7597383892205511,0.8041402697563171
3.0,0.0,4,True,216211,5,"[[0, 33, 26, 30, 28, 48, 2, 9, 47, 31, 36, 0], [0, 27, 49, 37, 24, 32, 46, 5, 22, 6, 45, 0], [0, 44, 15, 3, 34, 17, 39, 8, 7, 16, 19, 0], [0, 29, 21, 18, 10, 23, 13, 12, 14, 38, 50, 0], [0, 1, 42, 11, 41, 35, 43, 4, 40, 25, 20, 0]]",3.27541563942024,0.06625377487491917,1.468002809182508,0.1853461457150323,0.3628124569431965,0.20200792036835616,0.783091644786907,0.7559302188550724,0.8041402697563171
3.0,0.0,5,True,216211,5,"[[0, 1, 42, 11, 41, 35, 43, 4, 40, 25, 20, 0], [0, 36, 31, 9, 47, 48, 2, 28, 30, 26, 33, 0], [0, 27, 49, 37, 24, 32, 46, 5, 22, 6, 45, 0], [0, 29, 21, 18, 10, 23, 13, 12, 14, 38, 50, 0], [0, 19, 16, 7, 8, 39, 17, 34, 3, 15, 44, 0]]",3.2752576821057264,0.06625377487491917,1.4678448518679943,0.1853461457150323,0.36279137250436966,0.201956561716529,0.783163106831074,0.7559666754392314,0.8041402697563171
3.0,0.0,6,True,217821,5,"[[0, 12, 45, 41, 11, 1, 15, 3, 14, 38, 50, 0], [0, 27, 49, 37, 24, 32, 46, 5, 16, 7, 42, 0], [0, 29, 43, 4, 40, 25, 20, 21, 18, 10, 19, 0], [0, 33, 26, 30, 28, 9, 47, 2, 48, 35, 44, 0], [0, 36, 31, 6, 22, 34, 17, 39, 8, 23, 13, 0]]",3.25416707341922,0.06954658265624727,1.5081090786552522,0.14606267710526785,0.3673648961243625,0.21358771244318886,0.78718243710444,0.7603934499482449,0.8041402697563171
3.0,0.0,7,True,216211,5,"[[0, 44, 15, 3, 34, 17, 39, 8, 7, 16, 19, 0], [0, 36, 31, 9, 47, 2, 48, 28, 30, 26, 33, 0], [0, 27, 49, 37, 24, 32, 46, 5, 22, 6, 45, 0], [0, 50, 38, 14, 12, 13, 23, 10, 18, 21, 29, 0], [0, 1, 42, 11, 41, 35, 43, 4, 40, 25, 20, 0]]",3.280738018945991,0.06625377487491917,1.4678448518679943,0.1853461457150323,0.3621853445580405,0.2018709891839893,0.7819437276236518,0.7547038644505162,0.8041402697563171
3.0,0.0,8,True,216766,5,"[[0, 50, 36, 31, 46, 32, 24, 37, 49, 27, 44, 0], [0, 20, 25, 40, 4, 6, 22, 5, 42, 11, 1, 0], [0, 15, 41, 48, 2, 9, 47, 28, 30, 26, 33, 0], [0, 19, 16, 7, 8, 39, 17, 34, 3, 14, 38, 0], [0, 35, 43, 29, 21, 18, 10, 23, 13, 12, 45, 0]]",3.268129016299932,0.06778819600327148,1.4949993939080741,0.1853461457150323,0.3574500137458474,0.20686118029729936,0.7815382931295947,0.7545338887945781,0.8041402697563171
3.0,0.0,9,True,216895,5,"[[0, 42, 11, 41, 35, 43, 4, 40, 25, 20, 45, 0], [0, 36, 31, 9, 47, 48, 2, 28, 30, 26, 33, 0], [0, 6, 22, 5, 46, 32, 24, 37, 27, 49, 1, 0], [0, 19, 16, 7, 8, 39, 17, 34, 3, 15, 44, 0], [0, 29, 21, 18, 10, 23, 13, 12, 14, 38, 50, 0]]",3.2762752538819004,0.06625377487491917,1.4678448518679943,0.1853461457150323,0.3698336393069541,0.20684072255459257,0.7851480037999203,0.7567643185353327,0.8041402697563171
