beta,lambda_concentration,seed,is_feasible,pyvrp_cost,num_routes,routes,global_risk,global_cvar90,max_vehicle_risk,max_vehicle_cvar90,vehicle_risk_gini,risk_variance,edge_burden_gini_used,top10_burden_share,max_edge_burden
0.0,0.0,0,True,133997,5,"[[0, 14, 42, 41, 1, 45, 11, 15, 3, 16, 48, 0], [0, 18, 32, 4, 29, 19, 6, 24, 40, 20, 44, 0], [0, 27, 35, 5, 36, 28, 26, 23, 30, 12, 49, 0], [0, 46, 22, 7, 8, 43, 33, 34, 2, 25, 39, 0], [0, 17, 13, 10, 37, 50, 38, 31, 9, 47, 21, 0]]",7.85024302880629,0.23499939922864238,2.0883469859836623,0.31803689322744805,0.08853012685779604,0.07554661130523961,0.8679131823519737,0.8935055354451641,1.0399389266967773
0.0,0.0,1,True,133997,5,"[[0, 17, 13, 10, 37, 50, 38, 31, 9, 47, 21, 0], [0, 18, 32, 4, 29, 6, 19, 24, 40, 20, 44, 0], [0, 14, 42, 41, 1, 11, 45, 15, 3, 16, 48, 0], [0, 46, 22, 7, 8, 43, 33, 34, 2, 25, 39, 0], [0, 27, 35, 5, 36, 28, 26, 23, 30, 12, 49, 0]]",7.85024302880629,0.23499939922864238,2.0883469859836623,0.31803689322744805,0.08853012685779604,0.07554661130523961,0.8679131823519737,0.8935055354451641,1.0399389266967773
0.0,0.0,2,True,133998,5,"[[0, 16, 3, 15, 45, 11, 1, 41, 42, 14, 48, 0], [0, 25, 2, 34, 33, 43, 8, 7, 22, 46, 39, 0], [0, 38, 31, 9, 47, 21, 27, 23, 30, 49, 12, 0], [0, 26, 28, 36, 5, 35, 10, 37, 50, 13, 17, 0], [0, 44, 20, 40, 24, 6, 19, 29, 4, 32, 18, 0]]",10.266845098085469,0.3491612333390448,2.91276155365631,0.4812774121761322,0.17843765593679617,0.4244118238866078,0.8726260235159948,0.9040535365674784,1.0399389266967773
0.0,0.0,3,True,133998,5,"[[0, 12, 49, 30, 23, 26, 28, 36, 5, 20, 44, 0], [0, 14, 42, 41, 1, 45, 11, 15, 3, 16, 48, 0], [0, 27, 35, 10, 37, 50, 38, 31, 9, 47, 21, 0], [0, 25, 2, 34, 33, 43, 8, 7, 22, 46, 39, 0], [0, 18, 32, 4, 29, 19, 6, 24, 40, 13, 17, 0]]",7.446947182965232,0.22197618673865993,2.1593074508709833,0.24644695047754794,0.14952648414428737,0.16901128658187572,0.8699037547323045,0.8917811066136908,1.0399389266967773
0.0,0.0,4,True,133997,5,"[[0, 48, 14, 42, 41, 1, 45, 11, 15, 3, 16, 0], [0, 44, 20, 40, 24, 19, 6, 4, 32, 29, 12, 0], [0, 25, 2, 34, 33, 43, 8, 7, 22, 46, 39, 0], [0, 27, 35, 5, 36, 28, 26, 23, 30, 18, 49, 0], [0, 17, 13, 10, 37, 50, 38, 31, 9, 47, 21, 0]]",8.621741358743748,0.2527018959724134,3.102484149567317,0.5819867610931396,0.19683500944688959,0.5007399703989235,0.8835909463397367,0.9054744118473659,1.7507572174072266
0.0,0.0,5,True,133999,5,"[[0, 16, 3, 14, 42, 41, 1, 45, 39, 11, 15, 0], [0, 18, 32, 4, 29, 6, 19, 24, 40, 20, 44, 0], [0, 25, 2, 34, 33, 35, 10, 37, 50, 13, 17, 0], [0, 46, 22, 7, 8, 43, 5, 36, 28, 26, 12, 0], [0, 48, 38, 31, 9, 47, 21, 27, 23, 30, 49, 0]]",10.143829275941243,0.34453098889854217,2.5856676617404446,0.4196340716443956,0.09548053481245367,0.12310173508308024,0.8701491679318201,0.8980623575498252,1.0399389266967773
0.0,0.0,6,True,133997,5,"[[0, 16, 3, 14, 42, 41, 1, 45, 11, 39, 48, 0], [0, 15, 46, 22, 7, 8, 43, 17, 13, 18, 49, 0], [0, 27, 35, 10, 37, 50, 38, 31, 9, 47, 21, 0], [0, 12, 29, 4, 32, 6, 19, 24, 40, 20, 44, 0], [0, 25, 2, 34, 33, 5, 36, 28, 26, 23, 30, 0]]",8.80740955969668,0.25899496788699783,2.1338233714632224,0.4657706618309021,0.12359279818432278,0.17144826560616247,0.8881505530061382,0.9124922238786993,1.7507572174072266
0.0,0.0,7,True,133998,5,"[[0, 13, 17, 43, 33, 34, 5, 2, 25, 45, 11, 0], [0, 16, 1, 41, 42, 12, 49, 14, 3, 15, 48, 0], [0, 44, 20, 40, 24, 19, 6, 29, 4, 32, 18, 0], [0, 30, 23, 26, 28, 36, 8, 7, 22, 46, 39, 0], [0, 21, 47, 9, 31, 38, 50, 37, 10, 35, 27, 0]]",9.09269888306153,0.2445341876214918,2.6520984876260627,0.3905004900880158,0.19803130700890215,0.4375348990519868,0.8694259283502148,0.8996978836799923,1.0399389266967773
0.0,0.0,8,True,133998,5,"[[0, 48, 14, 42, 41, 1, 45, 11, 15, 3, 16, 0], [0, 49, 18, 12, 29, 32, 4, 6, 19, 24, 40, 0], [0, 44, 20, 34, 33, 5, 36, 28, 26, 23, 30, 0], [0, 17, 13, 37, 10, 35, 22, 43, 8, 7, 46, 0], [0, 27, 21, 47, 9, 31, 38, 50, 2, 25, 39, 0]]",8.539432321063941,0.295799915248958,2.531829452898819,0.45586167871952055,0.14769653695647,0.22110220594237157,0.8827214085031907,0.8995923615068862,1.7507572174072266
0.0,0.0,9,True,133997,5,"[[0, 48, 15, 45, 11, 1, 41, 42, 14, 3, 16, 0], [0, 27, 35, 5, 36, 28, 26, 23, 30, 12, 49, 0], [0, 21, 47, 9, 31, 38, 50, 37, 10, 13, 17, 0], [0, 25, 2, 34, 33, 43, 8, 7, 22, 46, 39, 0], [0, 44, 20, 40, 24, 6, 19, 29, 4, 32, 18, 0]]",7.8972869814315345,0.25346819614060223,2.5185993015766144,0.3905004900880158,0.1576676952776117,0.2447651145477648,0.8736052209341791,0.8985843213967675,1.0399389266967773
0.25,0.0,0,True,143555,5,"[[0, 25, 2, 33, 34, 5, 36, 28, 26, 23, 30, 0], [0, 35, 10, 37, 50, 38, 31, 9, 47, 21, 27, 0], [0, 46, 22, 7, 8, 43, 17, 13, 49, 12, 48, 0], [0, 18, 32, 4, 29, 19, 6, 24, 40, 20, 44, 0], [0, 16, 3, 14, 42, 41, 1, 39, 11, 45, 15, 0]]",7.690157437667949,0.23819596901664447,2.1290994556911755,0.4657706618309021,0.2352413245110625,0.49066220866542964,0.8768067438951634,0.9004088246102995,1.0399389266967773
0.25,0.0,1,True,143574,5,"[[0, 16, 3, 14, 42, 41, 25, 45, 11, 39, 1, 0], [0, 20, 44, 29, 4, 32, 19, 6, 24, 40, 48, 0], [0, 18, 34, 33, 5, 36, 2, 28, 26, 23, 30, 0], [0, 15, 46, 22, 7, 8, 43, 17, 13, 12, 49, 0], [0, 35, 10, 37, 50, 38, 31, 9, 47, 21, 27, 0]]",6.363321873970563,0.19818390949097062,2.1302064606861677,0.4648726135492325,0.30028222256934356,0.47970451690452026,0.8708657970195535,0.8837016432671907,1.0399389266967773
0.25,0.0,2,True,143574,5,"[[0, 35, 10, 37, 50, 38, 31, 9, 47, 21, 27, 0], [0, 15, 46, 22, 7, 8, 43, 17, 13, 12, 49, 0], [0, 18, 34, 33, 36, 5, 2, 28, 26, 23, 30, 0], [0, 1, 11, 39, 45, 25, 41, 42, 14, 3, 16, 0], [0, 20, 44, 29, 4, 32, 6, 19, 24, 40, 48, 0]]",5.513905906729633,0.17374642734864243,2.013762286223937,0.4648726135492325,0.27647341183283025,0.30378173843401357,0.8604794531955013,0.8667617458572384,1.0399389266967773
0.25,0.0,3,True,143574,5,"[[0, 12, 49, 13, 17, 43, 8, 7, 22, 46, 15, 0], [0, 1, 11, 45, 39, 25, 41, 42, 14, 3, 16, 0], [0, 35, 10, 37, 50, 38, 31, 9, 47, 21, 27, 0], [0, 18, 34, 33, 5, 36, 2, 28, 26, 23, 30, 0], [0, 40, 24, 19, 6, 32, 4, 29, 44, 20, 48, 0]]",5.51050790087902,0.17374642734864243,2.013762286223937,0.4648726135492325,0.27689055316581435,0.3042372990213985,0.8613182077948389,0.8672962268046371,1.0399389266967773
0.25,0.0,4,True,143631,5,"[[0, 48, 17, 13, 50, 38, 31, 9, 47, 21, 27, 0], [0, 20, 44, 29, 4, 32, 19, 6, 24, 40, 49, 0], [0, 15, 45, 11, 39, 1, 41, 42, 14, 3, 16, 0], [0, 12, 18, 35, 10, 37, 34, 33, 5, 2, 25, 0], [0, 46, 22, 43, 8, 7, 36, 28, 26, 23, 30, 0]]",7.1166407364362385,0.21752271303457432,1.9918524895329028,0.2805235683917999,0.17634735902630894,0.20765524316869333,0.8705258112018881,0.8899340841677983,1.0399389266967773
0.25,0.0,5,True,143622,5,"[[0, 30, 23, 26, 28, 2, 5, 36, 33, 34, 18, 0], [0, 20, 44, 29, 4, 32, 6, 19, 24, 40, 49, 0], [0, 48, 16, 3, 15, 45, 11, 39, 25, 41, 1, 0], [0, 42, 14, 12, 13, 17, 43, 8, 7, 22, 46, 0], [0, 27, 21, 47, 9, 31, 38, 50, 37, 10, 35, 0]]",6.4017774365784135,0.1926928968329368,2.116503185738111,0.4648726135492325,0.29000373342300656,0.45602563079519276,0.8682166708032262,0.8793945286759725,1.0399389266967773
0.25,0.0,6,True,143574,5,"[[0, 16, 3, 14, 42, 41, 25, 39, 11, 45, 15, 0], [0, 35, 10, 37, 50, 38, 31, 9, 47, 21, 27, 0], [0, 20, 44, 29, 4, 32, 6, 19, 24, 40, 48, 0], [0, 18, 34, 33, 5, 36, 2, 28, 26, 23, 30, 0], [0, 1, 46, 22, 7, 8, 43, 17, 13, 12, 49, 0]]",6.363321873970563,0.19818390949097062,2.1015372260299046,0.4648726135492325,0.29307360160712914,0.45978024103195897,0.8708657970195535,0.8837016432671907,1.0399389266967773
0.25,0.0,7,True,143574,5,"[[0, 48, 1, 11, 39, 25, 41, 42, 14, 3, 16, 0], [0, 49, 13, 17, 43, 8, 7, 22, 46, 45, 15, 0], [0, 30, 23, 26, 28, 2, 5, 36, 33, 34, 18, 0], [0, 20, 44, 29, 4, 32, 6, 19, 24, 40, 12, 0], [0, 27, 21, 47, 9, 31, 38, 50, 37, 10, 35, 0]]",5.513905906729633,0.17374642734864243,2.013762286223937,0.4648726135492325,0.27779487310371875,0.3059848478008531,0.8604794531955013,0.8667617458572384,1.0399389266967773
0.25,0.0,8,True,143875,5,"[[0, 12, 18, 35, 10, 37, 13, 17, 44, 20, 48, 0], [0, 49, 30, 23, 26, 28, 36, 9, 31, 38, 50, 0], [0, 25, 2, 5, 33, 34, 43, 8, 7, 22, 46, 0], [0, 27, 21, 47, 29, 4, 32, 6, 19, 24, 40, 0], [0, 15, 45, 11, 39, 1, 41, 42, 14, 3, 16, 0]]",6.096738841821207,0.1959625740914985,1.610015289799776,0.28992505483329295,0.11313223314881782,0.0640534318690125,0.8695557706675803,0.8774988575843696,1.0399389266967773
0.25,0.0,9,True,143574,5,"[[0, 48, 40, 24, 19, 6, 32, 4, 29, 44, 20, 0], [0, 18, 34, 33, 5, 36, 2, 28, 26, 23, 30, 0], [0, 16, 3, 14, 42, 41, 25, 45, 11, 39, 1, 0], [0, 35, 10, 37, 50, 38, 31, 9, 47, 21, 27, 0], [0, 15, 46, 22, 7, 8, 43, 17, 13, 49, 12, 0]]",6.3599238681199495,0.19818390949097062,2.1302064606861677,0.4648726135492325,0.3006563721879103,0.48039098312600836,0.8716865120514807,0.8841737909557927,1.0399389266967773
0.5,0.0,0,True,150481,5,"[[0, 20, 44, 29, 4, 32, 6, 19, 24, 41, 42, 0], [0, 27, 21, 47, 9, 31, 38, 50, 37, 10, 35, 0], [0, 48, 13, 17, 40, 12, 49, 14, 3, 16, 1, 0], [0, 15, 39, 11, 45, 25, 2, 28, 26, 23, 30, 0], [0, 18, 34, 33, 5, 36, 7, 8, 43, 22, 46, 0]]",4.89814920630306,0.1506375154066417,1.3202031077817082,0.21547812651842832,0.1795385497507469,0.13071397138461055,0.8452691009220872,0.8463744915201076,0.8753786087036133
0.5,0.0,1,True,150334,5,"[[0, 46, 22, 7, 8, 43, 2, 28, 26, 23, 30, 0], [0, 1, 41, 24, 19, 6, 32, 4, 29, 44, 20, 0], [0, 40, 34, 33, 5, 36, 31, 9, 47, 21, 27, 0], [0, 42, 14, 3, 16, 15, 25, 11, 45, 39, 48, 0], [0, 18, 35, 10, 37, 50, 38, 17, 13, 12, 49, 0]]",5.273661552811973,0.1653677792529817,1.4877882552682422,0.22505482379347086,0.22945684424565949,0.21535394382326914,0.8532297072296517,0.8594479840610191,0.8753786087036133
0.5,0.0,2,True,150333,5,"[[0, 48, 15, 11, 39, 45, 25, 16, 3, 14, 42, 0], [0, 40, 34, 33, 5, 36, 31, 9, 47, 21, 27, 0], [0, 13, 17, 38, 50, 37, 10, 35, 18, 12, 49, 0], [0, 46, 22, 7, 8, 43, 2, 28, 26, 23, 30, 0], [0, 1, 41, 24, 19, 6, 32, 4, 29, 44, 20, 0]]",5.2730733709177,0.1653677792529817,1.4877882552682422,0.22505482379347086,0.22956464677458754,0.2155360826383704,0.8534927530825418,0.8591723065419501,0.8753786087036133
0.5,0.0,3,True,150275,5,"[[0, 18, 34, 33, 5, 36, 7, 8, 43, 22, 46, 0], [0, 20, 44, 17, 13, 49, 12, 14, 3, 16, 1, 0], [0, 15, 11, 39, 45, 25, 2, 28, 26, 23, 30, 0], [0, 40, 9, 31, 38, 50, 37, 10, 35, 27, 48, 0], [0, 42, 41, 24, 19, 6, 32, 4, 29, 47, 21, 0]]",4.558962785406038,0.10105315828695893,1.1656401852378622,0.21547812651842832,0.15507877612150933,0.07022212417853305,0.8432040022180423,0.8369263583152596,0.8753786087036133
0.5,0.0,4,True,150646,5,"[[0, 41, 24, 19, 6, 32, 4, 29, 47, 21, 27, 0], [0, 20, 44, 17, 13, 37, 10, 35, 18, 12, 49, 0], [0, 40, 34, 33, 5, 36, 7, 8, 43, 22, 46, 0], [0, 39, 9, 31, 38, 50, 2, 28, 26, 23, 30, 0], [0, 42, 14, 3, 16, 15, 11, 45, 25, 1, 48, 0]]",4.443520097527653,0.1010473231860512,1.3535691705765203,0.20032388381659985,0.27269668616425524,0.20884316139853096,0.8455391480490557,0.840599223966561,0.8753786087036133
0.5,0.0,5,True,150640,5,"[[0, 18, 35, 10, 37, 50, 38, 31, 9, 3, 15, 0], [0, 27, 21, 47, 29, 4, 32, 6, 19, 24, 41, 0], [0, 1, 16, 20, 44, 17, 13, 49, 12, 14, 42, 0], [0, 46, 22, 43, 8, 7, 36, 34, 33, 5, 40, 0], [0, 30, 23, 26, 28, 2, 25, 45, 11, 39, 48, 0]]",4.70141210447764,0.13918356407832885,1.3720628976589069,0.21104464291905364,0.23466101623763436,0.16585179857271742,0.8448056358003666,0.839600960565812,0.8753786087036133
0.5,0.0,6,True,150453,5,"[[0, 13, 17, 38, 50, 37, 10, 35, 18, 12, 49, 0], [0, 20, 44, 29, 4, 32, 6, 19, 24, 41, 1, 0], [0, 46, 22, 7, 8, 43, 2, 28, 26, 23, 30, 0], [0, 14, 3, 15, 25, 11, 45, 39, 16, 42, 48, 0], [0, 27, 21, 47, 9, 31, 36, 5, 33, 34, 40, 0]]",5.31969678401947,0.16085266365137482,1.4877882552682422,0.22505482379347086,0.22054123439030504,0.20030864872527743,0.8502650182398193,0.8561273060327488,0.8753786087036133
0.5,0.0,7,True,150333,5,"[[0, 42, 14, 3, 16, 15, 11, 45, 25, 39, 48, 0], [0, 27, 21, 47, 9, 31, 36, 5, 33, 34, 40, 0], [0, 1, 41, 24, 19, 6, 32, 4, 29, 44, 20, 0], [0, 46, 22, 7, 8, 43, 2, 28, 26, 23, 30, 0], [0, 49, 12, 18, 35, 10, 37, 50, 38, 17, 13, 0]]",5.273661552811973,0.1653677792529817,1.4877882552682422,0.22505482379347086,0.22945684424565949,0.21535394382326914,0.8532297072296517,0.8594479840610191,0.8753786087036133
0.5,0.0,8,True,150481,5,"[[0, 35, 10, 37, 50, 38, 31, 9, 47, 21, 27, 0], [0, 1, 41, 24, 19, 6, 32, 4, 29, 44, 20, 0], [0, 46, 22, 43, 8, 7, 36, 5, 33, 34, 18, 0], [0, 48, 12, 49, 13, 17, 40, 14, 3, 16, 42, 0], [0, 15, 11, 39, 45, 25, 2, 28, 26, 23, 30, 0]]",4.898008574615233,0.1506375154066417,1.3006332016084343,0.21547812651842832,0.17317390272271593,0.1227743595644171,0.8453194933811261,0.8463987926358495,0.8753786087036133
0.5,0.0,9,True,150251,5,"[[0, 18, 34, 33, 5, 36, 7, 8, 43, 22, 46, 0], [0, 48, 40, 9, 31, 38, 50, 37, 10, 35, 27, 0], [0, 12, 49, 13, 17, 44, 20, 16, 3, 14, 42, 0], [0, 1, 41, 24, 19, 6, 32, 4, 29, 47, 21, 0], [0, 30, 23, 26, 28, 2, 25, 45, 11, 39, 15, 0]]",4.549258009472396,0.10105315828695893,1.1656401852378622,0.21547812651842832,0.15187569604637252,0.06680725374081789,0.8475385399267898,0.8424068522350645,0.8753786087036133
1.0,0.0,0,True,159846,5,"[[0, 48, 1, 41, 24, 19, 6, 17, 13, 12, 49, 0], [0, 46, 22, 7, 8, 43, 5, 50, 38, 44, 20, 0], [0, 40, 9, 31, 36, 33, 34, 18, 35, 10, 37, 0], [0, 15, 45, 11, 39, 32, 4, 29, 47, 21, 27, 0], [0, 42, 14, 3, 16, 25, 2, 28, 26, 23, 30, 0]]",3.5541891762113664,0.07702387370974631,1.112590603181161,0.1546035623177886,0.24077847385507556,0.09865308263149002,0.8240833131885992,0.8031485538100852,0.8629770874977112
1.0,0.0,1,True,159847,5,"[[0, 40, 9, 31, 36, 7, 8, 43, 22, 46, 15, 0], [0, 48, 1, 45, 11, 25, 2, 28, 26, 23, 30, 0], [0, 42, 14, 3, 16, 20, 44, 17, 13, 12, 49, 0], [0, 41, 24, 19, 6, 32, 4, 29, 47, 21, 27, 0], [0, 39, 38, 50, 5, 33, 34, 18, 35, 10, 37, 0]]",3.3830379328574054,0.07155038361009713,1.3535691705765203,0.16494367724018438,0.3789098730900158,0.21746327528256057,0.8103894821004463,0.7881807371267197,0.8629770874977112
1.0,0.0,2,True,160311,5,"[[0, 42, 41, 24, 19, 6, 32, 4, 29, 47, 21, 0], [0, 27, 10, 37, 13, 17, 44, 20, 16, 1, 48, 0], [0, 35, 18, 34, 33, 50, 38, 31, 9, 3, 14, 0], [0, 49, 40, 5, 36, 7, 8, 43, 22, 46, 15, 0], [0, 12, 30, 23, 26, 28, 2, 25, 39, 11, 45, 0]]",3.4729806164395995,0.08039658248205395,1.1237855735234916,0.1496653724461794,0.2916551929649669,0.13161414672541535,0.8110079019512426,0.7914851272222923,0.8629770874977112
1.0,0.0,3,True,160215,5,"[[0, 41, 24, 19, 6, 32, 4, 29, 47, 21, 27, 0], [0, 46, 22, 7, 8, 43, 9, 31, 36, 5, 40, 0], [0, 42, 16, 3, 14, 49, 12, 13, 17, 44, 20, 0], [0, 48, 1, 45, 11, 25, 2, 28, 26, 23, 30, 0], [0, 15, 39, 38, 50, 33, 34, 18, 35, 10, 37, 0]]",3.4541540681384504,0.07133674293168281,1.3535691705765203,0.16494367724018438,0.3625273027471245,0.20763600611538174,0.8037650670599967,0.782439905131954,0.8629770874977112
1.0,0.0,4,True,160311,5,"[[0, 49, 40, 5, 36, 7, 8, 43, 22, 46, 15, 0], [0, 27, 10, 37, 13, 17, 44, 20, 16, 1, 48, 0], [0, 45, 11, 39, 25, 2, 28, 26, 23, 30, 12, 0], [0, 35, 18, 34, 33, 50, 38, 31, 9, 3, 14, 0], [0, 21, 47, 29, 4, 32, 6, 19, 24, 41, 42, 0]]",3.4726834699395113,0.08039658248205395,1.1234884270234033,0.1496653724461794,0.2916116955136283,0.13156314799557728,0.811156073892954,0.7915528520919678,0.8629770874977112
1.0,0.0,5,True,159697,5,"[[0, 37, 10, 35, 18, 34, 33, 50, 38, 17, 13, 0], [0, 48, 1, 41, 24, 19, 6, 4, 32, 39, 15, 0], [0, 45, 11, 25, 2, 28, 26, 23, 30, 12, 49, 0], [0, 27, 21, 47, 29, 44, 20, 16, 3, 14, 42, 0], [0, 46, 22, 7, 8, 43, 5, 36, 31, 9, 40, 0]]",3.395873886620393,0.07022383034621414,1.0620252618100494,0.11443747603334486,0.2549871169276319,0.09641352436089558,0.8118736451840134,0.7887908346667692,0.8629770874977112
1.0,0.0,6,True,159846,5,"[[0, 49, 12, 13, 17, 6, 19, 24, 41, 1, 48, 0], [0, 20, 44, 38, 50, 33, 34, 18, 35, 10, 37, 0], [0, 15, 45, 11, 39, 32, 4, 29, 47, 21, 27, 0], [0, 42, 14, 3, 16, 25, 2, 28, 26, 23, 30, 0], [0, 40, 9, 31, 36, 5, 43, 8, 7, 22, 46, 0]]",3.210587156849215,0.06947705009952188,1.112590603181161,0.1546035623177886,0.26920312139588787,0.09824057858049805,0.8110412610019491,0.7832699758889264,0.8629770874977112
1.0,0.0,7,True,159846,5,"[[0, 48, 1, 41, 24, 19, 6, 17, 13, 12, 49, 0], [0, 27, 21, 47, 29, 4, 32, 39, 11, 45, 15, 0], [0, 42, 14, 3, 16, 25, 2, 28, 26, 23, 30, 0], [0, 20, 44, 38, 50, 33, 34, 18, 35, 10, 37, 0], [0, 40, 9, 31, 36, 5, 43, 8, 7, 22, 46, 0]]",3.210587156849215,0.06947705009952188,1.112590603181161,0.1546035623177886,0.26920312139588787,0.09824057858049805,0.8110412610019491,0.7832699758889264,0.8629770874977112
1.0,0.0,8,True,160311,5,"[[0, 35, 18, 34, 33, 50, 38, 31, 9, 3, 14, 0], [0, 15, 45, 25, 2, 28, 26, 23, 30, 12, 49, 0], [0, 27, 10, 37, 13, 17, 44, 20, 16, 1, 48, 0], [0, 21, 47, 29, 4, 32, 6, 19, 24, 41, 42, 0], [0, 39, 11, 46, 22, 43, 8, 7, 36, 5, 40, 0]]",3.4726834699395113,0.08039658248205395,1.1234884270234033,0.1316480953246355,0.2967082083368897,0.13712577673151358,0.811156073892954,0.7915528520919678,0.8629770874977112
1.0,0.0,9,True,160311,5,"[[0, 48, 1, 16, 20, 44, 17, 13, 37, 10, 27, 0], [0, 45, 11, 39, 25, 2, 28, 26, 23, 30, 12, 0], [0, 35, 18, 34, 33, 50, 38, 31, 9, 3, 14, 0], [0, 49, 40, 5, 36, 7, 8, 43, 22, 46, 15, 0], [0, 42, 41, 24, 19, 6, 32, 4, 29, 47, 21, 0]]",3.4729806164395995,0.08039658248205395,1.1237855735234916,0.1496653724461794,0.2916551929649669,0.13161414672541538,0.8110079019512426,0.7914851272222923,0.8629770874977112
2.0,0.0,0,True,175130,5,"[[0, 19, 6, 24, 41, 32, 4, 29, 47, 21, 27, 0], [0, 40, 9, 31, 36, 7, 8, 43, 22, 46, 15, 0], [0, 37, 10, 35, 18, 34, 33, 5, 50, 38, 39, 0], [0, 1, 45, 11, 25, 2, 28, 26, 23, 30, 49, 0], [0, 12, 13, 17, 44, 20, 16, 3, 14, 42, 48, 0]]",2.870458328688983,0.05644479746881284,1.086916854023002,0.1496653724461794,0.337495313404399,0.11979503586339284,0.7894767818722346,0.758003957175789,0.8629770874977112
2.0,0.0,1,True,175130,5,"[[0, 1, 45, 11, 25, 2, 28, 26, 23, 30, 48, 0], [0, 19, 6, 24, 41, 32, 4, 29, 47, 21, 27, 0], [0, 39, 38, 50, 5, 33, 34, 18, 35, 10, 37, 0], [0, 12, 49, 13, 17, 44, 20, 16, 3, 14, 42, 0], [0, 40, 9, 31, 36, 7, 8, 43, 22, 46, 15, 0]]",2.8704892097157426,0.05644479746881284,1.0908253242378123,0.11435056268237531,0.338572359483573,0.12074972161156579,0.787185203983793,0.7549462223807528,0.8629770874977112
2.0,0.0,2,True,174740,5,"[[0, 12, 37, 10, 35, 18, 34, 33, 5, 36, 20, 0], [0, 1, 11, 45, 39, 32, 4, 41, 24, 6, 19, 0], [0, 27, 21, 47, 29, 44, 17, 13, 49, 14, 42, 0], [0, 40, 9, 31, 38, 50, 43, 8, 7, 22, 46, 0], [0, 48, 15, 3, 16, 25, 2, 28, 26, 23, 30, 0]]",2.4047134727297816,0.04362466602929329,1.0996985496021807,0.18388584069907665,0.3905590499341196,0.12360664716033894,0.7422903492782853,0.6950183668109858,0.8629770874977112
2.0,0.0,3,True,175130,5,"[[0, 49, 30, 23, 26, 28, 2, 25, 11, 45, 15, 0], [0, 40, 9, 31, 36, 7, 8, 43, 22, 46, 1, 0], [0, 12, 13, 17, 44, 20, 16, 3, 14, 42, 48, 0], [0, 27, 21, 47, 29, 4, 32, 41, 24, 6, 19, 0], [0, 39, 38, 50, 5, 33, 34, 18, 35, 10, 37, 0]]",2.874976930383127,0.05644479746881284,1.058247619366739,0.1496653724461794,0.32561427718602043,0.11201192321851731,0.785775824127632,0.7507229625585736,0.8629770874977112
2.0,0.0,4,True,175410,5,"[[0, 27, 21, 47, 29, 44, 17, 13, 10, 37, 40, 0], [0, 20, 5, 50, 38, 31, 9, 3, 14, 42, 48, 0], [0, 12, 19, 6, 24, 41, 4, 32, 39, 45, 15, 0], [0, 1, 16, 11, 25, 2, 28, 26, 23, 30, 49, 0], [0, 35, 18, 34, 33, 36, 7, 8, 43, 22, 46, 0]]",2.5034365327155683,0.0544490113388747,1.0887947085429914,0.1496653724461794,0.31730057295332803,0.09774968694408893,0.7620962767424508,0.7135674311359146,0.8629770874977112
2.0,0.0,5,True,174374,5,"[[0, 27, 21, 47, 29, 44, 17, 13, 12, 49, 48, 0], [0, 46, 22, 7, 8, 43, 9, 31, 36, 5, 20, 0], [0, 1, 45, 39, 32, 4, 41, 24, 6, 19, 40, 0], [0, 42, 16, 15, 11, 25, 2, 28, 26, 23, 30, 0], [0, 14, 3, 38, 50, 33, 34, 18, 35, 10, 37, 0]]",2.4764838680566754,0.04776891082939175,1.107965838338714,0.1546035623177886,0.35614037805242904,0.11213450905414328,0.7536624007971628,0.7062832387012686,0.8629770874977112
2.0,0.0,6,True,175332,5,"[[0, 15, 39, 32, 4, 41, 24, 6, 19, 40, 49, 0], [0, 11, 46, 22, 7, 8, 43, 33, 34, 18, 35, 0], [0, 48, 27, 10, 37, 13, 17, 44, 29, 47, 21, 0], [0, 42, 14, 3, 9, 31, 38, 50, 36, 5, 20, 0], [0, 1, 16, 45, 25, 2, 28, 26, 23, 30, 12, 0]]",2.6776880377728958,0.059843111550435424,1.098511572694406,0.1496653724461794,0.2888567542019893,0.09102386551118638,0.7720684915308529,0.7293379635083235,0.8629770874977112
2.0,0.0,7,True,175130,5,"[[0, 15, 45, 11, 25, 2, 28, 26, 23, 30, 48, 0], [0, 40, 9, 31, 36, 7, 8, 43, 22, 46, 1, 0], [0, 39, 38, 50, 5, 33, 34, 18, 35, 10, 37, 0], [0, 19, 6, 24, 41, 32, 4, 29, 47, 21, 27, 0], [0, 42, 14, 3, 16, 20, 44, 17, 13, 12, 49, 0]]",2.870786356215831,0.05644479746881284,1.0621560895815492,0.11435056268237531,0.32655346190714574,0.11243236344230578,0.7870086518846562,0.7548680801577171,0.8629770874977112
2.0,0.0,8,True,175130,5,"[[0, 39, 38, 50, 5, 33, 34, 18, 35, 10, 37, 0], [0, 40, 9, 31, 36, 7, 8, 43, 22, 46, 15, 0], [0, 42, 14, 3, 16, 20, 44, 17, 13, 12, 48, 0], [0, 1, 45, 11, 25, 2, 28, 26, 23, 30, 49, 0], [0, 19, 6, 24, 41, 32, 4, 29, 47, 21, 27, 0]]",2.870786356215831,0.05644479746881284,1.086916854023002,0.1496653724461794,0.33744814424668945,0.11977795266286786,0.7870086518846562,0.7548680801577171,0.8629770874977112
2.0,0.0,9,True,174828,5,"[[0, 15, 3, 14, 13, 17, 44, 29, 47, 21, 27, 0], [0, 42, 16, 45, 39, 32, 4, 41, 24, 6, 19, 0], [0, 1, 11, 25, 2, 28, 26, 23, 30, 49, 12, 0], [0, 20, 36, 5, 33, 34, 18, 35, 10, 37, 48, 0], [0, 46, 22, 7, 8, 43, 50, 38, 31, 9, 40, 0]]",2.7589014068071265,0.05144735468694797,1.092358016059734,0.11443747603334486,0.29887931522942024,0.09555839260554914,0.7651245982108719,0.7261677113332897,0.8629770874977112
