beta,lambda_concentration,seed,is_feasible,pyvrp_cost,num_routes,routes,global_risk,global_cvar90,max_vehicle_risk,max_vehicle_cvar90,vehicle_risk_gini,risk_variance,edge_burden_gini_used,top10_burden_share,max_edge_burden
0.0,0.0,0,True,145999,5,"[[0, 44, 14, 3, 15, 41, 11, 1, 37, 38, 50, 0], [0, 42, 7, 8, 34, 17, 9, 47, 43, 26, 33, 0], [0, 45, 12, 13, 24, 32, 46, 23, 10, 18, 19, 0], [0, 40, 25, 20, 35, 4, 16, 28, 30, 21, 29, 0], [0, 36, 31, 6, 22, 2, 48, 5, 39, 49, 27, 0]]",9.372053612773016,0.26653581598657183,3.1838464580941945,0.470586155851682,0.2155621173906297,0.5677319879297886,0.8790687785875939,0.9054451457520561,1.1597678661346436
0.0,0.0,1,True,145999,5,"[[0, 6, 22, 5, 2, 48, 43, 9, 47, 31, 36, 0], [0, 12, 45, 13, 24, 32, 46, 23, 10, 18, 19, 0], [0, 27, 49, 39, 17, 34, 8, 7, 30, 21, 29, 0], [0, 33, 26, 28, 16, 4, 35, 20, 25, 40, 44, 0], [0, 14, 3, 15, 42, 41, 11, 1, 37, 38, 50, 0]]",10.33348977748392,0.2791463261579766,3.28774332778994,0.5033844659725825,0.20914646173546192,0.6136171386828397,0.8883402802007851,0.9142852491478998,1.7231813669204712
0.0,0.0,2,True,146664,5,"[[0, 27, 49, 39, 17, 34, 8, 7, 16, 12, 45, 0], [0, 35, 4, 6, 22, 5, 43, 47, 9, 31, 36, 0], [0, 33, 26, 28, 30, 48, 2, 20, 25, 40, 19, 0], [0, 14, 3, 15, 42, 41, 11, 1, 37, 38, 50, 0], [0, 29, 21, 18, 10, 23, 46, 32, 24, 13, 44, 0]]",8.348095948327682,0.25117339451486864,2.953194248926593,0.4776504337787628,0.23352554155869076,0.5380729916000291,0.880647105610532,0.9015714324356865,1.1597678661346436
0.0,0.0,3,True,146664,5,"[[0, 44, 50, 38, 37, 1, 41, 11, 15, 3, 14, 0], [0, 19, 18, 21, 29, 10, 23, 46, 32, 24, 13, 0], [0, 45, 12, 42, 7, 8, 34, 17, 39, 49, 27, 0], [0, 16, 35, 4, 6, 22, 5, 30, 28, 26, 33, 0], [0, 40, 25, 20, 2, 48, 43, 47, 9, 31, 36, 0]]",10.300608751211257,0.26315789449856514,3.143650711630471,0.48434223731358844,0.2182434364501764,0.7529056131538099,0.87628289435924,0.9113305456656305,1.1597678661346436
0.0,0.0,4,True,147330,5,"[[0, 36, 31, 9, 47, 43, 48, 2, 20, 25, 40, 0], [0, 45, 12, 13, 24, 32, 46, 23, 10, 29, 44, 0], [0, 14, 3, 15, 42, 11, 41, 1, 37, 38, 50, 0], [0, 21, 35, 4, 6, 22, 5, 30, 28, 26, 33, 0], [0, 27, 49, 39, 17, 34, 8, 7, 16, 18, 19, 0]]",9.506310087076798,0.2556414202896549,3.144751688814722,0.4281728148460388,0.23521282327413884,0.6426868037807673,0.8815749263462971,0.9106704609707816,1.1597678661346436
0.0,0.0,5,True,147330,5,"[[0, 27, 49, 39, 48, 2, 43, 9, 47, 31, 36, 0], [0, 14, 3, 15, 42, 11, 41, 1, 37, 38, 50, 0], [0, 33, 26, 28, 30, 8, 17, 34, 7, 16, 45, 0], [0, 12, 35, 4, 6, 22, 5, 20, 25, 40, 44, 0], [0, 29, 21, 13, 24, 32, 46, 23, 10, 18, 19, 0]]",9.957085954592912,0.32366107776761055,3.687386416189838,0.42202026148637134,0.22189960986286916,0.7978076091552705,0.8719311257307258,0.8888482413594423,1.1597678661346436
0.0,0.0,6,True,147330,5,"[[0, 50, 38, 37, 1, 41, 11, 15, 3, 14, 45, 0], [0, 36, 31, 9, 47, 43, 2, 48, 39, 49, 27, 0], [0, 40, 25, 20, 5, 22, 6, 4, 35, 16, 12, 0], [0, 13, 24, 32, 46, 23, 10, 29, 21, 18, 19, 0], [0, 42, 7, 34, 17, 8, 30, 28, 26, 33, 44, 0]]",10.272081885566877,0.33468071607473704,3.2514129188493825,0.40614862491687137,0.20247847126369267,0.5865696093513287,0.8763714567661645,0.9114337102179848,1.1597678661346436
0.0,0.0,7,True,146664,5,"[[0, 19, 18, 10, 23, 46, 32, 24, 13, 21, 29, 0], [0, 33, 26, 28, 30, 5, 22, 6, 4, 35, 44, 0], [0, 12, 45, 16, 7, 8, 34, 17, 39, 49, 27, 0], [0, 40, 25, 20, 2, 48, 43, 47, 9, 31, 36, 0], [0, 14, 3, 15, 42, 11, 41, 1, 37, 38, 50, 0]]",9.545901549441624,0.2719186177419033,3.143650711630471,0.38798852264881134,0.16769459623043947,0.416650029505201,0.8744130043346123,0.9060954831361657,1.1597678661346436
0.0,0.0,8,True,147330,5,"[[0, 14, 3, 15, 42, 11, 41, 1, 37, 38, 50, 0], [0, 12, 45, 13, 46, 23, 10, 29, 21, 18, 19, 0], [0, 32, 24, 6, 22, 5, 48, 2, 20, 25, 40, 0], [0, 36, 31, 47, 9, 43, 30, 28, 26, 33, 44, 0], [0, 27, 49, 39, 17, 34, 8, 7, 16, 4, 35, 0]]",10.548674950536224,0.34533937914030893,2.7717126610441483,0.36826672817447353,0.13220210108877484,0.2615626815608478,0.8779189916534491,0.9046475152505303,1.1597678661346436
0.0,0.0,9,True,145999,5,"[[0, 14, 3, 15, 42, 41, 11, 1, 37, 38, 50, 0], [0, 27, 49, 39, 17, 34, 8, 7, 30, 21, 29, 0], [0, 12, 45, 13, 24, 32, 46, 23, 10, 18, 19, 0], [0, 44, 40, 25, 20, 35, 4, 16, 28, 26, 33, 0], [0, 6, 22, 5, 48, 2, 43, 47, 9, 31, 36, 0]]",10.332455587595177,0.2791463261579766,3.28774332778994,0.5033844659725825,0.20912735893866508,0.6135215278151731,0.8880317037071341,0.9143767612334905,1.7231813669204712
1.5,1.0,0,True,203511,5,"[[0, 36, 31, 46, 32, 24, 6, 22, 5, 16, 19, 0], [0, 44, 1, 2, 48, 47, 9, 28, 30, 26, 33, 0], [0, 27, 49, 37, 4, 40, 25, 20, 35, 43, 29, 0], [0, 15, 3, 34, 17, 39, 8, 7, 42, 41, 11, 0], [0, 50, 38, 14, 13, 23, 10, 18, 21, 45, 12, 0]]",2.9823793259842546,0.06597001449854085,1.235282149456907,0.09590788413253096,0.41426462748254433,0.21539451707684937,0.7969556869117687,0.7403281792424508,0.6248788237571716
1.5,1.0,1,True,203511,5,"[[0, 44, 33, 26, 30, 28, 9, 47, 48, 2, 1, 0], [0, 36, 31, 46, 32, 24, 6, 22, 5, 16, 19, 0], [0, 50, 38, 14, 45, 12, 13, 23, 10, 18, 21, 0], [0, 29, 43, 35, 20, 25, 40, 4, 37, 49, 27, 0], [0, 15, 3, 34, 17, 39, 8, 7, 42, 11, 41, 0]]",2.9823793259842546,0.06597001449854085,1.235282149456907,0.09590788413253096,0.41426462748254433,0.21539451707684937,0.7969556869117687,0.7403281792424508,0.6248788237571716
1.5,1.0,2,True,203511,5,"[[0, 29, 43, 35, 20, 25, 40, 4, 37, 49, 27, 0], [0, 1, 2, 48, 9, 47, 28, 30, 26, 33, 44, 0], [0, 12, 13, 23, 10, 18, 21, 45, 14, 38, 50, 0], [0, 15, 3, 34, 17, 39, 8, 7, 42, 41, 11, 0], [0, 19, 16, 5, 22, 6, 24, 32, 46, 31, 36, 0]]",2.9812783488000036,0.06597001449854085,1.235282149456907,0.09590788413253096,0.4145653329759318,0.2155880769343314,0.7974152590964729,0.7406015802264722,0.6248788237571716
1.5,1.0,3,True,204184,5,"[[0, 50, 38, 14, 3, 47, 9, 28, 30, 26, 33, 0], [0, 44, 19, 10, 18, 21, 24, 32, 46, 31, 36, 0], [0, 1, 2, 48, 34, 17, 39, 8, 23, 13, 12, 0], [0, 29, 43, 35, 20, 25, 40, 4, 37, 49, 27, 0], [0, 45, 6, 22, 5, 16, 7, 42, 41, 11, 15, 0]]",2.987768531432465,0.06597001449854085,1.235282149456907,0.09909778088331223,0.37865307297978057,0.17004582350252703,0.8006293738761288,0.7437564514142228,0.6248788237571716
1.5,1.0,4,True,203761,5,"[[0, 50, 44, 36, 31, 47, 9, 28, 30, 26, 33, 0], [0, 12, 13, 23, 10, 18, 21, 42, 11, 41, 15, 0], [0, 45, 6, 22, 5, 46, 32, 24, 37, 49, 27, 0], [0, 1, 2, 48, 34, 17, 39, 8, 7, 16, 19, 0], [0, 38, 14, 3, 20, 25, 40, 4, 35, 43, 29, 0]]",3.10432355715713,0.061756743319533965,0.8804456314828712,0.10300459446651596,0.22801627119551737,0.07146552269795266,0.7943844143708412,0.7412403385130222,0.6248788237571716
1.5,1.0,5,True,204057,5,"[[0, 11, 41, 35, 43, 4, 40, 25, 20, 3, 15, 0], [0, 27, 49, 37, 24, 32, 46, 5, 16, 7, 42, 0], [0, 1, 2, 48, 47, 9, 28, 30, 26, 33, 44, 0], [0, 13, 23, 8, 39, 17, 34, 22, 6, 31, 36, 0], [0, 50, 38, 14, 45, 12, 21, 18, 10, 29, 19, 0]]",2.944473669112284,0.06632449693279341,1.0698949625293608,0.10250547980623585,0.31558762889473657,0.11193488742566096,0.7927812432662584,0.7390064997581748,0.6248788237571716
1.5,1.0,6,True,203511,5,"[[0, 12, 13, 23, 10, 18, 21, 45, 14, 38, 50, 0], [0, 41, 11, 42, 7, 8, 39, 17, 34, 3, 15, 0], [0, 19, 16, 5, 22, 6, 24, 32, 46, 31, 36, 0], [0, 33, 26, 30, 28, 9, 47, 48, 2, 1, 44, 0], [0, 29, 43, 35, 20, 25, 40, 4, 37, 49, 27, 0]]",2.9812783488000036,0.06597001449854085,1.235282149456907,0.09590788413253096,0.4145653329759318,0.2155880769343314,0.7974152590964729,0.7406015802264722,0.6248788237571716
1.5,1.0,7,True,203761,5,"[[0, 12, 13, 23, 10, 18, 21, 42, 11, 41, 15, 0], [0, 27, 49, 37, 24, 32, 46, 5, 22, 6, 45, 0], [0, 19, 16, 7, 8, 39, 17, 34, 48, 2, 1, 0], [0, 29, 43, 35, 4, 40, 25, 20, 3, 14, 38, 0], [0, 36, 31, 9, 47, 28, 30, 26, 33, 50, 44, 0]]",3.10432355715713,0.061756743319533965,0.8804456314828712,0.10300459446651596,0.22801627119551737,0.07146552269795266,0.7943844143708412,0.7412403385130222,0.6248788237571716
1.5,1.0,8,True,204057,5,"[[0, 19, 29, 10, 18, 21, 12, 45, 14, 38, 50, 0], [0, 11, 41, 35, 43, 4, 40, 25, 20, 3, 15, 0], [0, 33, 26, 30, 28, 47, 9, 48, 2, 1, 44, 0], [0, 42, 7, 16, 5, 46, 32, 24, 37, 49, 27, 0], [0, 13, 23, 8, 39, 17, 34, 22, 6, 31, 36, 0]]",2.9472693750915084,0.06632449693279341,1.0698949625293608,0.10250547980623585,0.31528827036696616,0.11196261493900372,0.7917003728536363,0.738305496684781,0.6248788237571716
1.5,1.0,9,True,204057,5,"[[0, 50, 38, 14, 45, 12, 21, 18, 10, 29, 19, 0], [0, 33, 26, 30, 28, 9, 47, 48, 2, 1, 44, 0], [0, 36, 31, 6, 22, 34, 17, 39, 8, 23, 13, 0], [0, 15, 3, 20, 25, 40, 4, 43, 35, 11, 41, 0], [0, 42, 7, 16, 5, 46, 32, 24, 37, 49, 27, 0]]",2.945574646296535,0.06632449693279341,1.0698949625293608,0.10250547980623585,0.3151706520145241,0.1117635406749812,0.792319247359472,0.7387302788529366,0.6248788237571716
