beta,lambda_concentration,seed,is_feasible,pyvrp_cost,num_routes,routes,global_risk,global_cvar90,max_vehicle_risk,max_vehicle_cvar90,vehicle_risk_gini,risk_variance,edge_burden_gini_used,top10_burden_share,max_edge_burden
0.0,0.0,0,True,133997,5,"[[0, 14, 42, 41, 1, 45, 11, 15, 3, 16, 48, 0], [0, 18, 32, 4, 29, 19, 6, 24, 40, 20, 44, 0], [0, 27, 35, 5, 36, 28, 26, 23, 30, 12, 49, 0], [0, 46, 22, 7, 8, 43, 33, 34, 2, 25, 39, 0], [0, 17, 13, 10, 37, 50, 38, 31, 9, 47, 21, 0]]",6.634845473957766,0.17773415658542602,2.0562819627413385,0.2996490619001784,0.1499288456233665,0.15125811249513893,0.8435197219092885,0.8756759591122621,0.8520433333655847
0.0,0.0,1,True,133997,5,"[[0, 17, 13, 10, 37, 50, 38, 31, 9, 47, 21, 0], [0, 18, 32, 4, 29, 6, 19, 24, 40, 20, 44, 0], [0, 14, 42, 41, 1, 11, 45, 15, 3, 16, 48, 0], [0, 46, 22, 7, 8, 43, 33, 34, 2, 25, 39, 0], [0, 27, 35, 5, 36, 28, 26, 23, 30, 12, 49, 0]]",6.634845473957766,0.177734156585426,2.056281962741339,0.2996490619001784,0.14992884562336628,0.15125811249513907,0.8435197219092883,0.8756759591122619,0.8520433333655847
0.0,0.0,2,True,133998,5,"[[0, 16, 3, 15, 45, 11, 1, 41, 42, 14, 48, 0], [0, 25, 2, 34, 33, 43, 8, 7, 22, 46, 39, 0], [0, 38, 31, 9, 47, 21, 27, 23, 30, 49, 12, 0], [0, 26, 28, 36, 5, 35, 10, 37, 50, 13, 17, 0], [0, 44, 20, 40, 24, 6, 19, 29, 4, 32, 18, 0]]",8.311999275849818,0.28691105418772467,2.582291410542938,0.4448453230480786,0.24516401938333088,0.5322352656365046,0.8530593655963616,0.8757537853407523,0.8569298610720119
0.0,0.0,3,True,133998,5,"[[0, 12, 49, 30, 23, 26, 28, 36, 5, 20, 44, 0], [0, 14, 42, 41, 1, 45, 11, 15, 3, 16, 48, 0], [0, 27, 35, 10, 37, 50, 38, 31, 9, 47, 21, 0], [0, 25, 2, 34, 33, 43, 8, 7, 22, 46, 39, 0], [0, 18, 32, 4, 29, 19, 6, 24, 40, 13, 17, 0]]",6.116587982561919,0.17220696095070062,2.1109833247137173,0.31992902690766917,0.24789665192575172,0.30049211440163515,0.8418343394511225,0.869331525759304,0.8520433333655847
0.0,0.0,4,True,133997,5,"[[0, 48, 14, 42, 41, 1, 45, 11, 15, 3, 16, 0], [0, 44, 20, 40, 24, 19, 6, 4, 32, 29, 12, 0], [0, 25, 2, 34, 33, 43, 8, 7, 22, 46, 39, 0], [0, 27, 35, 5, 36, 28, 26, 23, 30, 18, 49, 0], [0, 17, 13, 10, 37, 50, 38, 31, 9, 47, 21, 0]]",7.45082581064768,0.19163511834695787,3.034227100732495,0.5606574635838317,0.29796628144859105,0.712953272428312,0.8666182753793776,0.8927838091836734,1.7040866667311694
0.0,0.0,5,True,133999,5,"[[0, 16, 3, 14, 42, 41, 1, 45, 39, 11, 15, 0], [0, 18, 32, 4, 29, 6, 19, 24, 40, 20, 44, 0], [0, 25, 2, 34, 33, 35, 10, 37, 50, 13, 17, 0], [0, 46, 22, 7, 8, 43, 5, 36, 28, 26, 12, 0], [0, 48, 38, 31, 9, 47, 21, 27, 23, 30, 49, 0]]",8.616107042043463,0.2878743610867485,2.056281962741339,0.3452467936505614,0.09139207984256581,0.09722187252726577,0.8516425493576494,0.8651392139254982,0.8569298610720119
0.0,0.0,6,True,133997,5,"[[0, 16, 3, 14, 42, 41, 1, 45, 11, 39, 48, 0], [0, 15, 46, 22, 7, 8, 43, 17, 13, 18, 49, 0], [0, 27, 35, 10, 37, 50, 38, 31, 9, 47, 21, 0], [0, 12, 29, 4, 32, 6, 19, 24, 40, 20, 44, 0], [0, 25, 2, 34, 33, 5, 36, 28, 26, 23, 30, 0]]",7.826724304379209,0.21447799977345364,2.0763458876779444,0.3874140517859487,0.14523194218220725,0.16846891767546535,0.8741159639998053,0.903194979447746,1.7040866667311694
0.0,0.0,7,True,133998,5,"[[0, 13, 17, 43, 33, 34, 5, 2, 25, 45, 11, 0], [0, 16, 1, 41, 42, 12, 49, 14, 3, 15, 48, 0], [0, 44, 20, 40, 24, 19, 6, 29, 4, 32, 18, 0], [0, 30, 23, 26, 28, 36, 8, 7, 22, 46, 39, 0], [0, 21, 47, 9, 31, 38, 50, 37, 10, 35, 27, 0]]",7.756615316715473,0.20574623832332145,2.3086554837282582,0.29468517179898374,0.19794565342112636,0.32913553053900985,0.8509178694567592,0.8814385291594317,0.8569298610720119
0.0,0.0,8,True,133998,5,"[[0, 48, 14, 42, 41, 1, 45, 11, 15, 3, 16, 0], [0, 49, 18, 12, 29, 32, 4, 6, 19, 24, 40, 0], [0, 44, 20, 34, 33, 5, 36, 28, 26, 23, 30, 0], [0, 17, 13, 37, 10, 35, 22, 43, 8, 7, 46, 0], [0, 27, 21, 47, 9, 31, 38, 50, 2, 25, 39, 0]]",7.494602412147483,0.1873600807224435,2.8003703424727076,0.5139746173473759,0.21338298526937738,0.45539069607177607,0.8659443210633135,0.8903169837217728,1.7040866667311694
0.0,0.0,9,True,133997,5,"[[0, 48, 15, 45, 11, 1, 41, 42, 14, 3, 16, 0], [0, 27, 35, 5, 36, 28, 26, 23, 30, 12, 49, 0], [0, 21, 47, 9, 31, 38, 50, 37, 10, 13, 17, 0], [0, 25, 2, 34, 33, 43, 8, 7, 22, 46, 39, 0], [0, 44, 20, 40, 24, 6, 19, 29, 4, 32, 18, 0]]",6.309831543563728,0.1787064784100881,2.1648627376537815,0.2996490619001784,0.2257293026448255,0.2782729820737751,0.8447627111817821,0.873904936180805,0.8520433333655847
1.0,0.0,0,True,157441,5,"[[0, 15, 16, 11, 45, 25, 2, 28, 26, 23, 30, 0], [0, 48, 49, 12, 40, 37, 10, 13, 17, 44, 20, 0], [0, 14, 3, 38, 50, 5, 36, 31, 9, 47, 21, 0], [0, 42, 41, 24, 19, 6, 29, 4, 32, 39, 1, 0], [0, 46, 22, 7, 8, 43, 33, 34, 18, 35, 27, 0]]",2.986468800006996,0.06834788592144865,0.981663091122741,0.13847226702613716,0.2214994528872165,0.062260537686062836,0.7616764685950226,0.7577014323588241,0.42741578143461395
1.0,0.0,1,True,157441,5,"[[0, 14, 3, 38, 50, 5, 43, 8, 7, 22, 46, 0], [0, 48, 49, 12, 40, 37, 10, 13, 17, 44, 20, 0], [0, 1, 39, 32, 4, 29, 6, 19, 24, 41, 42, 0], [0, 27, 35, 18, 34, 33, 36, 31, 9, 47, 21, 0], [0, 30, 23, 26, 28, 2, 25, 11, 45, 16, 15, 0]]",2.5659042098908973,0.05712701418666223,0.9817006120853433,0.07955627564627382,0.30789010313567045,0.08134381161072304,0.7305154355512296,0.7192516761928689,0.317320633903236
1.0,0.0,2,True,157428,5,"[[0, 20, 44, 17, 13, 10, 37, 40, 12, 49, 48, 0], [0, 27, 35, 18, 34, 33, 5, 50, 38, 3, 14, 0], [0, 11, 39, 32, 4, 29, 6, 19, 24, 41, 42, 0], [0, 21, 47, 9, 31, 36, 7, 8, 43, 22, 46, 0], [0, 30, 23, 26, 28, 2, 25, 45, 15, 16, 1, 0]]",2.7754316449847076,0.06193664991788857,0.9392747179045009,0.12726612907669516,0.200746381330412,0.04481371666752497,0.7449316799398735,0.7393718877545676,0.317320633903236
1.0,0.0,3,True,157441,5,"[[0, 48, 49, 12, 40, 37, 10, 13, 17, 44, 20, 0], [0, 46, 22, 7, 8, 43, 33, 34, 18, 35, 27, 0], [0, 1, 39, 32, 4, 29, 6, 19, 24, 41, 42, 0], [0, 21, 47, 9, 31, 36, 5, 50, 38, 3, 14, 0], [0, 30, 23, 26, 28, 2, 25, 45, 11, 16, 15, 0]]",2.986506320969598,0.06834788592144865,0.9817006120853433,0.13847226702613716,0.22150672087698786,0.06226630667423385,0.7616559547856692,0.7576919129793046,0.42741578143461395
1.0,0.0,4,True,157428,5,"[[0, 14, 3, 38, 50, 5, 33, 34, 18, 35, 27, 0], [0, 1, 16, 15, 45, 25, 2, 28, 26, 23, 30, 0], [0, 11, 39, 32, 4, 29, 6, 19, 24, 41, 42, 0], [0, 21, 47, 9, 31, 36, 7, 8, 43, 22, 46, 0], [0, 20, 44, 17, 13, 10, 37, 40, 12, 49, 48, 0]]",2.772892132857125,0.06193664991788858,0.9392747179045009,0.12726612907669516,0.20129656599245216,0.04498270031038892,0.7451584163698064,0.7400490305303344,0.317320633903236
1.0,0.0,5,True,157428,5,"[[0, 30, 23, 26, 28, 2, 25, 45, 15, 16, 1, 0], [0, 46, 22, 43, 8, 7, 36, 31, 9, 47, 21, 0], [0, 27, 35, 18, 34, 33, 5, 50, 38, 3, 14, 0], [0, 20, 44, 17, 13, 10, 37, 40, 12, 49, 48, 0], [0, 11, 39, 32, 4, 29, 6, 19, 24, 41, 42, 0]]",2.7754316449847067,0.06193664991788857,0.9392747179045009,0.12726612907669516,0.20074638133041223,0.04481371666752498,0.7449316799398735,0.7393718877545676,0.317320633903236
1.0,0.0,6,True,157610,5,"[[0, 37, 10, 35, 18, 34, 33, 36, 31, 9, 40, 0], [0, 27, 21, 47, 29, 4, 32, 39, 11, 16, 15, 0], [0, 14, 3, 38, 50, 5, 43, 8, 7, 22, 46, 0], [0, 12, 49, 30, 23, 26, 28, 2, 25, 45, 1, 0], [0, 20, 44, 17, 13, 19, 6, 24, 41, 42, 48, 0]]",2.3605856714771027,0.044416982601549186,0.8440091362288574,0.08082469912060296,0.3253513056816908,0.07664198182544676,0.710790954147644,0.6907588175922287,0.317320633903236
1.0,0.0,7,True,157428,5,"[[0, 42, 16, 15, 11, 25, 2, 28, 26, 23, 30, 0], [0, 46, 22, 43, 8, 7, 36, 31, 9, 47, 21, 0], [0, 1, 41, 24, 19, 6, 29, 4, 32, 39, 45, 0], [0, 20, 44, 17, 13, 10, 37, 40, 12, 49, 48, 0], [0, 27, 35, 18, 34, 33, 5, 50, 38, 3, 14, 0]]",2.775394124022105,0.06193664991788855,0.8207404847308348,0.08024211205505917,0.16658191671590417,0.028749561958999987,0.7463418949100233,0.7412831846216962,0.317320633903236
1.0,0.0,8,True,157428,5,"[[0, 42, 41, 24, 19, 6, 29, 4, 32, 39, 45, 0], [0, 27, 35, 18, 34, 33, 5, 50, 38, 3, 14, 0], [0, 21, 47, 9, 31, 36, 7, 8, 43, 22, 46, 0], [0, 1, 16, 15, 11, 25, 2, 28, 26, 23, 30, 0], [0, 20, 44, 17, 13, 10, 37, 40, 12, 49, 48, 0]]",2.7753941240221045,0.06193664991788857,0.948656943440274,0.12726612907669513,0.20345349689322645,0.04656646843695026,0.7449533883978339,0.7393818834321938,0.317320633903236
1.0,0.0,9,True,157441,5,"[[0, 48, 49, 12, 40, 37, 10, 13, 17, 44, 20, 0], [0, 1, 39, 32, 4, 29, 6, 19, 24, 41, 42, 0], [0, 15, 16, 45, 11, 25, 2, 28, 26, 23, 30, 0], [0, 46, 22, 7, 8, 43, 5, 50, 38, 3, 14, 0], [0, 21, 47, 9, 31, 36, 33, 34, 18, 35, 27, 0]]",2.9865063209695983,0.06834788592144865,0.9817006120853433,0.07955627564627382,0.1961141014333081,0.047144000202976336,0.7616559547856692,0.7576919129793046,0.42741578143461395
