beta,lambda_concentration,seed,is_feasible,pyvrp_cost,num_routes,routes,global_risk,global_cvar90,max_vehicle_risk,max_vehicle_cvar90,vehicle_risk_gini,risk_variance,edge_burden_gini_used,top10_burden_share,max_edge_burden
0.0,0.0,0,True,133997,5,"[[0, 14, 42, 41, 1, 45, 11, 15, 3, 16, 48, 0], [0, 18, 32, 4, 29, 19, 6, 24, 40, 20, 44, 0], [0, 27, 35, 5, 36, 28, 26, 23, 30, 12, 49, 0], [0, 46, 22, 7, 8, 43, 33, 34, 2, 25, 39, 0], [0, 17, 13, 10, 37, 50, 38, 31, 9, 47, 21, 0]]",7.85024302880629,0.23499939922864238,2.0883469859836623,0.31803689322744805,0.08853012685779604,0.07554661130523961,0.8679131823519737,0.8935055354451641,1.0399389266967773
0.0,0.0,1,True,133997,5,"[[0, 17, 13, 10, 37, 50, 38, 31, 9, 47, 21, 0], [0, 18, 32, 4, 29, 6, 19, 24, 40, 20, 44, 0], [0, 14, 42, 41, 1, 11, 45, 15, 3, 16, 48, 0], [0, 46, 22, 7, 8, 43, 33, 34, 2, 25, 39, 0], [0, 27, 35, 5, 36, 28, 26, 23, 30, 12, 49, 0]]",7.85024302880629,0.23499939922864238,2.0883469859836623,0.31803689322744805,0.08853012685779604,0.07554661130523961,0.8679131823519737,0.8935055354451641,1.0399389266967773
0.0,0.0,2,True,133998,5,"[[0, 16, 3, 15, 45, 11, 1, 41, 42, 14, 48, 0], [0, 25, 2, 34, 33, 43, 8, 7, 22, 46, 39, 0], [0, 38, 31, 9, 47, 21, 27, 23, 30, 49, 12, 0], [0, 26, 28, 36, 5, 35, 10, 37, 50, 13, 17, 0], [0, 44, 20, 40, 24, 6, 19, 29, 4, 32, 18, 0]]",10.266845098085469,0.3491612333390448,2.91276155365631,0.4812774121761322,0.17843765593679617,0.4244118238866078,0.8726260235159948,0.9040535365674784,1.0399389266967773
0.0,0.0,3,True,133998,5,"[[0, 12, 49, 30, 23, 26, 28, 36, 5, 20, 44, 0], [0, 14, 42, 41, 1, 45, 11, 15, 3, 16, 48, 0], [0, 27, 35, 10, 37, 50, 38, 31, 9, 47, 21, 0], [0, 25, 2, 34, 33, 43, 8, 7, 22, 46, 39, 0], [0, 18, 32, 4, 29, 19, 6, 24, 40, 13, 17, 0]]",7.446947182965232,0.22197618673865993,2.1593074508709833,0.24644695047754794,0.14952648414428737,0.16901128658187572,0.8699037547323045,0.8917811066136908,1.0399389266967773
0.0,0.0,4,True,133997,5,"[[0, 48, 14, 42, 41, 1, 45, 11, 15, 3, 16, 0], [0, 44, 20, 40, 24, 19, 6, 4, 32, 29, 12, 0], [0, 25, 2, 34, 33, 43, 8, 7, 22, 46, 39, 0], [0, 27, 35, 5, 36, 28, 26, 23, 30, 18, 49, 0], [0, 17, 13, 10, 37, 50, 38, 31, 9, 47, 21, 0]]",8.621741358743748,0.2527018959724134,3.102484149567317,0.5819867610931396,0.19683500944688959,0.5007399703989235,0.8835909463397367,0.9054744118473659,1.7507572174072266
0.0,0.0,5,True,133999,5,"[[0, 16, 3, 14, 42, 41, 1, 45, 39, 11, 15, 0], [0, 18, 32, 4, 29, 6, 19, 24, 40, 20, 44, 0], [0, 25, 2, 34, 33, 35, 10, 37, 50, 13, 17, 0], [0, 46, 22, 7, 8, 43, 5, 36, 28, 26, 12, 0], [0, 48, 38, 31, 9, 47, 21, 27, 23, 30, 49, 0]]",10.143829275941243,0.34453098889854217,2.5856676617404446,0.4196340716443956,0.09548053481245367,0.12310173508308024,0.8701491679318201,0.8980623575498252,1.0399389266967773
0.0,0.0,6,True,133997,5,"[[0, 16, 3, 14, 42, 41, 1, 45, 11, 39, 48, 0], [0, 15, 46, 22, 7, 8, 43, 17, 13, 18, 49, 0], [0, 27, 35, 10, 37, 50, 38, 31, 9, 47, 21, 0], [0, 12, 29, 4, 32, 6, 19, 24, 40, 20, 44, 0], [0, 25, 2, 34, 33, 5, 36, 28, 26, 23, 30, 0]]",8.80740955969668,0.25899496788699783,2.1338233714632224,0.4657706618309021,0.12359279818432278,0.17144826560616247,0.8881505530061382,0.9124922238786993,1.7507572174072266
0.0,0.0,7,True,133998,5,"[[0, 13, 17, 43, 33, 34, 5, 2, 25, 45, 11, 0], [0, 16, 1, 41, 42, 12, 49, 14, 3, 15, 48, 0], [0, 44, 20, 40, 24, 19, 6, 29, 4, 32, 18, 0], [0, 30, 23, 26, 28, 36, 8, 7, 22, 46, 39, 0], [0, 21, 47, 9, 31, 38, 50, 37, 10, 35, 27, 0]]",9.09269888306153,0.2445341876214918,2.6520984876260627,0.3905004900880158,0.19803130700890215,0.4375348990519868,0.8694259283502148,0.8996978836799923,1.0399389266967773
0.0,0.0,8,True,133998,5,"[[0, 48, 14, 42, 41, 1, 45, 11, 15, 3, 16, 0], [0, 49, 18, 12, 29, 32, 4, 6, 19, 24, 40, 0], [0, 44, 20, 34, 33, 5, 36, 28, 26, 23, 30, 0], [0, 17, 13, 37, 10, 35, 22, 43, 8, 7, 46, 0], [0, 27, 21, 47, 9, 31, 38, 50, 2, 25, 39, 0]]",8.539432321063941,0.295799915248958,2.531829452898819,0.45586167871952055,0.14769653695647,0.22110220594237157,0.8827214085031907,0.8995923615068862,1.7507572174072266
0.0,0.0,9,True,133997,5,"[[0, 48, 15, 45, 11, 1, 41, 42, 14, 3, 16, 0], [0, 27, 35, 5, 36, 28, 26, 23, 30, 12, 49, 0], [0, 21, 47, 9, 31, 38, 50, 37, 10, 13, 17, 0], [0, 25, 2, 34, 33, 43, 8, 7, 22, 46, 39, 0], [0, 44, 20, 40, 24, 6, 19, 29, 4, 32, 18, 0]]",7.8972869814315345,0.25346819614060223,2.5185993015766144,0.3905004900880158,0.1576676952776117,0.2447651145477648,0.8736052209341791,0.8985843213967675,1.0399389266967773
1.5,1.0,0,True,181768,5,"[[0, 36, 50, 38, 31, 9, 43, 8, 7, 22, 46, 0], [0, 48, 27, 21, 47, 32, 39, 45, 25, 11, 15, 0], [0, 49, 40, 37, 10, 35, 18, 34, 33, 5, 20, 0], [0, 42, 14, 3, 16, 1, 2, 28, 26, 23, 30, 0], [0, 13, 17, 44, 29, 4, 41, 24, 6, 19, 12, 0]]",2.352056175674079,0.04067011115451654,1.1458426231401972,0.118097661761567,0.371398589318785,0.12469735120793506,0.7352424833889342,0.6804745172219919,0.8629770874977112
1.5,1.0,1,True,181768,5,"[[0, 42, 14, 3, 16, 1, 2, 28, 26, 23, 30, 0], [0, 20, 5, 33, 34, 18, 35, 10, 37, 40, 49, 0], [0, 12, 19, 6, 24, 41, 4, 29, 44, 17, 13, 0], [0, 15, 11, 25, 45, 39, 32, 47, 21, 27, 48, 0], [0, 36, 50, 38, 31, 9, 43, 8, 7, 22, 46, 0]]",2.337995482928818,0.04239531787666115,1.1458426231401972,0.118097661761567,0.37362161184683385,0.1256833208577063,0.7359936929546196,0.68458225191215,0.8629770874977112
1.5,1.0,2,True,181652,5,"[[0, 40, 6, 19, 24, 41, 4, 29, 44, 17, 13, 0], [0, 46, 22, 7, 8, 43, 9, 31, 36, 5, 20, 0], [0, 15, 11, 25, 45, 39, 32, 47, 21, 27, 48, 0], [0, 14, 3, 38, 50, 33, 34, 18, 35, 10, 37, 0], [0, 49, 12, 30, 23, 26, 28, 2, 1, 16, 42, 0]]",2.3325427333184052,0.04431563839316368,1.1536718322895467,0.09626365210860968,0.38004767294249375,0.12863163341091985,0.7329109372356404,0.6792008624944107,0.8629770874977112
1.5,1.0,3,True,181652,5,"[[0, 14, 3, 38, 50, 33, 34, 18, 35, 10, 37, 0], [0, 20, 5, 36, 31, 9, 43, 8, 7, 22, 46, 0], [0, 42, 16, 1, 2, 28, 26, 23, 30, 12, 49, 0], [0, 40, 6, 19, 24, 41, 4, 29, 44, 17, 13, 0], [0, 48, 27, 21, 47, 32, 39, 45, 25, 11, 15, 0]]",2.3328398798184935,0.04431563839316368,1.153968978789635,0.09626365210860968,0.38010116455384213,0.1287133228044118,0.7327022476753504,0.6791143489874645,0.8629770874977112
1.5,1.0,4,True,181613,5,"[[0, 20, 5, 36, 31, 9, 43, 8, 7, 22, 46, 0], [0, 40, 6, 19, 24, 41, 4, 29, 44, 17, 13, 0], [0, 48, 2, 28, 26, 23, 30, 12, 49, 14, 42, 0], [0, 1, 16, 11, 25, 45, 39, 32, 47, 21, 27, 0], [0, 15, 3, 38, 50, 33, 34, 18, 35, 10, 37, 0]]",2.3622074700833764,0.0441664412824644,1.137216643721331,0.09626365210860968,0.3663560217502222,0.12167430095402565,0.7314880176035741,0.6780362188400988,0.8629770874977112
1.5,1.0,5,True,181613,5,"[[0, 37, 10, 35, 18, 34, 33, 50, 38, 3, 15, 0], [0, 42, 14, 12, 49, 30, 23, 26, 28, 2, 48, 0], [0, 13, 17, 44, 29, 4, 41, 24, 19, 6, 40, 0], [0, 27, 21, 47, 32, 39, 45, 25, 11, 16, 1, 0], [0, 46, 22, 7, 8, 43, 9, 31, 36, 5, 20, 0]]",2.365871741407318,0.0441664412824644,1.1375137902214192,0.09626365210860968,0.36589952792408953,0.12152046255590232,0.7333883929192602,0.6806140902601242,0.8629770874977112
1.5,1.0,6,True,181613,5,"[[0, 37, 10, 35, 18, 34, 33, 50, 38, 3, 15, 0], [0, 46, 22, 7, 8, 43, 9, 31, 36, 5, 20, 0], [0, 40, 6, 19, 24, 41, 4, 29, 44, 17, 13, 0], [0, 48, 2, 28, 26, 23, 30, 12, 49, 14, 42, 0], [0, 1, 16, 11, 25, 45, 39, 32, 47, 21, 27, 0]]",2.3621765890566166,0.0441664412824644,1.137216643721331,0.09626365210860968,0.3663712696667776,0.12167794279992313,0.7344018754542574,0.681678774741037,0.8629770874977112
1.5,1.0,7,True,181768,5,"[[0, 20, 5, 33, 34, 18, 35, 10, 37, 40, 49, 0], [0, 36, 50, 38, 31, 9, 43, 8, 7, 22, 46, 0], [0, 42, 14, 3, 16, 1, 2, 28, 26, 23, 30, 0], [0, 15, 11, 25, 45, 39, 32, 47, 21, 27, 48, 0], [0, 13, 17, 44, 29, 4, 41, 24, 6, 19, 12, 0]]",2.3520870567008387,0.04067011115451654,1.1458426231401972,0.118097661761567,0.37138320978974937,0.12469337224101766,0.7343370956858928,0.6804655831344055,0.8629770874977112
1.5,1.0,8,True,181768,5,"[[0, 15, 11, 25, 45, 39, 32, 47, 21, 27, 48, 0], [0, 49, 40, 37, 10, 35, 18, 34, 33, 5, 20, 0], [0, 36, 50, 38, 31, 9, 43, 8, 7, 22, 46, 0], [0, 12, 19, 6, 24, 41, 4, 29, 44, 17, 13, 0], [0, 42, 14, 3, 16, 1, 2, 28, 26, 23, 30, 0]]",2.3379646019020583,0.04239531787666115,1.1458426231401972,0.118097661761567,0.37363711363859387,0.12568726501164232,0.7368540186641259,0.6845912942230659,0.8629770874977112
1.5,1.0,9,True,181652,5,"[[0, 20, 5, 36, 31, 9, 43, 8, 7, 22, 46, 0], [0, 12, 49, 30, 23, 26, 28, 2, 1, 16, 42, 0], [0, 37, 10, 35, 18, 34, 33, 50, 38, 3, 14, 0], [0, 48, 27, 21, 47, 32, 39, 45, 25, 11, 15, 0], [0, 40, 6, 19, 24, 41, 4, 29, 44, 17, 13, 0]]",2.3325118522916455,0.04431563839316368,1.1536718322895467,0.09626365210860968,0.3800632960501449,0.12863547323290797,0.7359122434972423,0.6828897596078228,0.8629770874977112
