beta,lambda_concentration,seed,is_feasible,pyvrp_cost,num_routes,routes,global_risk,global_cvar90,max_vehicle_risk,max_vehicle_cvar90,vehicle_risk_gini,risk_variance,edge_burden_gini_used,top10_burden_share,max_edge_burden
0.0,0.0,0,True,145999,5,"[[0, 44, 14, 3, 15, 41, 11, 1, 37, 38, 50, 0], [0, 42, 7, 8, 34, 17, 9, 47, 43, 26, 33, 0], [0, 45, 12, 13, 24, 32, 46, 23, 10, 18, 19, 0], [0, 40, 25, 20, 35, 4, 16, 28, 30, 21, 29, 0], [0, 36, 31, 6, 22, 2, 48, 5, 39, 49, 27, 0]]",6.685640243144007,0.15490096592559263,2.721976452448871,0.41301315277814865,0.2745445637371937,0.5458729867217377,0.8708174049238393,0.8882143425163811,0.8560811877250671
0.0,0.0,1,True,145999,5,"[[0, 6, 22, 5, 2, 48, 43, 9, 47, 31, 36, 0], [0, 12, 45, 13, 24, 32, 46, 23, 10, 18, 19, 0], [0, 27, 49, 39, 17, 34, 8, 7, 30, 21, 29, 0], [0, 33, 26, 28, 16, 4, 35, 20, 25, 40, 44, 0], [0, 14, 3, 15, 42, 41, 11, 1, 37, 38, 50, 0]]",7.615477909799665,0.2451995792798698,3.017737827860401,0.5584116399288177,0.2795078267362443,0.7046783162656858,0.8854489942513635,0.9026563326234806,1.7121623754501343
0.0,0.0,2,True,146664,5,"[[0, 27, 49, 39, 17, 34, 8, 7, 16, 12, 45, 0], [0, 35, 4, 6, 22, 5, 43, 47, 9, 31, 36, 0], [0, 33, 26, 28, 30, 48, 2, 20, 25, 40, 19, 0], [0, 14, 3, 15, 42, 41, 11, 1, 37, 38, 50, 0], [0, 29, 21, 18, 10, 23, 46, 32, 24, 13, 44, 0]]",5.682877024053596,0.1479532027288395,1.7799126628378872,0.3064294129610062,0.23428418315248067,0.24657170009433588,0.868631102165754,0.8776289552321033,0.8560811877250671
0.0,0.0,3,True,146664,5,"[[0, 44, 50, 38, 37, 1, 41, 11, 15, 3, 14, 0], [0, 19, 18, 21, 29, 10, 23, 46, 32, 24, 13, 0], [0, 45, 12, 42, 7, 8, 34, 17, 39, 49, 27, 0], [0, 16, 35, 4, 6, 22, 5, 30, 28, 26, 33, 0], [0, 40, 25, 20, 2, 48, 43, 47, 9, 31, 36, 0]]",7.120615019579418,0.2268307699289705,2.688979478465626,0.41880913575490314,0.22875243292895409,0.4345920852753542,0.8707166910725563,0.8895465769460994,0.8560811877250671
0.0,0.0,4,True,147330,5,"[[0, 36, 31, 9, 47, 43, 48, 2, 20, 25, 40, 0], [0, 45, 12, 13, 24, 32, 46, 23, 10, 29, 44, 0], [0, 14, 3, 15, 42, 11, 41, 1, 37, 38, 50, 0], [0, 21, 35, 4, 6, 22, 5, 30, 28, 26, 33, 0], [0, 27, 49, 39, 17, 34, 8, 7, 16, 18, 19, 0]]",6.289092112099752,0.14477629037812734,2.0377752582280664,0.3814080893993378,0.22659249124827552,0.26237917232578817,0.8718872769077546,0.8855225985307703,0.8560811877250671
0.0,0.0,5,True,147330,5,"[[0, 27, 49, 39, 48, 2, 43, 9, 47, 31, 36, 0], [0, 14, 3, 15, 42, 11, 41, 1, 37, 38, 50, 0], [0, 33, 26, 28, 30, 8, 17, 34, 7, 16, 45, 0], [0, 12, 35, 4, 6, 22, 5, 20, 25, 40, 44, 0], [0, 29, 21, 13, 24, 32, 46, 23, 10, 18, 19, 0]]",6.837445791054051,0.2174983715106334,2.373877048579743,0.31889180839061737,0.2352066021022723,0.3604329805091635,0.8662755509783646,0.8806770284075418,0.8560811877250671
0.0,0.0,6,True,147330,5,"[[0, 50, 38, 37, 1, 41, 11, 15, 3, 14, 45, 0], [0, 36, 31, 9, 47, 43, 2, 48, 39, 49, 27, 0], [0, 40, 25, 20, 5, 22, 6, 4, 35, 16, 12, 0], [0, 13, 24, 32, 46, 23, 10, 29, 21, 18, 19, 0], [0, 42, 7, 34, 17, 8, 30, 28, 26, 33, 44, 0]]",7.277514249552041,0.2244276828935434,2.1900553461746313,0.3350650668144226,0.20088588149644337,0.2865424748405723,0.8715567198812177,0.8919611476843206,0.8560811877250671
0.0,0.0,7,True,146664,5,"[[0, 19, 18, 10, 23, 46, 32, 24, 13, 21, 29, 0], [0, 33, 26, 28, 30, 5, 22, 6, 4, 35, 44, 0], [0, 12, 45, 16, 7, 8, 34, 17, 39, 49, 27, 0], [0, 40, 25, 20, 2, 48, 43, 47, 9, 31, 36, 0], [0, 14, 3, 15, 42, 11, 41, 1, 37, 38, 50, 0]]",6.448953013285063,0.20395261641325696,1.6736380040092627,0.25458268355578184,0.12395215956733185,0.08160289795595307,0.8652341111447766,0.8828612033998409,0.8560811877250671
0.0,0.0,8,True,147330,5,"[[0, 14, 3, 15, 42, 11, 41, 1, 37, 38, 50, 0], [0, 12, 45, 13, 46, 23, 10, 29, 21, 18, 19, 0], [0, 32, 24, 6, 22, 5, 48, 2, 20, 25, 40, 0], [0, 36, 31, 47, 9, 43, 30, 28, 26, 33, 44, 0], [0, 27, 49, 39, 17, 34, 8, 7, 16, 4, 35, 0]]",7.263135270302882,0.23265775984951428,2.1987254878185922,0.29555386544338297,0.17817253335459537,0.22010094959764306,0.8740888064183543,0.8899027025619819,0.8560811877250671
0.0,0.0,9,True,145999,5,"[[0, 14, 3, 15, 42, 41, 11, 1, 37, 38, 50, 0], [0, 27, 49, 39, 17, 34, 8, 7, 30, 21, 29, 0], [0, 12, 45, 13, 24, 32, 46, 23, 10, 18, 19, 0], [0, 44, 40, 25, 20, 35, 4, 16, 28, 26, 33, 0], [0, 6, 22, 5, 48, 2, 43, 47, 9, 31, 36, 0]]",7.6129200993455015,0.2451995792798698,3.017737827860401,0.5584116399288177,0.27946734343464685,0.7043076043064291,0.8854473805743439,0.9029596096543664,1.7121623754501343
1.5,1.0,0,True,193395,5,"[[0, 50, 38, 14, 3, 15, 11, 41, 42, 1, 44, 0], [0, 33, 26, 30, 28, 47, 9, 2, 48, 31, 36, 0], [0, 27, 49, 37, 24, 32, 46, 5, 22, 6, 45, 0], [0, 35, 43, 4, 40, 25, 20, 21, 18, 10, 29, 0], [0, 19, 16, 7, 34, 17, 39, 8, 23, 13, 12, 0]]",2.062486537892255,0.04461713609916548,0.8627676905452972,0.08273441199627188,0.29169812060325784,0.05729917132519937,0.7529659502267056,0.692773156055969,0.5730152726173401
1.5,1.0,1,True,193989,5,"[[0, 50, 38, 14, 45, 13, 23, 10, 18, 21, 29, 0], [0, 33, 26, 30, 28, 47, 9, 48, 2, 5, 42, 0], [0, 12, 20, 25, 40, 4, 43, 35, 11, 41, 1, 0], [0, 44, 15, 3, 34, 17, 39, 8, 7, 16, 19, 0], [0, 36, 31, 6, 22, 46, 32, 24, 37, 49, 27, 0]]",2.099097904152586,0.04500387602996442,0.8472026476374594,0.10364905558526516,0.31125139269407187,0.05990180509659595,0.7431292039240165,0.6835821989610745,0.5730152726173401
1.5,1.0,2,True,194030,5,"[[0, 1, 42, 5, 22, 6, 4, 40, 25, 20, 12, 0], [0, 15, 11, 2, 48, 47, 9, 28, 30, 26, 33, 0], [0, 27, 49, 37, 24, 32, 46, 31, 36, 44, 50, 0], [0, 45, 13, 23, 10, 18, 21, 29, 43, 35, 41, 0], [0, 19, 16, 7, 8, 39, 17, 34, 3, 14, 38, 0]]",2.0447454652021406,0.036724485849079336,0.844661314971745,0.08275548513564798,0.2911648875100301,0.05448141271087505,0.7401604836725852,0.6773284998644346,0.5730152726173401
1.5,1.0,3,True,193317,5,"[[0, 1, 42, 41, 11, 35, 43, 4, 40, 25, 20, 0], [0, 50, 38, 14, 45, 13, 23, 10, 18, 21, 29, 0], [0, 19, 16, 7, 8, 39, 17, 34, 3, 15, 44, 0], [0, 12, 6, 22, 5, 46, 32, 24, 37, 49, 27, 0], [0, 36, 31, 48, 2, 9, 47, 28, 30, 26, 33, 0]]",2.041670280843391,0.03531415690667927,0.868729706024169,0.08273441199627188,0.3159566479842304,0.062139176995314925,0.7406885109745258,0.6821532920483246,0.5730152726173401
1.5,1.0,4,True,193317,5,"[[0, 20, 25, 40, 4, 43, 35, 11, 41, 42, 1, 0], [0, 12, 6, 22, 5, 46, 32, 24, 37, 49, 27, 0], [0, 33, 26, 30, 28, 47, 9, 2, 48, 31, 36, 0], [0, 29, 21, 18, 10, 23, 13, 45, 14, 38, 50, 0], [0, 44, 15, 3, 34, 17, 39, 8, 7, 16, 19, 0]]",2.037147524082684,0.03531415690667927,0.868729706024169,0.08273441199627188,0.31612551625834784,0.06217708315558965,0.7433728775601687,0.6836677692165101,0.5730152726173401
1.5,1.0,5,True,194087,5,"[[0, 1, 49, 27, 37, 24, 32, 46, 31, 36, 44, 0], [0, 12, 45, 13, 23, 8, 39, 17, 34, 3, 15, 0], [0, 41, 42, 7, 16, 5, 22, 6, 4, 43, 29, 0], [0, 11, 35, 2, 48, 47, 9, 28, 30, 26, 33, 0], [0, 19, 10, 18, 21, 25, 40, 20, 14, 38, 50, 0]]",2.0989586535288254,0.041880858529891284,0.8729688430321403,0.10395095869898796,0.30520624822202147,0.06051274294651134,0.761517459768067,0.7039012556896286,0.5730152726173401
1.5,1.0,6,True,193202,5,"[[0, 12, 6, 22, 5, 46, 32, 24, 37, 49, 27, 0], [0, 36, 31, 9, 47, 28, 30, 26, 33, 50, 44, 0], [0, 38, 14, 3, 15, 11, 41, 42, 7, 16, 19, 0], [0, 45, 13, 23, 8, 39, 17, 34, 48, 2, 1, 0], [0, 29, 10, 18, 21, 20, 25, 40, 4, 43, 35, 0]]",2.0321235993906157,0.0420146812684834,0.868729706024169,0.08273441199627188,0.29557837411805776,0.058357768870867056,0.7467466994896943,0.6883170447464784,0.5730152726173401
1.5,1.0,7,True,193317,5,"[[0, 29, 21, 18, 10, 23, 13, 45, 14, 38, 50, 0], [0, 20, 25, 40, 4, 43, 35, 41, 11, 42, 1, 0], [0, 27, 49, 37, 24, 32, 46, 5, 22, 6, 12, 0], [0, 36, 31, 48, 2, 9, 47, 28, 30, 26, 33, 0], [0, 44, 15, 3, 34, 17, 39, 8, 7, 16, 19, 0]]",2.039859987780801,0.03531415690667927,0.868729706024169,0.08273441199627188,0.31623704670343233,0.06221913061640083,0.7417621199048654,0.6827586754469964,0.5730152726173401
1.5,1.0,8,True,193881,5,"[[0, 44, 1, 2, 48, 9, 47, 28, 30, 26, 33, 0], [0, 36, 31, 6, 22, 34, 17, 39, 8, 23, 13, 0], [0, 19, 29, 10, 18, 21, 12, 45, 14, 38, 50, 0], [0, 11, 41, 35, 43, 4, 40, 25, 20, 3, 15, 0], [0, 27, 49, 37, 24, 32, 46, 5, 16, 7, 42, 0]]",2.023420923782396,0.03672416973859072,0.8140799235115992,0.1035229925598417,0.3094238495899493,0.05483199671933593,0.7421978097932493,0.6786162155489206,0.5730152726173401
1.5,1.0,9,True,193881,5,"[[0, 50, 38, 14, 45, 12, 21, 18, 10, 29, 19, 0], [0, 11, 41, 35, 43, 4, 40, 25, 20, 3, 15, 0], [0, 27, 49, 37, 24, 32, 46, 5, 16, 7, 42, 0], [0, 1, 2, 48, 9, 47, 28, 30, 26, 33, 44, 0], [0, 13, 23, 8, 39, 17, 34, 22, 6, 31, 36, 0]]",2.020225175379892,0.03672416973859072,0.8140799235115992,0.1035229925598417,0.3109874434754296,0.055099177184586456,0.7433774674348148,0.6796897031547491,0.5730152726173401
