beta,lambda_concentration,seed,is_feasible,pyvrp_cost,num_routes,routes,global_risk,global_cvar90,max_vehicle_risk,max_vehicle_cvar90,vehicle_risk_gini,risk_variance,edge_burden_gini_used,top10_burden_share,max_edge_burden
0.0,0.0,0,True,145999,5,"[[0, 44, 14, 3, 15, 41, 11, 1, 37, 38, 50, 0], [0, 42, 7, 8, 34, 17, 9, 47, 43, 26, 33, 0], [0, 45, 12, 13, 24, 32, 46, 23, 10, 18, 19, 0], [0, 40, 25, 20, 35, 4, 16, 28, 30, 21, 29, 0], [0, 36, 31, 6, 22, 2, 48, 5, 39, 49, 27, 0]]",7.470350208954187,0.22134714554353008,2.7552303448610473,0.4106795849899451,0.23178066571018197,0.46375492165967475,0.8249757458534159,0.8544959193331804,0.8551324605941772
0.0,0.0,1,True,145999,5,"[[0, 6, 22, 5, 2, 48, 43, 9, 47, 31, 36, 0], [0, 12, 45, 13, 24, 32, 46, 23, 10, 18, 19, 0], [0, 27, 49, 39, 17, 34, 8, 7, 30, 21, 29, 0], [0, 33, 26, 28, 16, 4, 35, 20, 25, 40, 44, 0], [0, 14, 3, 15, 42, 41, 11, 1, 37, 38, 50, 0]]",8.310825171065517,0.25015231241183034,3.053395120310597,0.5554388612508774,0.24940262538707203,0.616037377745074,0.8440861581369479,0.8715403847000093,1.7102649211883545
0.0,0.0,2,True,146664,5,"[[0, 27, 49, 39, 17, 34, 8, 7, 16, 12, 45, 0], [0, 35, 4, 6, 22, 5, 43, 47, 9, 31, 36, 0], [0, 33, 26, 28, 30, 48, 2, 20, 25, 40, 19, 0], [0, 14, 3, 15, 42, 41, 11, 1, 37, 38, 50, 0], [0, 29, 21, 18, 10, 23, 46, 32, 24, 13, 44, 0]]",6.4319076964166015,0.15185806403557459,2.0392694550100714,0.3247591286897659,0.22685332346593245,0.27515740393731447,0.8154051248434628,0.8379704415420908,0.8551324605941772
0.0,0.0,3,True,146664,5,"[[0, 44, 50, 38, 37, 1, 41, 11, 15, 3, 14, 0], [0, 19, 18, 21, 29, 10, 23, 46, 32, 24, 13, 0], [0, 45, 12, 42, 7, 8, 34, 17, 39, 49, 27, 0], [0, 16, 35, 4, 6, 22, 5, 30, 28, 26, 33, 0], [0, 40, 25, 20, 2, 48, 43, 47, 9, 31, 36, 0]]",8.047435916261747,0.24880257355315344,2.9773488785140216,0.45674773554007214,0.22816297871074687,0.5267063988299856,0.827764477885971,0.8609155942399135,0.8551324605941772
0.0,0.0,4,True,147330,5,"[[0, 36, 31, 9, 47, 43, 48, 2, 20, 25, 40, 0], [0, 45, 12, 13, 24, 32, 46, 23, 10, 29, 44, 0], [0, 14, 3, 15, 42, 11, 41, 1, 37, 38, 50, 0], [0, 21, 35, 4, 6, 22, 5, 30, 28, 26, 33, 0], [0, 27, 49, 39, 17, 34, 8, 7, 16, 18, 19, 0]]",7.208770361903589,0.21252887445534097,2.086725920380559,0.38263756930828097,0.20203846416134774,0.28453801168273507,0.8248777748968268,0.8535946525389525,0.8551324605941772
0.0,0.0,5,True,147330,5,"[[0, 27, 49, 39, 48, 2, 43, 9, 47, 31, 36, 0], [0, 14, 3, 15, 42, 11, 41, 1, 37, 38, 50, 0], [0, 33, 26, 28, 30, 8, 17, 34, 7, 16, 45, 0], [0, 12, 35, 4, 6, 22, 5, 20, 25, 40, 44, 0], [0, 29, 21, 13, 24, 32, 46, 23, 10, 18, 19, 0]]",7.831219170708209,0.24109377605574472,2.632314968854189,0.35020545721054075,0.2124592595349586,0.4046782746916192,0.8213488361385684,0.8394892604562538,0.8551324605941772
0.0,0.0,6,True,147330,5,"[[0, 50, 38, 37, 1, 41, 11, 15, 3, 14, 45, 0], [0, 36, 31, 9, 47, 43, 2, 48, 39, 49, 27, 0], [0, 40, 25, 20, 5, 22, 6, 4, 35, 16, 12, 0], [0, 13, 24, 32, 46, 23, 10, 29, 21, 18, 19, 0], [0, 42, 7, 34, 17, 8, 30, 28, 26, 33, 44, 0]]",8.226959581166739,0.25454509457839386,2.376918621972436,0.35971730202436447,0.18995563973545826,0.32076139608806536,0.8301768857887055,0.863927214199686,0.8551324605941772
0.0,0.0,7,True,146664,5,"[[0, 19, 18, 10, 23, 46, 32, 24, 13, 21, 29, 0], [0, 33, 26, 28, 30, 5, 22, 6, 4, 35, 44, 0], [0, 12, 45, 16, 7, 8, 34, 17, 39, 49, 27, 0], [0, 40, 25, 20, 2, 48, 43, 47, 9, 31, 36, 0], [0, 14, 3, 15, 42, 11, 41, 1, 37, 38, 50, 0]]",7.401151842088439,0.2264834897858756,1.739252318860963,0.25277988240122795,0.09862064896185285,0.08308000507347049,0.8176356878617064,0.8516551022001064,0.8551324605941772
0.0,0.0,8,True,147330,5,"[[0, 14, 3, 15, 42, 11, 41, 1, 37, 38, 50, 0], [0, 12, 45, 13, 46, 23, 10, 29, 21, 18, 19, 0], [0, 32, 24, 6, 22, 5, 48, 2, 20, 25, 40, 0], [0, 36, 31, 47, 9, 43, 30, 28, 26, 33, 44, 0], [0, 27, 49, 39, 17, 34, 8, 7, 16, 4, 35, 0]]",8.14893587527331,0.2521546094545296,2.3075663154013455,0.30332812134708675,0.15646134036157688,0.21683551331918244,0.8301476636796199,0.8544595006309929,0.8551324605941772
0.0,0.0,9,True,145999,5,"[[0, 14, 3, 15, 42, 41, 11, 1, 37, 38, 50, 0], [0, 27, 49, 39, 17, 34, 8, 7, 30, 21, 29, 0], [0, 12, 45, 13, 24, 32, 46, 23, 10, 18, 19, 0], [0, 44, 40, 25, 20, 35, 4, 16, 28, 26, 33, 0], [0, 6, 22, 5, 48, 2, 43, 47, 9, 31, 36, 0]]",8.30704091701773,0.25015231241183034,3.053395120310597,0.5554388612508774,0.24933402108739933,0.6155580575557618,0.8441891801775732,0.8719374129874051,1.7102649211883545
1.0,0.0,0,True,176287,5,"[[0, 50, 38, 37, 1, 42, 11, 41, 15, 3, 14, 0], [0, 2, 48, 47, 9, 43, 35, 4, 18, 21, 29, 0], [0, 36, 31, 40, 25, 20, 34, 17, 39, 49, 27, 0], [0, 19, 10, 23, 8, 7, 16, 28, 30, 26, 33, 0], [0, 6, 22, 5, 46, 32, 24, 13, 45, 12, 44, 0]]",4.154324579401873,0.09789052855921909,1.2632294647628441,0.18272450705990195,0.2543169494830526,0.15148047917417412,0.758132751941869,0.7590519334313063,0.6327472925186157
1.0,0.0,1,True,177981,5,"[[0, 41, 35, 4, 6, 22, 34, 17, 39, 49, 27, 0], [0, 45, 12, 21, 18, 10, 23, 13, 14, 3, 15, 0], [0, 19, 29, 43, 9, 47, 20, 25, 40, 31, 36, 0], [0, 44, 2, 48, 5, 46, 32, 24, 37, 38, 50, 0], [0, 33, 26, 30, 28, 16, 8, 7, 42, 11, 1, 0]]",4.192409611539915,0.09544479683267348,1.439689782448113,0.17568210219698294,0.269903194883355,0.1621035660959022,0.7437139132783699,0.7501235582502022,0.6327472925186157
1.0,0.0,2,True,175934,5,"[[0, 27, 49, 39, 17, 34, 20, 25, 40, 31, 36, 0], [0, 19, 10, 18, 21, 29, 43, 9, 47, 48, 2, 0], [0, 35, 4, 6, 22, 5, 46, 32, 24, 37, 1, 0], [0, 33, 26, 30, 28, 16, 7, 8, 23, 13, 44, 0], [0, 45, 12, 42, 11, 41, 15, 3, 14, 38, 50, 0]]",3.8696665184106678,0.09129882982421306,1.2577284631552175,0.18272450705990195,0.18843225455589785,0.07580336726473576,0.7388647781051518,0.7390006888842984,0.6327472925186157
1.0,0.0,3,True,175934,5,"[[0, 50, 38, 14, 3, 15, 41, 42, 11, 12, 44, 0], [0, 2, 48, 47, 9, 43, 29, 21, 18, 10, 19, 0], [0, 33, 26, 30, 28, 16, 7, 8, 23, 13, 45, 0], [0, 36, 31, 40, 25, 20, 34, 17, 39, 49, 27, 0], [0, 35, 4, 6, 22, 5, 46, 32, 24, 37, 1, 0]]",3.87272795883473,0.09129882982421306,1.2632294647628441,0.18272450705990195,0.1890051338118648,0.07682190322166146,0.7370907466586849,0.738416499494698,0.6327472925186157
1.0,0.0,4,True,176377,5,"[[0, 50, 38, 37, 4, 35, 20, 25, 40, 19, 44, 0], [0, 1, 11, 41, 42, 7, 16, 28, 30, 26, 33, 0], [0, 15, 3, 14, 45, 13, 24, 32, 46, 31, 36, 0], [0, 29, 43, 9, 47, 48, 2, 5, 22, 6, 12, 0], [0, 21, 18, 10, 23, 8, 34, 17, 39, 49, 27, 0]]",4.384351631393656,0.10527658730279654,1.381067959475331,0.21681440025568008,0.27037352111577384,0.1795827738520963,0.7580703745427717,0.7664190297266346,0.6327472925186157
1.0,0.0,5,True,175676,5,"[[0, 36, 31, 40, 25, 20, 21, 18, 10, 19, 44, 0], [0, 29, 43, 9, 47, 48, 2, 3, 14, 38, 50, 0], [0, 45, 12, 13, 23, 8, 34, 17, 39, 49, 27, 0], [0, 35, 4, 6, 22, 5, 46, 32, 24, 37, 1, 0], [0, 15, 41, 11, 42, 7, 16, 28, 30, 26, 33, 0]]",3.941083154059015,0.0938501690304087,1.279524321318604,0.21681440025568008,0.24697075405142654,0.11865240669692505,0.7381207265978096,0.7437623388912381,0.6327472925186157
1.0,0.0,6,True,176287,5,"[[0, 50, 38, 37, 1, 11, 42, 41, 15, 3, 14, 0], [0, 19, 10, 23, 8, 7, 16, 28, 30, 26, 33, 0], [0, 45, 12, 6, 22, 5, 46, 32, 24, 13, 44, 0], [0, 29, 21, 18, 4, 35, 43, 9, 47, 48, 2, 0], [0, 36, 31, 40, 25, 20, 34, 17, 39, 49, 27, 0]]",4.152116323821247,0.09789052855921909,1.2632294647628441,0.18272450705990195,0.25445220504410737,0.15129830380006923,0.7587029920400601,0.7594556265211092,0.6327472925186157
1.0,0.0,7,True,175934,5,"[[0, 1, 37, 24, 32, 46, 5, 22, 6, 4, 35, 0], [0, 44, 13, 23, 8, 7, 16, 28, 30, 26, 33, 0], [0, 12, 45, 42, 11, 41, 15, 3, 14, 38, 50, 0], [0, 19, 10, 18, 21, 29, 43, 9, 47, 48, 2, 0], [0, 36, 31, 40, 25, 20, 34, 17, 39, 49, 27, 0]]",3.8751675200182945,0.09129882982421306,1.2632294647628441,0.18272450705990195,0.18930040674118587,0.07687275220773507,0.7370620657724603,0.7379516390157215,0.6327472925186157
1.0,0.0,8,True,175676,5,"[[0, 44, 19, 10, 18, 21, 20, 25, 40, 31, 36, 0], [0, 15, 41, 11, 42, 7, 16, 28, 30, 26, 33, 0], [0, 29, 43, 9, 47, 48, 2, 3, 14, 38, 50, 0], [0, 1, 37, 24, 32, 46, 5, 22, 6, 4, 35, 0], [0, 12, 45, 13, 23, 8, 34, 17, 39, 49, 27, 0]]",3.9358134580543265,0.0938501690304087,1.279524321318604,0.21681440025568008,0.24837255260170088,0.1196957891042056,0.7404661900791425,0.7447581689699404,0.6327472925186157
1.0,0.0,9,True,177154,5,"[[0, 1, 37, 24, 32, 46, 5, 22, 6, 31, 36, 0], [0, 15, 41, 11, 42, 7, 16, 28, 30, 26, 33, 0], [0, 19, 29, 21, 18, 10, 23, 13, 45, 12, 44, 0], [0, 50, 38, 14, 3, 34, 17, 8, 39, 49, 27, 0], [0, 2, 48, 47, 9, 43, 4, 35, 20, 25, 40, 0]]",4.181226331042126,0.10141009434817298,1.3997896471992135,0.19634576266010603,0.2850525284015557,0.20540320000838533,0.7514674263960603,0.7570953253060284,0.6327472925186157
