beta,lambda_concentration,seed,is_feasible,pyvrp_cost,num_routes,routes,global_risk,global_cvar90,max_vehicle_risk,max_vehicle_cvar90,vehicle_risk_gini,risk_variance,edge_burden_gini_used,top10_burden_share,max_edge_burden
0.0,0.0,0,True,133997,5,"[[0, 14, 42, 41, 1, 45, 11, 15, 3, 16, 48, 0], [0, 18, 32, 4, 29, 19, 6, 24, 40, 20, 44, 0], [0, 27, 35, 5, 36, 28, 26, 23, 30, 12, 49, 0], [0, 46, 22, 7, 8, 43, 33, 34, 2, 25, 39, 0], [0, 17, 13, 10, 37, 50, 38, 31, 9, 47, 21, 0]]",11.781324756331742,0.3494034061829249,3.256905671209097,0.49736476099739474,0.11977649454891526,0.2686681210402481,0.8396988280215993,0.8860108397679676,1.5706634521484375
0.0,0.0,1,True,133997,5,"[[0, 17, 13, 10, 37, 50, 38, 31, 9, 47, 21, 0], [0, 18, 32, 4, 29, 6, 19, 24, 40, 20, 44, 0], [0, 14, 42, 41, 1, 11, 45, 15, 3, 16, 48, 0], [0, 46, 22, 7, 8, 43, 33, 34, 2, 25, 39, 0], [0, 27, 35, 5, 36, 28, 26, 23, 30, 12, 49, 0]]",11.781324756331742,0.3494034061829249,3.256905671209097,0.49736476099739474,0.11977649454891526,0.2686681210402481,0.8396988280215993,0.8860108397679676,1.5706634521484375
0.0,0.0,2,True,133998,5,"[[0, 16, 3, 15, 45, 11, 1, 41, 42, 14, 48, 0], [0, 25, 2, 34, 33, 43, 8, 7, 22, 46, 39, 0], [0, 38, 31, 9, 47, 21, 27, 23, 30, 49, 12, 0], [0, 26, 28, 36, 5, 35, 10, 37, 50, 13, 17, 0], [0, 44, 20, 40, 24, 6, 19, 29, 4, 32, 18, 0]]",13.885124404216185,0.476046159863472,3.507992959814146,0.5659058094024658,0.1489932435125716,0.6061600353583655,0.8426389770301626,0.864144887752687,1.5706634521484375
0.0,0.0,3,True,133998,5,"[[0, 12, 49, 30, 23, 26, 28, 36, 5, 20, 44, 0], [0, 14, 42, 41, 1, 45, 11, 15, 3, 16, 48, 0], [0, 27, 35, 10, 37, 50, 38, 31, 9, 47, 21, 0], [0, 25, 2, 34, 33, 43, 8, 7, 22, 46, 39, 0], [0, 18, 32, 4, 29, 19, 6, 24, 40, 13, 17, 0]]",10.927824074635282,0.3212528781344493,2.8098367573693395,0.31826397008262575,0.12875590788636693,0.2810881175600246,0.8388778305379425,0.8797602828682252,1.5706634521484375
0.0,0.0,4,True,133997,5,"[[0, 48, 14, 42, 41, 1, 45, 11, 15, 3, 16, 0], [0, 44, 20, 40, 24, 19, 6, 4, 32, 29, 12, 0], [0, 25, 2, 34, 33, 43, 8, 7, 22, 46, 39, 0], [0, 27, 35, 5, 36, 28, 26, 23, 30, 18, 49, 0], [0, 17, 13, 10, 37, 50, 38, 31, 9, 47, 21, 0]]",12.673552458174527,0.36732171734254204,3.7601164672523737,0.6774169027805328,0.16670976359382172,0.5746032538417183,0.8544993987075704,0.8958224247157504,1.999999761581421
0.0,0.0,5,True,133999,5,"[[0, 16, 3, 14, 42, 41, 1, 45, 39, 11, 15, 0], [0, 18, 32, 4, 29, 6, 19, 24, 40, 20, 44, 0], [0, 25, 2, 34, 33, 35, 10, 37, 50, 13, 17, 0], [0, 46, 22, 7, 8, 43, 5, 36, 28, 26, 12, 0], [0, 48, 38, 31, 9, 47, 21, 27, 23, 30, 49, 0]]",14.408973422367126,0.49575561456955397,3.3406719933263958,0.49736476099739474,0.08880256954630639,0.24081492241420607,0.8422443720085391,0.8608257067354854,1.5706634521484375
0.0,0.0,6,True,133997,5,"[[0, 16, 3, 14, 42, 41, 1, 45, 11, 39, 48, 0], [0, 15, 46, 22, 7, 8, 43, 17, 13, 18, 49, 0], [0, 27, 35, 10, 37, 50, 38, 31, 9, 47, 21, 0], [0, 12, 29, 4, 32, 6, 19, 24, 40, 20, 44, 0], [0, 25, 2, 34, 33, 5, 36, 28, 26, 23, 30, 0]]",12.77385799237527,0.3708253294349678,3.22665777313523,0.5793004408478737,0.11434217084666476,0.31291603229190407,0.8594053749527335,0.9003493139910537,1.999999761581421
0.0,0.0,7,True,133998,5,"[[0, 13, 17, 43, 33, 34, 5, 2, 25, 45, 11, 0], [0, 16, 1, 41, 42, 12, 49, 14, 3, 15, 48, 0], [0, 44, 20, 40, 24, 19, 6, 29, 4, 32, 18, 0], [0, 30, 23, 26, 28, 36, 8, 7, 22, 46, 39, 0], [0, 21, 47, 9, 31, 38, 50, 37, 10, 35, 27, 0]]",13.17469970183447,0.35115218069404364,3.9154007032047957,0.512422325355666,0.18569097702569914,0.7572670603212884,0.8424616974299648,0.8689745951390014,1.5706634521484375
0.0,0.0,8,True,133998,5,"[[0, 48, 14, 42, 41, 1, 45, 11, 15, 3, 16, 0], [0, 49, 18, 12, 29, 32, 4, 6, 19, 24, 40, 0], [0, 44, 20, 34, 33, 5, 36, 28, 26, 23, 30, 0], [0, 17, 13, 37, 10, 35, 22, 43, 8, 7, 46, 0], [0, 27, 21, 47, 9, 31, 38, 50, 2, 25, 39, 0]]",12.768536343006417,0.3380315148764673,3.6331436363980174,0.6437568902969361,0.12566192533550358,0.3911230002753503,0.8535445746081383,0.8930601911985271,1.999999761581421
0.0,0.0,9,True,133997,5,"[[0, 48, 15, 45, 11, 1, 41, 42, 14, 3, 16, 0], [0, 27, 35, 5, 36, 28, 26, 23, 30, 12, 49, 0], [0, 21, 47, 9, 31, 38, 50, 37, 10, 13, 17, 0], [0, 25, 2, 34, 33, 43, 8, 7, 22, 46, 39, 0], [0, 44, 20, 40, 24, 6, 19, 29, 4, 32, 18, 0]]",10.880283664679155,0.34227953585130827,3.224469742970541,0.494284328383704,0.1430264754436512,0.3412913984278724,0.840665336028968,0.8805015157363508,1.5706634521484375
1.5,1.0,0,True,187159,5,"[[0, 14, 3, 16, 1, 42, 2, 28, 26, 23, 30, 0], [0, 12, 19, 6, 24, 41, 4, 29, 44, 17, 13, 0], [0, 20, 36, 5, 33, 34, 18, 35, 10, 37, 49, 0], [0, 15, 25, 45, 11, 39, 32, 47, 21, 27, 48, 0], [0, 40, 9, 31, 38, 50, 43, 8, 7, 22, 46, 0]]",3.4566501611843705,0.06867793115476767,1.7922143866308033,0.1844660136848688,0.40285750140277865,0.3261236753613848,0.6513243091562861,0.6328277869236077,0.9889121055603027
1.5,1.0,1,True,187159,5,"[[0, 40, 9, 31, 38, 50, 43, 8, 7, 22, 46, 0], [0, 13, 17, 44, 29, 4, 41, 24, 6, 19, 12, 0], [0, 49, 37, 10, 35, 18, 34, 33, 5, 36, 20, 0], [0, 27, 21, 47, 32, 39, 11, 45, 25, 15, 48, 0], [0, 30, 23, 26, 28, 2, 42, 1, 16, 3, 14, 0]]",3.4645146909169853,0.06872984978059928,1.7922143866308033,0.1844660136848688,0.4019430054111479,0.32528315958040044,0.6541421280045994,0.6349553920224734,0.9889121055603027
1.5,1.0,2,True,187159,5,"[[0, 48, 15, 25, 45, 11, 39, 32, 47, 21, 27, 0], [0, 13, 17, 44, 29, 4, 41, 24, 6, 19, 12, 0], [0, 40, 9, 31, 38, 50, 43, 8, 7, 22, 46, 0], [0, 14, 3, 16, 1, 42, 2, 28, 26, 23, 30, 0], [0, 49, 37, 10, 35, 18, 34, 33, 5, 36, 20, 0]]",3.4645146909169853,0.06872984978059928,1.7922143866308033,0.1844660136848688,0.4019430054111479,0.32528315958040044,0.6541421280045994,0.6349553920224734,0.9889121055603027
1.5,1.0,3,True,187159,5,"[[0, 20, 36, 5, 33, 34, 18, 35, 10, 37, 49, 0], [0, 27, 21, 47, 32, 39, 11, 45, 25, 15, 48, 0], [0, 30, 23, 26, 28, 2, 42, 1, 16, 3, 14, 0], [0, 12, 19, 6, 24, 41, 4, 29, 44, 17, 13, 0], [0, 40, 9, 31, 38, 50, 43, 8, 7, 22, 46, 0]]",3.4566501611843705,0.06867793115476767,1.7922143866308033,0.1844660136848688,0.40285750140277865,0.32612367536138487,0.6513243091562861,0.6328277869236077,0.9889121055603027
1.5,1.0,4,True,187159,5,"[[0, 48, 15, 25, 45, 11, 39, 32, 47, 21, 27, 0], [0, 46, 22, 7, 8, 43, 50, 38, 31, 9, 40, 0], [0, 13, 17, 44, 29, 4, 41, 24, 6, 19, 12, 0], [0, 49, 37, 10, 35, 18, 34, 33, 5, 36, 20, 0], [0, 14, 3, 16, 1, 42, 2, 28, 26, 23, 30, 0]]",4.144523817580193,0.08867010966904702,1.7922143866308033,0.1844660136848688,0.3557423978121983,0.2980010619432535,0.7055086366652528,0.6931497775825335,0.9889121055603027
1.5,1.0,5,True,187159,5,"[[0, 20, 5, 36, 33, 34, 18, 35, 10, 37, 49, 0], [0, 14, 3, 16, 1, 42, 2, 28, 26, 23, 30, 0], [0, 48, 27, 21, 47, 32, 39, 11, 45, 25, 15, 0], [0, 12, 19, 6, 24, 41, 4, 29, 44, 17, 13, 0], [0, 40, 9, 31, 38, 50, 43, 8, 7, 22, 46, 0]]",3.4566501611843705,0.06867793115476767,1.7922143866308033,0.1844660136848688,0.40285750140277865,0.3261236753613848,0.6513243091562861,0.6328277869236077,0.9889121055603027
1.5,1.0,6,True,187176,5,"[[0, 48, 27, 21, 47, 32, 39, 11, 45, 25, 15, 0], [0, 30, 23, 26, 28, 2, 42, 1, 16, 3, 14, 0], [0, 12, 37, 10, 35, 18, 34, 33, 5, 36, 20, 0], [0, 6, 19, 24, 41, 4, 29, 44, 17, 13, 49, 0], [0, 40, 9, 31, 38, 50, 43, 8, 7, 22, 46, 0]]",3.4645146909169853,0.06872984978059928,1.7922143866308033,0.1844660136848688,0.40137462615673813,0.325094816081628,0.6541421280045994,0.6349553920224734,0.9889121055603027
1.5,1.0,7,True,187159,5,"[[0, 30, 23, 26, 28, 2, 42, 1, 16, 3, 14, 0], [0, 40, 9, 31, 38, 50, 43, 8, 7, 22, 46, 0], [0, 49, 37, 10, 35, 18, 34, 33, 36, 5, 20, 0], [0, 13, 17, 44, 29, 4, 41, 24, 6, 19, 12, 0], [0, 27, 21, 47, 32, 39, 11, 45, 25, 15, 48, 0]]",3.4645146909169853,0.06872984978059928,1.7922143866308033,0.1844660136848688,0.4019430054111479,0.3252831595804005,0.6541421280045994,0.6349553920224734,0.9889121055603027
1.5,1.0,8,True,187159,5,"[[0, 48, 27, 21, 47, 32, 39, 11, 45, 25, 15, 0], [0, 40, 9, 31, 38, 50, 43, 8, 7, 22, 46, 0], [0, 14, 3, 16, 1, 42, 2, 28, 26, 23, 30, 0], [0, 13, 17, 44, 29, 4, 41, 24, 6, 19, 12, 0], [0, 49, 37, 10, 35, 18, 34, 33, 36, 5, 20, 0]]",3.4645146909169853,0.06872984978059928,1.7922143866308033,0.1844660136848688,0.4019430054111479,0.3252831595804005,0.6541421280045994,0.6349553920224734,0.9889121055603027
1.5,1.0,9,True,187159,5,"[[0, 48, 27, 21, 47, 32, 39, 45, 11, 25, 15, 0], [0, 46, 22, 7, 8, 43, 50, 38, 31, 9, 40, 0], [0, 14, 3, 16, 1, 42, 2, 28, 26, 23, 30, 0], [0, 12, 19, 6, 24, 41, 4, 29, 44, 17, 13, 0], [0, 49, 37, 10, 35, 18, 34, 33, 5, 36, 20, 0]]",4.1366592878475785,0.08861986583759708,1.7922143866308033,0.1844660136848688,0.3571791993818254,0.2992694138838452,0.7056724823124116,0.6929964473820345,0.9889121055603027
2.0,1.0,0,True,195272,5,"[[0, 12, 19, 6, 24, 41, 4, 29, 44, 17, 13, 0], [0, 27, 21, 47, 32, 39, 11, 45, 25, 15, 48, 0], [0, 46, 22, 7, 8, 43, 50, 38, 31, 9, 40, 0], [0, 14, 3, 16, 1, 42, 2, 28, 26, 23, 30, 0], [0, 49, 37, 10, 35, 18, 34, 33, 5, 36, 20, 0]]",4.1366592878475785,0.08861986583759708,1.7922143866308033,0.1844660136848688,0.3571791993818254,0.29926941388384526,0.7056724823124116,0.6929964473820345,0.9889121055603027
2.0,1.0,1,True,195272,5,"[[0, 13, 17, 44, 29, 4, 41, 24, 6, 19, 12, 0], [0, 40, 9, 31, 38, 50, 43, 8, 7, 22, 46, 0], [0, 30, 23, 26, 28, 2, 42, 1, 16, 3, 14, 0], [0, 15, 25, 45, 11, 39, 32, 47, 21, 27, 48, 0], [0, 49, 37, 10, 35, 18, 34, 33, 5, 36, 20, 0]]",3.4645146909169853,0.06872984978059928,1.7922143866308033,0.1844660136848688,0.4019430054111479,0.32528315958040044,0.6541421280045994,0.6349553920224734,0.9889121055603027
2.0,1.0,2,True,195272,5,"[[0, 40, 9, 31, 38, 50, 43, 8, 7, 22, 46, 0], [0, 14, 3, 16, 1, 42, 2, 28, 26, 23, 30, 0], [0, 48, 27, 21, 47, 32, 39, 11, 45, 25, 15, 0], [0, 49, 37, 10, 35, 18, 34, 33, 5, 36, 20, 0], [0, 12, 19, 6, 24, 41, 4, 29, 44, 17, 13, 0]]",3.4566501611843705,0.06867793115476767,1.7922143866308033,0.1844660136848688,0.40285750140277865,0.3261236753613848,0.6540751897615855,0.6346394947743886,0.9889121055603027
2.0,1.0,3,True,195272,5,"[[0, 30, 23, 26, 28, 2, 42, 1, 16, 3, 14, 0], [0, 12, 19, 6, 24, 41, 4, 29, 44, 17, 13, 0], [0, 49, 37, 10, 35, 18, 34, 33, 5, 36, 20, 0], [0, 40, 9, 31, 38, 50, 43, 8, 7, 22, 46, 0], [0, 48, 15, 25, 45, 11, 39, 32, 47, 21, 27, 0]]",3.4566501611843705,0.06867793115476767,1.7922143866308033,0.1844660136848688,0.40285750140277865,0.3261236753613848,0.6540751897615855,0.6346394947743886,0.9889121055603027
2.0,1.0,4,True,195272,5,"[[0, 14, 3, 16, 1, 42, 2, 28, 26, 23, 30, 0], [0, 13, 17, 44, 29, 4, 41, 24, 6, 19, 12, 0], [0, 20, 36, 5, 33, 34, 18, 35, 10, 37, 49, 0], [0, 46, 22, 7, 8, 43, 50, 38, 31, 9, 40, 0], [0, 48, 15, 25, 45, 11, 39, 32, 47, 21, 27, 0]]",4.144523817580193,0.08867010966904702,1.7922143866308033,0.1844660136848688,0.3557423978121983,0.2980010619432535,0.7031949965848867,0.6916814371649589,0.9889121055603027
2.0,1.0,5,True,195272,5,"[[0, 40, 9, 31, 38, 50, 43, 8, 7, 22, 46, 0], [0, 30, 23, 26, 28, 2, 42, 1, 16, 3, 14, 0], [0, 20, 5, 36, 33, 34, 18, 35, 10, 37, 49, 0], [0, 27, 21, 47, 32, 39, 11, 45, 25, 15, 48, 0], [0, 13, 17, 44, 29, 4, 41, 24, 6, 19, 12, 0]]",3.4645146909169853,0.06872984978059928,1.7922143866308033,0.1844660136848688,0.4019430054111479,0.3252831595804005,0.6513572125853675,0.6331988482130596,0.9889121055603027
2.0,1.0,6,True,195272,5,"[[0, 40, 9, 31, 38, 50, 43, 8, 7, 22, 46, 0], [0, 12, 19, 6, 24, 41, 4, 29, 44, 17, 13, 0], [0, 49, 37, 10, 35, 18, 34, 33, 5, 36, 20, 0], [0, 15, 25, 45, 11, 39, 32, 47, 21, 27, 48, 0], [0, 14, 3, 16, 1, 42, 2, 28, 26, 23, 30, 0]]",3.4566501611843705,0.06867793115476767,1.7922143866308033,0.1844660136848688,0.40285750140277865,0.32612367536138487,0.6540751897615855,0.6346394947743886,0.9889121055603027
2.0,1.0,7,True,195272,5,"[[0, 20, 5, 36, 33, 34, 18, 35, 10, 37, 49, 0], [0, 48, 27, 21, 47, 32, 39, 11, 45, 25, 15, 0], [0, 40, 9, 31, 38, 50, 43, 8, 7, 22, 46, 0], [0, 30, 23, 26, 28, 2, 42, 1, 16, 3, 14, 0], [0, 13, 17, 44, 29, 4, 41, 24, 6, 19, 12, 0]]",3.4645146909169853,0.06872984978059928,1.7922143866308033,0.1844660136848688,0.4019430054111479,0.32528315958040044,0.6513572125853675,0.6331988482130596,0.9889121055603027
2.0,1.0,8,True,195753,5,"[[0, 13, 17, 44, 29, 4, 41, 24, 19, 6, 40, 0], [0, 49, 12, 30, 23, 26, 28, 2, 42, 1, 48, 0], [0, 27, 21, 47, 32, 39, 11, 45, 25, 16, 15, 0], [0, 20, 9, 31, 36, 5, 43, 8, 7, 22, 46, 0], [0, 14, 3, 38, 50, 33, 34, 18, 35, 10, 37, 0]]",3.4327250269707292,0.06867793115476767,1.7856930682901293,0.14961456917226315,0.403624882289332,0.3244847192990526,0.6555556827476179,0.6347388780232586,0.9889121055603027
2.0,1.0,9,True,195272,5,"[[0, 15, 25, 45, 11, 39, 32, 47, 21, 27, 48, 0], [0, 14, 3, 16, 1, 42, 2, 28, 26, 23, 30, 0], [0, 40, 9, 31, 38, 50, 43, 8, 7, 22, 46, 0], [0, 49, 37, 10, 35, 18, 34, 33, 5, 36, 20, 0], [0, 13, 17, 44, 29, 4, 41, 24, 6, 19, 12, 0]]",3.4645146909169853,0.06872984978059928,1.7922143866308033,0.1844660136848688,0.4019430054111479,0.3252831595804005,0.6541421280045994,0.6349553920224734,0.9889121055603027
