beta,lambda_concentration,seed,is_feasible,pyvrp_cost,num_routes,routes,global_risk,global_cvar90,max_vehicle_risk,max_vehicle_cvar90,vehicle_risk_gini,risk_variance,edge_burden_gini_used,top10_burden_share,max_edge_burden
0.0,0.0,0,True,133997,5,"[[0, 14, 42, 41, 1, 45, 11, 15, 3, 16, 48, 0], [0, 18, 32, 4, 29, 19, 6, 24, 40, 20, 44, 0], [0, 27, 35, 5, 36, 28, 26, 23, 30, 12, 49, 0], [0, 46, 22, 7, 8, 43, 33, 34, 2, 25, 39, 0], [0, 17, 13, 10, 37, 50, 38, 31, 9, 47, 21, 0]]",7.716447336686542,0.22615139956275623,1.9502565758302808,0.3183250464498997,0.08622269153717688,0.0595992590305684,0.841257477613695,0.8757115287454496,0.9364670515060425
0.0,0.0,1,True,133997,5,"[[0, 17, 13, 10, 37, 50, 38, 31, 9, 47, 21, 0], [0, 18, 32, 4, 29, 6, 19, 24, 40, 20, 44, 0], [0, 14, 42, 41, 1, 11, 45, 15, 3, 16, 48, 0], [0, 46, 22, 7, 8, 43, 33, 34, 2, 25, 39, 0], [0, 27, 35, 5, 36, 28, 26, 23, 30, 12, 49, 0]]",7.716447336686542,0.22615139956275623,1.9502565758302808,0.3183250464498997,0.08622269153717688,0.0595992590305684,0.841257477613695,0.8757115287454496,0.9364670515060425
0.0,0.0,2,True,133998,5,"[[0, 16, 3, 15, 45, 11, 1, 41, 42, 14, 48, 0], [0, 25, 2, 34, 33, 43, 8, 7, 22, 46, 39, 0], [0, 38, 31, 9, 47, 21, 27, 23, 30, 49, 12, 0], [0, 26, 28, 36, 5, 35, 10, 37, 50, 13, 17, 0], [0, 44, 20, 40, 24, 6, 19, 29, 4, 32, 18, 0]]",9.390415609901538,0.3228743620789968,2.7808511814801022,0.4969259276986122,0.16392052353989084,0.3176922660876385,0.847421778462047,0.8698051208934706,0.9364670515060425
0.0,0.0,3,True,133998,5,"[[0, 12, 49, 30, 23, 26, 28, 36, 5, 20, 44, 0], [0, 14, 42, 41, 1, 45, 11, 15, 3, 16, 48, 0], [0, 27, 35, 10, 37, 50, 38, 31, 9, 47, 21, 0], [0, 25, 2, 34, 33, 43, 8, 7, 22, 46, 39, 0], [0, 18, 32, 4, 29, 19, 6, 24, 40, 13, 17, 0]]",7.1785489301837515,0.2084054579337438,2.2325365867000073,0.2559521705843508,0.15585630337924017,0.18799742322999027,0.8398366227697724,0.8695574227124263,0.9364670515060425
0.0,0.0,4,True,133997,5,"[[0, 48, 14, 42, 41, 1, 45, 11, 15, 3, 16, 0], [0, 44, 20, 40, 24, 19, 6, 4, 32, 29, 12, 0], [0, 25, 2, 34, 33, 43, 8, 7, 22, 46, 39, 0], [0, 27, 35, 5, 36, 28, 26, 23, 30, 18, 49, 0], [0, 17, 13, 10, 37, 50, 38, 31, 9, 47, 21, 0]]",8.390445217577508,0.24071092771426325,3.1315617269137874,0.5718779504299164,0.18450274119129206,0.5306117885431427,0.8584367578261036,0.8871349378720215,1.7156859636306763
0.0,0.0,5,True,133999,5,"[[0, 16, 3, 14, 42, 41, 1, 45, 39, 11, 15, 0], [0, 18, 32, 4, 29, 6, 19, 24, 40, 20, 44, 0], [0, 25, 2, 34, 33, 35, 10, 37, 50, 13, 17, 0], [0, 46, 22, 7, 8, 43, 5, 36, 28, 26, 12, 0], [0, 48, 38, 31, 9, 47, 21, 27, 23, 30, 49, 0]]",9.815381586406147,0.32693171004454297,2.6009607835439965,0.35840465625127155,0.11432713853824628,0.17337010993966198,0.8464845886681913,0.8629983327810576,0.9364670515060425
0.0,0.0,6,True,133997,5,"[[0, 16, 3, 14, 42, 41, 1, 45, 11, 39, 48, 0], [0, 15, 46, 22, 7, 8, 43, 17, 13, 18, 49, 0], [0, 27, 35, 10, 37, 50, 38, 31, 9, 47, 21, 0], [0, 12, 29, 4, 32, 6, 19, 24, 40, 20, 44, 0], [0, 25, 2, 34, 33, 5, 36, 28, 26, 23, 30, 0]]",8.700176397767791,0.24337619717698544,2.136955773072259,0.48750196024775505,0.14264380002410681,0.2347181590394128,0.8659827585823456,0.8949938154323233,1.7156859636306763
0.0,0.0,7,True,133998,5,"[[0, 13, 17, 43, 33, 34, 5, 2, 25, 45, 11, 0], [0, 16, 1, 41, 42, 12, 49, 14, 3, 15, 48, 0], [0, 44, 20, 40, 24, 19, 6, 29, 4, 32, 18, 0], [0, 30, 23, 26, 28, 36, 8, 7, 22, 46, 39, 0], [0, 21, 47, 9, 31, 38, 50, 37, 10, 35, 27, 0]]",8.575383534414868,0.2252237247850965,2.564617644296959,0.2934574329604705,0.18714127951319437,0.34190767501267705,0.8449057499392754,0.8733267735937106,0.9364670515060425
0.0,0.0,8,True,133998,5,"[[0, 48, 14, 42, 41, 1, 45, 11, 15, 3, 16, 0], [0, 49, 18, 12, 29, 32, 4, 6, 19, 24, 40, 0], [0, 44, 20, 34, 33, 5, 36, 28, 26, 23, 30, 0], [0, 17, 13, 37, 10, 35, 22, 43, 8, 7, 46, 0], [0, 27, 21, 47, 9, 31, 38, 50, 2, 25, 39, 0]]",8.47756273948471,0.2882319205942062,2.6304655112326145,0.47369358539581297,0.1531758975564046,0.2572976728897932,0.8578784689902217,0.8858397427823491,1.7156859636306763
0.0,0.0,9,True,133997,5,"[[0, 48, 15, 45, 11, 1, 41, 42, 14, 3, 16, 0], [0, 27, 35, 5, 36, 28, 26, 23, 30, 12, 49, 0], [0, 21, 47, 9, 31, 38, 50, 37, 10, 13, 17, 0], [0, 25, 2, 34, 33, 43, 8, 7, 22, 46, 39, 0], [0, 44, 20, 40, 24, 6, 19, 29, 4, 32, 18, 0]]",7.290586472809082,0.21903859412875668,1.93995859939605,0.3183250464498997,0.08387326759452862,0.06278611816684745,0.8399192914477551,0.8699047767858961,0.9364670515060425
0.5,0.0,0,True,151373,5,"[[0, 20, 44, 29, 32, 4, 6, 19, 24, 40, 12, 0], [0, 48, 49, 13, 17, 43, 8, 7, 22, 46, 15, 0], [0, 35, 10, 37, 50, 38, 31, 9, 47, 21, 27, 0], [0, 18, 34, 33, 36, 5, 2, 28, 26, 23, 30, 0], [0, 42, 14, 3, 16, 11, 45, 39, 25, 41, 1, 0]]",5.535121312037518,0.1577995858829597,2.1302982836496085,0.4877278320491314,0.27614291903055577,0.3267193113071218,0.8210172277124186,0.8357825894784816,0.9364670515060425
0.5,0.0,1,True,150861,5,"[[0, 42, 41, 24, 19, 6, 29, 4, 32, 18, 48, 0], [0, 15, 39, 11, 45, 25, 2, 28, 26, 23, 30, 0], [0, 20, 44, 17, 13, 12, 49, 14, 3, 16, 1, 0], [0, 40, 33, 34, 5, 36, 7, 8, 43, 22, 46, 0], [0, 35, 10, 37, 50, 38, 31, 9, 47, 21, 27, 0]]",5.103444180473161,0.148154527215021,2.087086204206571,0.2675841658243111,0.31228241234452137,0.35697232274862356,0.8077501625887022,0.8198076274232444,0.9364670515060425
0.5,0.0,2,True,150861,5,"[[0, 42, 41, 24, 19, 6, 29, 4, 32, 18, 48, 0], [0, 20, 44, 17, 13, 12, 49, 14, 3, 16, 1, 0], [0, 40, 5, 34, 33, 36, 7, 8, 43, 22, 46, 0], [0, 27, 35, 10, 37, 50, 38, 31, 9, 47, 21, 0], [0, 15, 11, 45, 39, 25, 2, 28, 26, 23, 30, 0]]",5.103601334463747,0.148154527215021,2.087086204206571,0.2675841658243111,0.3122727963059493,0.35696741659683606,0.8070182703343534,0.8197823832805855,0.9364670515060425
0.5,0.0,3,True,150859,5,"[[0, 15, 3, 16, 20, 44, 17, 13, 12, 49, 48, 0], [0, 40, 33, 34, 5, 36, 7, 8, 43, 22, 46, 0], [0, 14, 42, 41, 24, 19, 6, 29, 4, 32, 18, 0], [0, 27, 21, 47, 9, 31, 38, 50, 37, 10, 35, 0], [0, 1, 11, 39, 45, 25, 2, 28, 26, 23, 30, 0]]",5.1017390584383975,0.148154527215021,2.1010146755725145,0.2675841658243111,0.32346141054123523,0.375395283299926,0.8089158909608041,0.8229148426795633,0.9364670515060425
0.5,0.0,4,True,150861,5,"[[0, 42, 41, 24, 19, 6, 29, 4, 32, 18, 48, 0], [0, 20, 44, 17, 13, 12, 49, 14, 3, 16, 1, 0], [0, 35, 10, 37, 50, 38, 31, 9, 47, 21, 27, 0], [0, 40, 33, 34, 5, 36, 7, 8, 43, 22, 46, 0], [0, 15, 11, 45, 39, 25, 2, 28, 26, 23, 30, 0]]",5.103444180473161,0.148154527215021,2.087086204206571,0.2675841658243111,0.31228241234452137,0.35697232274862356,0.8077501625887022,0.8198076274232444,0.9364670515060425
0.5,0.0,5,True,150861,5,"[[0, 40, 33, 34, 5, 36, 7, 8, 43, 22, 46, 0], [0, 21, 47, 9, 31, 38, 50, 37, 10, 35, 27, 0], [0, 48, 20, 44, 17, 13, 49, 14, 3, 16, 1, 0], [0, 42, 41, 24, 19, 6, 29, 4, 32, 18, 12, 0], [0, 15, 11, 39, 45, 25, 2, 28, 26, 23, 30, 0]]",5.103601334463747,0.148154527215021,2.0824854464735836,0.3107517883181572,0.310830439842275,0.35388410791065217,0.8070182703343534,0.8197823832805855,0.9364670515060425
0.5,0.0,6,True,150859,5,"[[0, 21, 47, 9, 31, 38, 50, 37, 10, 35, 27, 0], [0, 30, 23, 26, 28, 2, 25, 11, 45, 39, 1, 0], [0, 15, 3, 16, 20, 44, 17, 13, 12, 49, 48, 0], [0, 14, 42, 41, 24, 19, 6, 29, 4, 32, 18, 0], [0, 40, 5, 33, 34, 36, 7, 8, 43, 22, 46, 0]]",5.101896212428983,0.148154527215021,2.1010146755725145,0.2675841658243111,0.3234514469415557,0.3753903985854771,0.8082077715002649,0.8228894943882508,0.9364670515060425
0.5,0.0,7,True,150853,5,"[[0, 48, 18, 32, 4, 29, 6, 19, 24, 41, 1, 0], [0, 27, 35, 10, 37, 50, 38, 31, 9, 47, 21, 0], [0, 42, 14, 3, 16, 20, 44, 17, 13, 12, 49, 0], [0, 15, 11, 39, 45, 25, 2, 28, 26, 23, 30, 0], [0, 40, 5, 33, 34, 36, 7, 8, 43, 22, 46, 0]]",5.112634218377934,0.14860038592347077,2.011700324481353,0.19905737497740322,0.2867156308548007,0.30664838317066334,0.8090014863309123,0.8236029918525147,0.9364670515060425
0.5,0.0,8,True,150853,5,"[[0, 21, 47, 9, 31, 38, 50, 37, 10, 35, 27, 0], [0, 1, 41, 24, 19, 6, 29, 4, 32, 18, 48, 0], [0, 46, 22, 43, 8, 7, 36, 5, 34, 33, 40, 0], [0, 42, 14, 3, 16, 20, 44, 17, 13, 12, 49, 0], [0, 30, 23, 26, 28, 2, 25, 45, 11, 39, 15, 0]]",5.100150174541341,0.148154527215021,1.9992162806447595,0.19767025899555948,0.2854592238185856,0.3017337653481955,0.8087564894781623,0.8231712108447026,0.9364670515060425
0.5,0.0,9,True,152058,5,"[[0, 15, 11, 45, 39, 16, 3, 14, 42, 41, 1, 0], [0, 46, 22, 43, 8, 7, 36, 5, 34, 33, 25, 0], [0, 27, 21, 47, 29, 32, 4, 6, 19, 24, 40, 0], [0, 49, 30, 23, 26, 28, 2, 9, 31, 38, 50, 0], [0, 48, 20, 44, 17, 13, 37, 10, 35, 18, 12, 0]]",5.300561372736411,0.11664180222310518,1.5561447479994968,0.22709672463436922,0.20000602241327647,0.15545320489674755,0.8183726907865059,0.8278574188101283,0.9364670515060425
1.0,0.0,0,True,161886,5,"[[0, 41, 24, 19, 6, 4, 32, 29, 47, 21, 27, 0], [0, 20, 44, 17, 13, 12, 14, 42, 16, 3, 15, 0], [0, 39, 38, 50, 5, 33, 34, 18, 35, 10, 37, 0], [0, 45, 46, 22, 43, 8, 7, 36, 31, 9, 40, 0], [0, 48, 1, 11, 25, 2, 28, 26, 23, 30, 49, 0]]",3.685410931117076,0.09935898368281347,1.4074287489056587,0.16939501357930048,0.35543767820972283,0.2313029697137848,0.7512089018542243,0.7464350605628758,0.9364670515060425
1.0,0.0,1,True,162029,5,"[[0, 49, 30, 23, 26, 28, 2, 25, 45, 11, 15, 0], [0, 42, 41, 24, 19, 6, 29, 4, 32, 39, 48, 0], [0, 46, 22, 5, 50, 38, 31, 9, 47, 21, 27, 0], [0, 40, 20, 44, 17, 13, 12, 14, 3, 16, 1, 0], [0, 36, 7, 8, 43, 33, 34, 18, 35, 10, 37, 0]]",3.919869164667034,0.10805774273143874,1.1623904453299474,0.12366558471694589,0.19736637921451283,0.076687092065542,0.7688344427694136,0.7664210643952921,0.9364670515060425
1.0,0.0,2,True,162349,5,"[[0, 20, 44, 38, 50, 5, 36, 31, 9, 40, 48, 0], [0, 34, 33, 43, 8, 7, 22, 46, 11, 39, 45, 0], [0, 14, 42, 41, 24, 19, 6, 17, 13, 12, 49, 0], [0, 37, 10, 35, 18, 32, 4, 29, 47, 21, 27, 0], [0, 30, 23, 26, 28, 2, 25, 15, 3, 16, 1, 0]]",3.56452739002998,0.09548698869292382,1.1789683269744273,0.1620279693355163,0.28422133414343365,0.13236611914361904,0.7541147934950849,0.7472437729726364,0.9364670515060425
1.0,0.0,3,True,161950,5,"[[0, 48, 1, 41, 24, 19, 6, 29, 4, 32, 39, 0], [0, 11, 45, 25, 2, 28, 26, 23, 30, 12, 49, 0], [0, 40, 10, 37, 13, 17, 44, 20, 16, 3, 15, 0], [0, 46, 22, 7, 8, 43, 5, 33, 34, 18, 35, 0], [0, 42, 14, 36, 50, 38, 31, 9, 47, 21, 27, 0]]",3.904943720968731,0.10805653835888263,1.1657637438038364,0.10064815394580365,0.21065837835423884,0.08826913245791425,0.7676062889589295,0.7647765276370326,0.9364670515060425
1.0,0.0,4,True,162050,5,"[[0, 1, 16, 3, 15, 25, 2, 28, 26, 23, 30, 0], [0, 37, 10, 35, 18, 32, 4, 29, 47, 21, 27, 0], [0, 14, 42, 41, 24, 19, 6, 40, 44, 20, 48, 0], [0, 45, 39, 9, 31, 38, 50, 36, 5, 33, 34, 0], [0, 49, 12, 13, 17, 43, 8, 7, 22, 46, 11, 0]]",3.6722166044273763,0.07506269644442443,1.1789683269744273,0.1620279693355163,0.27090078850603794,0.132306309076752,0.756912835799624,0.7506887727950736,0.9364670515060425
1.0,0.0,5,True,161854,5,"[[0, 27, 35, 18, 34, 33, 5, 50, 38, 3, 15, 0], [0, 30, 23, 26, 28, 2, 25, 45, 11, 16, 1, 0], [0, 14, 42, 41, 24, 6, 19, 29, 4, 32, 39, 0], [0, 48, 49, 12, 40, 37, 10, 13, 17, 44, 20, 0], [0, 46, 22, 43, 8, 7, 36, 31, 9, 47, 21, 0]]",3.678559349391435,0.07937683255544731,1.1843570769997314,0.1620279693355163,0.24612074218661162,0.10701148834607795,0.7557445342563573,0.7501041436200252,0.9364670515060425
1.0,0.0,6,True,161887,5,"[[0, 48, 11, 45, 25, 2, 28, 26, 23, 30, 49, 0], [0, 20, 44, 17, 13, 12, 14, 42, 16, 3, 15, 0], [0, 41, 24, 19, 6, 4, 32, 29, 47, 21, 27, 0], [0, 39, 38, 50, 5, 33, 34, 18, 35, 10, 37, 0], [0, 1, 46, 22, 43, 8, 7, 36, 31, 9, 40, 0]]",3.685410931117076,0.09935898368281347,1.4074287489056587,0.16939501357930048,0.3483775716133277,0.22146894248187982,0.7512089018542243,0.7464350605628758,0.9364670515060425
1.0,0.0,7,True,161861,5,"[[0, 48, 11, 45, 25, 2, 28, 26, 23, 30, 49, 0], [0, 46, 22, 43, 8, 7, 36, 31, 9, 47, 21, 0], [0, 39, 32, 4, 29, 6, 19, 24, 41, 42, 14, 0], [0, 15, 3, 38, 50, 5, 33, 34, 18, 35, 27, 0], [0, 1, 16, 20, 44, 17, 13, 10, 37, 40, 12, 0]]",3.6807314958496136,0.07937683255544731,1.1703645015368238,0.12366558471694589,0.2395229530493732,0.10212726429713803,0.7566255330347131,0.753032048067976,0.9364670515060425
1.0,0.0,8,True,161864,5,"[[0, 14, 3, 38, 50, 36, 31, 9, 47, 21, 27, 0], [0, 12, 40, 10, 37, 13, 17, 44, 20, 16, 1, 0], [0, 42, 41, 24, 6, 19, 29, 4, 32, 39, 48, 0], [0, 35, 18, 34, 33, 5, 43, 8, 7, 22, 46, 0], [0, 15, 11, 45, 25, 2, 28, 26, 23, 30, 49, 0]]",3.4734092799844802,0.07547411941649283,1.1623904453299474,0.12366558471694589,0.3080774786932765,0.146542650799302,0.748315141322877,0.7376311083198959,0.9364670515060425
1.0,0.0,9,True,161276,5,"[[0, 14, 42, 41, 24, 19, 6, 17, 13, 12, 49, 0], [0, 1, 16, 3, 15, 25, 2, 28, 26, 23, 30, 0], [0, 45, 11, 39, 32, 4, 29, 47, 21, 27, 48, 0], [0, 20, 44, 38, 50, 33, 34, 18, 35, 10, 37, 0], [0, 46, 22, 7, 8, 43, 5, 36, 31, 9, 40, 0]]",3.7791283538972493,0.10347698966938036,1.1789683269744273,0.1620279693355163,0.19384476869383382,0.07012202574625347,0.7655921110052517,0.761890513566206,0.9364670515060425
1.5,0.0,0,True,170580,5,"[[0, 48, 45, 11, 39, 32, 4, 29, 47, 21, 27, 0], [0, 46, 22, 7, 8, 43, 5, 50, 38, 44, 20, 0], [0, 12, 49, 13, 17, 6, 19, 24, 41, 42, 14, 0], [0, 30, 23, 26, 28, 2, 25, 15, 3, 16, 1, 0], [0, 37, 10, 35, 18, 34, 33, 36, 31, 9, 40, 0]]",3.7835858451144304,0.10347698966938036,1.1789683269744273,0.1620279693355163,0.2130366411650042,0.09789421744449886,0.7661842587977195,0.7628713059526322,0.9364670515060425
1.5,0.0,1,True,171267,5,"[[0, 48, 46, 22, 43, 8, 7, 36, 31, 9, 40, 0], [0, 27, 35, 10, 37, 13, 17, 44, 20, 16, 1, 0], [0, 11, 45, 25, 2, 28, 26, 23, 30, 12, 49, 0], [0, 21, 47, 29, 4, 6, 19, 24, 41, 42, 14, 0], [0, 39, 32, 18, 34, 33, 5, 50, 38, 3, 15, 0]]",3.4084447582645225,0.07310005633489174,1.1657637438038364,0.10064815394580365,0.23304460060217091,0.08455906988919151,0.7409131790312375,0.7303159133788555,0.9364670515060425
1.5,0.0,2,True,171375,5,"[[0, 1, 41, 24, 19, 6, 4, 29, 47, 21, 27, 0], [0, 49, 30, 23, 26, 28, 2, 25, 11, 45, 15, 0], [0, 39, 32, 18, 35, 10, 37, 13, 17, 44, 20, 0], [0, 42, 14, 3, 16, 46, 22, 43, 8, 7, 36, 0], [0, 34, 33, 5, 50, 38, 31, 9, 40, 12, 48, 0]]",3.422461642032431,0.06630783077133329,1.1623904453299474,0.12366558471694589,0.2770068671808583,0.11706281950668236,0.7391417626442867,0.7290614015167776,0.9364670515060425
1.5,0.0,3,True,170650,5,"[[0, 46, 22, 7, 8, 43, 5, 50, 38, 44, 20, 0], [0, 37, 10, 35, 18, 34, 33, 36, 31, 9, 40, 0], [0, 13, 17, 6, 19, 24, 41, 42, 16, 3, 15, 0], [0, 14, 12, 49, 30, 23, 26, 28, 2, 25, 1, 0], [0, 27, 21, 47, 29, 4, 32, 39, 11, 45, 48, 0]]",3.792013955535367,0.10347698966938036,1.227306256419979,0.1268429532647133,0.2185511038901813,0.10551657017497433,0.7618504992442741,0.757851368196458,0.9364670515060425
1.5,0.0,4,True,170591,5,"[[0, 27, 21, 47, 29, 4, 32, 39, 16, 3, 15, 0], [0, 1, 45, 11, 25, 2, 28, 26, 23, 30, 48, 0], [0, 46, 22, 7, 8, 43, 5, 50, 38, 44, 20, 0], [0, 14, 42, 41, 24, 19, 6, 17, 13, 49, 12, 0], [0, 40, 9, 31, 36, 33, 34, 18, 35, 10, 37, 0]]",3.785861659562215,0.10347698966938036,1.1975351559231058,0.1620279693355163,0.21845397571456848,0.1008587417225925,0.7616360548605274,0.7586558817295744,0.9364670515060425
1.5,0.0,5,True,171450,5,"[[0, 14, 3, 38, 50, 5, 33, 34, 18, 35, 27, 0], [0, 15, 39, 32, 4, 29, 6, 19, 24, 41, 42, 0], [0, 21, 47, 9, 31, 36, 7, 8, 43, 22, 46, 0], [0, 1, 16, 45, 11, 25, 2, 28, 26, 23, 30, 0], [0, 48, 49, 12, 40, 37, 10, 13, 17, 44, 20, 0]]",3.678946204810927,0.07937683255544731,1.1843570769997314,0.1620279693355163,0.2410137256699263,0.10168318664993214,0.7556103313639286,0.7494064008239303,0.9364670515060425
1.5,0.0,6,True,171448,5,"[[0, 1, 16, 45, 11, 25, 2, 28, 26, 23, 30, 0], [0, 14, 42, 41, 24, 6, 19, 29, 4, 32, 39, 0], [0, 27, 35, 18, 34, 33, 5, 50, 38, 3, 15, 0], [0, 48, 49, 12, 40, 37, 10, 13, 17, 44, 20, 0], [0, 46, 22, 43, 8, 7, 36, 31, 9, 47, 21, 0]]",3.678559349391435,0.07937683255544731,1.1843570769997314,0.1620279693355163,0.24612074218661162,0.10701148834607795,0.7557445342563573,0.7501041436200252,0.9364670515060425
1.5,0.0,7,True,171451,5,"[[0, 20, 44, 17, 13, 10, 37, 40, 49, 12, 48, 0], [0, 1, 16, 45, 11, 25, 2, 28, 26, 23, 30, 0], [0, 15, 3, 38, 50, 5, 43, 8, 7, 22, 46, 0], [0, 35, 18, 34, 33, 36, 31, 9, 47, 21, 27, 0], [0, 39, 32, 4, 29, 6, 19, 24, 41, 42, 14, 0]]",3.471458490654186,0.07547411941649283,1.1843570769997314,0.1620279693355163,0.31194185242938777,0.14972621263774621,0.7466946852413516,0.7367103560100052,0.9364670515060425
1.5,0.0,8,True,171267,5,"[[0, 12, 30, 23, 26, 28, 2, 25, 11, 45, 15, 0], [0, 49, 40, 9, 31, 36, 7, 8, 43, 22, 46, 0], [0, 42, 41, 24, 19, 6, 4, 29, 47, 21, 27, 0], [0, 14, 3, 38, 50, 5, 33, 34, 18, 32, 39, 0], [0, 48, 1, 16, 20, 44, 17, 13, 37, 10, 35, 0]]",3.4214896857956774,0.07346723409479156,1.1655592312745284,0.12366558471694589,0.27065669511226265,0.12987638908609533,0.7420343995770076,0.7288815296620643,0.9364670515060425
1.5,0.0,9,True,171751,5,"[[0, 1, 46, 22, 7, 8, 43, 17, 13, 49, 12, 0], [0, 30, 23, 26, 28, 2, 25, 45, 16, 3, 15, 0], [0, 48, 14, 42, 41, 24, 19, 6, 40, 44, 20, 0], [0, 37, 10, 35, 18, 32, 4, 29, 47, 21, 27, 0], [0, 11, 39, 9, 31, 38, 50, 5, 36, 33, 34, 0]]",3.67355302406213,0.07506269644442443,1.147780504077673,0.1620279693355163,0.26016893837438526,0.12298928222802778,0.7546016085554463,0.7485596833451991,0.9364670515060425
2.0,0.0,0,True,179886,5,"[[0, 46, 22, 7, 8, 43, 5, 50, 38, 44, 20, 0], [0, 14, 42, 41, 24, 6, 19, 17, 13, 49, 12, 0], [0, 40, 9, 31, 36, 33, 34, 18, 35, 10, 37, 0], [0, 1, 16, 3, 15, 25, 2, 28, 26, 23, 30, 0], [0, 48, 11, 45, 39, 32, 4, 29, 47, 21, 27, 0]]",3.7845252399274614,0.10347698966938036,1.1789683269744273,0.1620279693355163,0.21278518522118306,0.09768748947796285,0.7639498577059904,0.7608040268846442,0.9364670515060425
2.0,0.0,1,True,179728,5,"[[0, 1, 16, 20, 44, 17, 13, 37, 10, 35, 27, 0], [0, 42, 14, 49, 30, 23, 26, 28, 2, 25, 45, 0], [0, 21, 47, 29, 4, 41, 24, 6, 19, 12, 48, 0], [0, 40, 9, 31, 36, 7, 8, 43, 22, 46, 11, 0], [0, 15, 3, 38, 50, 5, 33, 34, 18, 32, 39, 0]]",3.0321093653255957,0.05973455591925553,1.3041897303191945,0.18055729133387408,0.28597669678644877,0.12988669634627142,0.7084835823955196,0.6917508105589109,0.9364670515060425
2.0,0.0,2,True,179925,5,"[[0, 27, 21, 47, 29, 4, 41, 24, 19, 6, 40, 0], [0, 34, 33, 5, 50, 38, 31, 9, 3, 14, 48, 0], [0, 20, 44, 17, 13, 37, 10, 35, 18, 32, 39, 0], [0, 12, 30, 23, 26, 28, 2, 25, 45, 11, 15, 0], [0, 49, 36, 7, 8, 43, 22, 46, 1, 16, 42, 0]]",3.035423991699645,0.0569688716047519,1.1655592312745284,0.12366558471694589,0.25346171374809434,0.09177224514405123,0.7095152609880528,0.6912367342331848,0.9364670515060425
2.0,0.0,3,True,180434,5,"[[0, 14, 42, 41, 24, 19, 6, 17, 13, 49, 12, 0], [0, 30, 23, 26, 28, 2, 25, 45, 11, 39, 48, 0], [0, 1, 16, 20, 44, 29, 4, 32, 47, 21, 27, 0], [0, 37, 10, 35, 18, 34, 33, 36, 31, 9, 40, 0], [0, 46, 22, 7, 8, 43, 5, 50, 38, 3, 15, 0]]",3.7093874748097733,0.07363519940133158,1.1534472150960937,0.1620279693355163,0.23898923796392224,0.10360664194252374,0.757265681702183,0.7515580559454028,0.9364670515060425
2.0,0.0,4,True,179704,5,"[[0, 42, 14, 3, 38, 50, 36, 31, 9, 40, 49, 0], [0, 48, 30, 23, 26, 28, 2, 25, 45, 16, 1, 0], [0, 12, 19, 6, 24, 41, 4, 29, 47, 21, 27, 0], [0, 20, 44, 17, 13, 37, 10, 35, 18, 32, 39, 0], [0, 34, 33, 5, 43, 8, 7, 22, 46, 11, 15, 0]]",2.799256276419328,0.058171359880361706,1.194725138717331,0.1620279693355163,0.31492522242512866,0.1168826890904456,0.6927862529123363,0.6727826505829396,0.9364670515060425
2.0,0.0,5,True,179267,5,"[[0, 40, 9, 31, 36, 33, 34, 18, 35, 10, 37, 0], [0, 13, 17, 19, 6, 24, 41, 4, 29, 44, 20, 0], [0, 27, 21, 47, 32, 39, 45, 11, 16, 1, 48, 0], [0, 42, 14, 49, 12, 30, 23, 26, 28, 2, 25, 0], [0, 46, 22, 7, 8, 43, 5, 50, 38, 3, 15, 0]]",3.0595113519812003,0.05865353516613444,1.3127121044090018,0.18055729133387408,0.31641391155419707,0.14187291584613376,0.7071914311568179,0.6883917396567515,0.9364670515060425
2.0,0.0,6,True,179999,5,"[[0, 13, 17, 6, 19, 24, 41, 4, 32, 39, 1, 0], [0, 42, 14, 3, 16, 20, 44, 29, 47, 21, 27, 0], [0, 48, 40, 9, 31, 36, 7, 8, 43, 22, 46, 0], [0, 12, 49, 30, 23, 26, 28, 2, 25, 11, 45, 0], [0, 37, 10, 35, 18, 34, 33, 5, 50, 38, 15, 0]]",3.0994737376458943,0.058538772417484106,1.1657637438038364,0.10064815394580365,0.2979233243451891,0.11077553885150855,0.7171764638277509,0.7042492872264933,0.9364670515060425
2.0,0.0,7,True,179267,5,"[[0, 48, 27, 21, 47, 32, 39, 45, 11, 16, 1, 0], [0, 20, 44, 29, 4, 41, 24, 19, 6, 17, 13, 0], [0, 37, 10, 35, 18, 34, 33, 50, 38, 3, 15, 0], [0, 40, 9, 31, 36, 5, 43, 8, 7, 22, 46, 0], [0, 25, 2, 28, 26, 23, 30, 49, 12, 14, 42, 0]]",2.6421859363326803,0.048331101504819736,1.3114415273303166,0.18055729133387408,0.39542080286677206,0.17205631266307192,0.6704395812629012,0.644678509213672,0.9364670515060425
2.0,0.0,8,True,179857,5,"[[0, 15, 45, 25, 2, 28, 26, 23, 30, 12, 48, 0], [0, 39, 32, 18, 35, 10, 37, 13, 17, 44, 20, 0], [0, 42, 14, 3, 9, 31, 38, 50, 5, 33, 34, 0], [0, 49, 36, 7, 8, 43, 22, 46, 11, 16, 1, 0], [0, 40, 6, 19, 24, 41, 4, 29, 47, 21, 27, 0]]",3.022159052976349,0.05663146501457369,1.175927292992128,0.12366558471694589,0.2320738947129568,0.08609224556629344,0.7075973235609274,0.6884845448734108,0.9364670515060425
2.0,0.0,9,True,180542,5,"[[0, 45, 11, 39, 32, 18, 35, 10, 37, 40, 12, 0], [0, 34, 33, 36, 5, 50, 38, 31, 9, 3, 15, 0], [0, 46, 22, 7, 8, 43, 20, 44, 17, 13, 49, 0], [0, 19, 6, 24, 41, 4, 29, 47, 21, 27, 48, 0], [0, 42, 14, 30, 23, 26, 28, 2, 25, 16, 1, 0]]",3.225592166192655,0.06225005159708294,1.3313054376048967,0.13756257621571422,0.3218414655606281,0.14872866789802444,0.7270283046196984,0.7094600994297638,0.9364670515060425
3.0,0.0,0,True,193839,5,"[[0, 27, 21, 47, 32, 39, 11, 45, 15, 3, 14, 0], [0, 13, 17, 44, 29, 4, 41, 24, 6, 19, 12, 0], [0, 46, 22, 7, 8, 43, 50, 38, 31, 9, 40, 0], [0, 48, 37, 10, 35, 18, 34, 33, 5, 36, 20, 0], [0, 42, 16, 1, 25, 2, 28, 26, 23, 30, 49, 0]]",2.9853141108396812,0.054867975464141044,1.310990291996859,0.18055729133387408,0.33934758207178106,0.15053352634550382,0.7084060786072497,0.6889370815985213,0.9364670515060425
3.0,0.0,1,True,195028,5,"[[0, 48, 14, 42, 16, 3, 15, 39, 32, 47, 21, 0], [0, 9, 31, 38, 50, 36, 5, 33, 34, 18, 35, 0], [0, 1, 45, 11, 25, 2, 28, 26, 23, 30, 12, 0], [0, 46, 22, 7, 8, 43, 17, 13, 37, 10, 27, 0], [0, 49, 40, 19, 6, 24, 41, 4, 29, 44, 20, 0]]",2.840215465774236,0.0554853167713565,1.1929343981901184,0.12366558471694589,0.3187175016812449,0.1190791751284372,0.6953534469031715,0.674543896098735,0.9364670515060425
3.0,0.0,2,True,194605,5,"[[0, 20, 44, 29, 4, 41, 24, 6, 19, 12, 49, 0], [0, 30, 23, 26, 28, 2, 25, 45, 11, 15, 48, 0], [0, 40, 9, 31, 38, 50, 5, 36, 7, 22, 46, 0], [0, 27, 21, 47, 32, 39, 1, 16, 3, 14, 42, 0], [0, 37, 10, 35, 18, 34, 33, 43, 8, 17, 13, 0]]",2.6557061006024014,0.04618230849705838,1.1701599890075158,0.1620279693355163,0.3663641324420277,0.13327794711489915,0.6779908730848392,0.6513661793939044,0.9364670515060425
3.0,0.0,3,True,193721,5,"[[0, 12, 19, 6, 24, 41, 4, 29, 44, 17, 13, 0], [0, 27, 21, 47, 32, 39, 1, 16, 3, 14, 42, 0], [0, 40, 9, 31, 38, 50, 43, 8, 7, 22, 46, 0], [0, 20, 36, 5, 33, 34, 18, 35, 10, 37, 49, 0], [0, 30, 23, 26, 28, 2, 25, 45, 11, 15, 48, 0]]",2.539921626994328,0.04685351520995883,1.1701599890075158,0.1620279693355163,0.3859000406006423,0.1421513569293716,0.6665135375368736,0.6393455718559746,0.9364670515060425
3.0,0.0,4,True,194656,5,"[[0, 1, 45, 25, 2, 28, 26, 23, 30, 14, 48, 0], [0, 20, 5, 33, 34, 18, 35, 10, 37, 40, 12, 0], [0, 9, 31, 38, 50, 36, 7, 8, 43, 22, 46, 0], [0, 49, 13, 17, 44, 29, 4, 41, 24, 6, 19, 0], [0, 27, 21, 47, 32, 39, 11, 15, 3, 16, 42, 0]]",2.7791521773688146,0.04924987724705322,1.2265534260077402,0.10064437799155712,0.3437512123430846,0.13344102697409418,0.6864549445789583,0.6590774518298803,0.9364670515060425
3.0,0.0,5,True,193721,5,"[[0, 12, 19, 6, 24, 41, 4, 29, 44, 17, 13, 0], [0, 27, 21, 47, 32, 39, 1, 16, 3, 14, 42, 0], [0, 40, 9, 31, 38, 50, 43, 8, 7, 22, 46, 0], [0, 49, 30, 23, 26, 28, 2, 25, 11, 45, 15, 0], [0, 37, 10, 35, 18, 34, 33, 5, 36, 20, 48, 0]]",2.538982232181297,0.04685351520995883,1.1623904453299474,0.12366558471694589,0.38144264763674074,0.13923466310107463,0.6697883591606961,0.6427634740974772,0.9364670515060425
3.0,0.0,6,True,195196,5,"[[0, 46, 22, 7, 8, 43, 5, 33, 34, 18, 35, 0], [0, 42, 14, 30, 23, 26, 28, 2, 25, 45, 11, 0], [0, 19, 6, 24, 41, 4, 29, 44, 17, 13, 49, 0], [0, 20, 36, 50, 38, 31, 9, 3, 15, 16, 1, 0], [0, 48, 39, 32, 47, 21, 27, 10, 37, 40, 12, 0]]",2.9720486545193125,0.05751309229859284,1.3015912122791633,0.18055729133387408,0.3155491170170561,0.13942672745336904,0.7056575698157657,0.6831128822231205,0.9364670515060425
3.0,0.0,7,True,193721,5,"[[0, 20, 36, 5, 33, 34, 18, 35, 10, 37, 48, 0], [0, 12, 19, 6, 24, 41, 4, 29, 44, 17, 13, 0], [0, 15, 11, 45, 25, 2, 28, 26, 23, 30, 49, 0], [0, 27, 21, 47, 32, 39, 1, 16, 3, 14, 42, 0], [0, 46, 22, 7, 8, 43, 50, 38, 31, 9, 40, 0]]",2.955037070751132,0.05751309229859284,1.1623904453299474,0.12366558471694589,0.3144428546248754,0.11587254692204733,0.7089987333149013,0.6885689902025648,0.9364670515060425
3.0,0.0,8,True,193721,5,"[[0, 49, 30, 23, 26, 28, 2, 25, 11, 45, 15, 0], [0, 27, 21, 47, 32, 39, 1, 16, 3, 14, 42, 0], [0, 12, 19, 6, 24, 41, 4, 29, 44, 17, 13, 0], [0, 48, 20, 36, 5, 33, 34, 18, 35, 10, 37, 0], [0, 40, 9, 31, 38, 50, 43, 8, 7, 22, 46, 0]]",2.539921626994328,0.04685351520995883,1.1623904453299474,0.12366558471694589,0.3810056888411275,0.1391163898863659,0.6665135375368736,0.6393455718559746,0.9364670515060425
3.0,0.0,9,True,193721,5,"[[0, 46, 22, 7, 8, 43, 50, 38, 31, 9, 40, 0], [0, 12, 19, 6, 24, 41, 4, 29, 44, 17, 13, 0], [0, 27, 21, 47, 32, 39, 1, 16, 3, 14, 42, 0], [0, 49, 30, 23, 26, 28, 2, 25, 45, 11, 15, 0], [0, 48, 20, 36, 5, 33, 34, 18, 35, 10, 37, 0]]",2.955037070751132,0.05751309229859284,1.1623904453299474,0.12366558471694589,0.3144428546248754,0.11587254692204733,0.7089987333149013,0.6885689902025648,0.9364670515060425
