beta,lambda_concentration,seed,is_feasible,pyvrp_cost,num_routes,routes,global_risk,global_cvar90,max_vehicle_risk,max_vehicle_cvar90,vehicle_risk_gini,risk_variance,edge_burden_gini_used,top10_burden_share,max_edge_burden
0.0,0.0,0,True,133997,5,"[[0, 14, 42, 41, 1, 45, 11, 15, 3, 16, 48, 0], [0, 18, 32, 4, 29, 19, 6, 24, 40, 20, 44, 0], [0, 27, 35, 5, 36, 28, 26, 23, 30, 12, 49, 0], [0, 46, 22, 7, 8, 43, 33, 34, 2, 25, 39, 0], [0, 17, 13, 10, 37, 50, 38, 31, 9, 47, 21, 0]]",9.341115188319236,0.1845668236846509,2.631893060868606,0.3719603270292282,0.09415015118266012,0.14951895685666525,0.8506030615185076,0.8874822466946852,1.029054045677185
0.0,0.0,1,True,133997,5,"[[0, 17, 13, 10, 37, 50, 38, 31, 9, 47, 21, 0], [0, 18, 32, 4, 29, 6, 19, 24, 40, 20, 44, 0], [0, 14, 42, 41, 1, 11, 45, 15, 3, 16, 48, 0], [0, 46, 22, 7, 8, 43, 33, 34, 2, 25, 39, 0], [0, 27, 35, 5, 36, 28, 26, 23, 30, 12, 49, 0]]",9.341115188319236,0.1845668236846509,2.631893060868606,0.3719603270292282,0.09415015118266012,0.14951895685666525,0.8506030615185076,0.8874822466946852,1.029054045677185
0.0,0.0,2,True,133998,5,"[[0, 16, 3, 15, 45, 11, 1, 41, 42, 14, 48, 0], [0, 25, 2, 34, 33, 43, 8, 7, 22, 46, 39, 0], [0, 38, 31, 9, 47, 21, 27, 23, 30, 49, 12, 0], [0, 26, 28, 36, 5, 35, 10, 37, 50, 13, 17, 0], [0, 44, 20, 40, 24, 6, 19, 29, 4, 32, 18, 0]]",11.43724664952606,0.39449953918273634,2.9839779707835987,0.5105052709579467,0.16248526099299831,0.4874617473780571,0.8542924674769132,0.8732620018493618,1.029054045677185
1.0,0.0,0,True,159177,5,"[[0, 39, 9, 31, 38, 50, 13, 17, 44, 20, 48, 0], [0, 1, 16, 3, 14, 42, 41, 24, 6, 19, 40, 0], [0, 34, 33, 5, 36, 7, 8, 43, 22, 46, 15, 0], [0, 27, 21, 47, 29, 4, 32, 18, 35, 10, 37, 0], [0, 45, 11, 25, 2, 28, 26, 23, 30, 12, 49, 0]]",4.477627272892278,0.08230042999440973,1.2003254571463913,0.1330863248024668,0.17095151414949927,0.0771223182083666,0.7877818785037503,0.7881245159947569,0.6594502329826355
1.0,0.0,1,True,158507,5,"[[0, 49, 30, 23, 26, 28, 2, 25, 45, 11, 15, 0], [0, 37, 10, 35, 18, 34, 33, 5, 50, 38, 39, 0], [0, 41, 24, 19, 6, 4, 32, 29, 47, 21, 27, 0], [0, 12, 13, 17, 44, 20, 16, 3, 14, 42, 48, 0], [0, 1, 46, 22, 43, 8, 7, 36, 31, 9, 40, 0]]",4.1238813796662726,0.07280604582693842,1.6693242916371673,0.16303942186964882,0.3215332302399909,0.2412602776751273,0.7825504739413305,0.7769333485347754,0.6594502329826355
1.0,0.0,2,True,159121,5,"[[0, 14, 3, 9, 31, 38, 50, 5, 36, 33, 34, 0], [0, 15, 46, 22, 7, 8, 43, 17, 13, 49, 48, 0], [0, 42, 41, 24, 19, 6, 40, 44, 20, 16, 1, 0], [0, 45, 11, 39, 25, 2, 28, 26, 23, 30, 12, 0], [0, 27, 21, 47, 29, 4, 32, 18, 35, 10, 37, 0]]",4.200923457334284,0.07736254570096038,1.3725290631409734,0.14146005257498473,0.2785670686106161,0.17361779327080812,0.7759763765930126,0.772430631493487,0.6594502329826355
