beta,lambda_concentration,seed,is_feasible,pyvrp_cost,num_routes,routes,global_risk,global_cvar90,max_vehicle_risk,max_vehicle_cvar90,vehicle_risk_gini,risk_variance,edge_burden_gini_used,top10_burden_share,max_edge_burden
0.0,0.0,0,True,133997,5,"[[0, 14, 42, 41, 1, 45, 11, 15, 3, 16, 48, 0], [0, 18, 32, 4, 29, 19, 6, 24, 40, 20, 44, 0], [0, 27, 35, 5, 36, 28, 26, 23, 30, 12, 49, 0], [0, 46, 22, 7, 8, 43, 33, 34, 2, 25, 39, 0], [0, 17, 13, 10, 37, 50, 38, 31, 9, 47, 21, 0]]",6.429770084912889,0.2047238045571638,1.9564758383203298,0.30058238888159394,0.1512564540963619,0.13765473105674883,0.8698411679405682,0.8899063747770006,0.8755898475646973
0.0,0.0,1,True,133997,5,"[[0, 17, 13, 10, 37, 50, 38, 31, 9, 47, 21, 0], [0, 18, 32, 4, 29, 6, 19, 24, 40, 20, 44, 0], [0, 14, 42, 41, 1, 11, 45, 15, 3, 16, 48, 0], [0, 46, 22, 7, 8, 43, 33, 34, 2, 25, 39, 0], [0, 27, 35, 5, 36, 28, 26, 23, 30, 12, 49, 0]]",6.429770084912889,0.2047238045571638,1.9564758383203298,0.30058238888159394,0.1512564540963619,0.13765473105674883,0.8698411679405682,0.8899063747770006,0.8755898475646973
0.0,0.0,2,True,133998,5,"[[0, 16, 3, 15, 45, 11, 1, 41, 42, 14, 48, 0], [0, 25, 2, 34, 33, 43, 8, 7, 22, 46, 39, 0], [0, 38, 31, 9, 47, 21, 27, 23, 30, 49, 12, 0], [0, 26, 28, 36, 5, 35, 10, 37, 50, 13, 17, 0], [0, 44, 20, 40, 24, 6, 19, 29, 4, 32, 18, 0]]",7.954256116761826,0.27764261786181194,2.5564933004789054,0.49828050285577774,0.24549408449803178,0.4908669177939484,0.8747913662653781,0.8964338958957334,0.8755898475646973
0.0,0.0,3,True,133998,5,"[[0, 12, 49, 30, 23, 26, 28, 36, 5, 20, 44, 0], [0, 14, 42, 41, 1, 45, 11, 15, 3, 16, 48, 0], [0, 27, 35, 10, 37, 50, 38, 31, 9, 47, 21, 0], [0, 25, 2, 34, 33, 43, 8, 7, 22, 46, 39, 0], [0, 18, 32, 4, 29, 19, 6, 24, 40, 13, 17, 0]]",5.954851799207972,0.18799591566702084,1.9233450417232234,0.22098547557834536,0.2564870026251842,0.31220480970236864,0.8691445715565564,0.8851646478860136,0.8755898475646973
0.0,0.0,4,True,133997,5,"[[0, 48, 14, 42, 41, 1, 45, 11, 15, 3, 16, 0], [0, 44, 20, 40, 24, 19, 6, 4, 32, 29, 12, 0], [0, 25, 2, 34, 33, 43, 8, 7, 22, 46, 39, 0], [0, 27, 35, 5, 36, 28, 26, 23, 30, 18, 49, 0], [0, 17, 13, 10, 37, 50, 38, 31, 9, 47, 21, 0]]",7.336837348353583,0.22962602497688656,2.9868233632296324,0.559654152393341,0.3028205095599812,0.7032469274716505,0.8903559784450197,0.9074124403441984,1.7511796951293945
0.0,0.0,5,True,133999,5,"[[0, 16, 3, 14, 42, 41, 1, 45, 39, 11, 15, 0], [0, 18, 32, 4, 29, 6, 19, 24, 40, 20, 44, 0], [0, 25, 2, 34, 33, 35, 10, 37, 50, 13, 17, 0], [0, 46, 22, 7, 8, 43, 5, 36, 28, 26, 12, 0], [0, 48, 38, 31, 9, 47, 21, 27, 23, 30, 49, 0]]",8.389547549697454,0.2929368264113481,1.9564758383203298,0.30058238888159394,0.08820311124753011,0.07899082891097993,0.8714790879848235,0.8908797515681727,0.8755898475646973
0.0,0.0,6,True,133997,5,"[[0, 16, 3, 14, 42, 41, 1, 45, 11, 39, 48, 0], [0, 15, 46, 22, 7, 8, 43, 17, 13, 18, 49, 0], [0, 27, 35, 10, 37, 50, 38, 31, 9, 47, 21, 0], [0, 12, 29, 4, 32, 6, 19, 24, 40, 20, 44, 0], [0, 25, 2, 34, 33, 5, 36, 28, 26, 23, 30, 0]]",7.456432646155008,0.22609417953838903,2.1320159105816856,0.3113747797906399,0.16581132921169228,0.20140154980566152,0.892204751470004,0.9117383546221318,1.7511796951293945
0.0,0.0,7,True,133998,5,"[[0, 13, 17, 43, 33, 34, 5, 2, 25, 45, 11, 0], [0, 16, 1, 41, 42, 12, 49, 14, 3, 15, 48, 0], [0, 44, 20, 40, 24, 19, 6, 29, 4, 32, 18, 0], [0, 30, 23, 26, 28, 36, 8, 7, 22, 46, 39, 0], [0, 21, 47, 9, 31, 38, 50, 37, 10, 35, 27, 0]]",7.337055736512411,0.20872943554422818,2.216634316195268,0.30058238888159394,0.1975631279665062,0.2796299527670982,0.8751296716970749,0.8968701543410693,0.8755898475646973
0.0,0.0,8,True,133998,5,"[[0, 48, 14, 42, 41, 1, 45, 11, 15, 3, 16, 0], [0, 49, 18, 12, 29, 32, 4, 6, 19, 24, 40, 0], [0, 44, 20, 34, 33, 5, 36, 28, 26, 23, 30, 0], [0, 17, 13, 37, 10, 35, 22, 43, 8, 7, 46, 0], [0, 27, 21, 47, 9, 31, 38, 50, 2, 25, 39, 0]]",7.440384128654841,0.2113217668957077,2.5802188814850524,0.47966275215148924,0.21488959632040494,0.3795155512987772,0.888292422651084,0.9046258955036076,1.7511796951293945
0.0,0.0,9,True,133997,5,"[[0, 48, 15, 45, 11, 1, 41, 42, 14, 3, 16, 0], [0, 27, 35, 5, 36, 28, 26, 23, 30, 12, 49, 0], [0, 21, 47, 9, 31, 38, 50, 37, 10, 13, 17, 0], [0, 25, 2, 34, 33, 43, 8, 7, 22, 46, 39, 0], [0, 44, 20, 40, 24, 6, 19, 29, 4, 32, 18, 0]]",5.997379622931476,0.1965369454205588,1.94414620148018,0.30058238888159394,0.21664617720087365,0.2225652676963553,0.8704420504224191,0.8859929698998369,0.8755898475646973
0.25,0.0,0,True,141896,5,"[[0, 20, 44, 29, 4, 32, 6, 19, 24, 40, 49, 0], [0, 45, 25, 46, 22, 7, 8, 43, 17, 13, 12, 0], [0, 18, 34, 33, 5, 36, 2, 28, 26, 23, 30, 0], [0, 27, 21, 47, 9, 31, 38, 50, 37, 10, 35, 0], [0, 48, 1, 41, 42, 14, 3, 15, 39, 11, 16, 0]]",3.9832382347085513,0.12189428387554707,1.4004392095375806,0.3134240172803402,0.25146103019966515,0.13290513245747332,0.8457005679137302,0.8455790906425641,0.8755898475646973
0.25,0.0,1,True,141896,5,"[[0, 12, 13, 17, 43, 8, 7, 22, 46, 45, 16, 0], [0, 1, 41, 42, 14, 3, 15, 11, 39, 25, 48, 0], [0, 21, 47, 9, 31, 38, 50, 37, 10, 35, 27, 0], [0, 18, 34, 33, 5, 36, 2, 28, 26, 23, 30, 0], [0, 20, 44, 29, 4, 32, 6, 19, 24, 40, 49, 0]]",3.9833806417300366,0.12189428387554707,1.4004392095375806,0.3134240172803402,0.2514557778721833,0.13290754186709478,0.8448917884502107,0.8455488609430803,0.8755898475646973
0.25,0.0,2,True,141896,5,"[[0, 12, 13, 17, 43, 8, 7, 22, 46, 39, 11, 0], [0, 49, 40, 24, 19, 6, 32, 4, 29, 44, 20, 0], [0, 21, 47, 9, 31, 38, 50, 37, 10, 35, 27, 0], [0, 1, 41, 42, 14, 3, 15, 25, 45, 16, 48, 0], [0, 18, 34, 33, 36, 5, 2, 28, 26, 23, 30, 0]]",3.979631886293646,0.12189428387554707,1.4004392095375806,0.3134240172803402,0.2563085017321547,0.13660313206985994,0.8464802200539296,0.8463453556892679,0.8755898475646973
0.25,0.0,3,True,141896,5,"[[0, 48, 45, 25, 11, 15, 3, 14, 42, 41, 1, 0], [0, 16, 39, 46, 22, 7, 8, 43, 17, 13, 12, 0], [0, 18, 34, 33, 36, 5, 2, 28, 26, 23, 30, 0], [0, 27, 35, 10, 37, 50, 38, 31, 9, 47, 21, 0], [0, 20, 44, 29, 4, 32, 6, 19, 24, 40, 49, 0]]",4.8101878184243105,0.1473680153555636,1.4004392095375806,0.3134240172803402,0.19078075076096002,0.10645522736540994,0.8633025629772662,0.871625187858491,0.8755898475646973
0.25,0.0,4,True,141896,5,"[[0, 12, 13, 17, 43, 8, 7, 22, 46, 39, 11, 0], [0, 49, 40, 24, 19, 6, 32, 4, 29, 44, 20, 0], [0, 27, 35, 10, 37, 50, 38, 31, 9, 47, 21, 0], [0, 1, 41, 42, 14, 3, 15, 25, 45, 16, 48, 0], [0, 18, 34, 33, 5, 36, 2, 28, 26, 23, 30, 0]]",3.979631886293646,0.12189428387554707,1.4004392095375806,0.3134240172803402,0.2563085017321547,0.13660313206985994,0.8464802200539296,0.8463453556892679,0.8755898475646973
0.25,0.0,5,True,141896,5,"[[0, 1, 41, 42, 14, 3, 15, 11, 25, 45, 16, 0], [0, 27, 35, 10, 37, 50, 38, 31, 9, 47, 21, 0], [0, 40, 24, 19, 6, 32, 4, 29, 44, 20, 48, 0], [0, 39, 46, 22, 7, 8, 43, 17, 13, 12, 49, 0], [0, 18, 34, 33, 5, 36, 2, 28, 26, 23, 30, 0]]",3.979631886293646,0.12189428387554707,1.4004392095375806,0.3134240172803402,0.2516308574176389,0.13292488258333188,0.8464802200539296,0.8463453556892679,0.8755898475646973
0.25,0.0,6,True,141757,5,"[[0, 15, 3, 14, 42, 41, 1, 11, 39, 45, 16, 0], [0, 49, 18, 35, 10, 37, 50, 38, 17, 13, 12, 0], [0, 46, 22, 7, 8, 43, 34, 33, 5, 2, 25, 0], [0, 20, 44, 29, 4, 32, 19, 6, 24, 40, 48, 0], [0, 30, 23, 26, 28, 36, 31, 9, 47, 21, 27, 0]]",5.061482289223932,0.1560462211990463,1.5183075476670638,0.22752049285918474,0.18878948571023746,0.12181934354032861,0.8674089407529024,0.872904525117316,0.8755898475646973
0.25,0.0,7,True,141896,5,"[[0, 45, 25, 46, 22, 7, 8, 43, 17, 13, 12, 0], [0, 18, 34, 33, 36, 5, 2, 28, 26, 23, 30, 0], [0, 49, 40, 24, 6, 19, 32, 4, 29, 44, 20, 0], [0, 1, 41, 42, 14, 3, 15, 39, 11, 16, 48, 0], [0, 27, 35, 10, 37, 50, 38, 31, 9, 47, 21, 0]]",3.979631886293646,0.12189428387554707,1.4004392095375806,0.3134240172803402,0.25206569875469276,0.13340972157281988,0.8464802200539296,0.8463453556892679,0.8755898475646973
0.25,0.0,8,True,141756,5,"[[0, 16, 39, 11, 45, 15, 3, 14, 42, 41, 1, 0], [0, 20, 44, 29, 4, 32, 6, 19, 24, 40, 48, 0], [0, 25, 2, 5, 33, 34, 43, 8, 7, 22, 46, 0], [0, 49, 18, 35, 10, 37, 50, 38, 17, 13, 12, 0], [0, 27, 21, 47, 9, 31, 36, 28, 26, 23, 30, 0]]",5.465893791639246,0.17066728420156455,1.7581960509996861,0.22752049285918474,0.26303704226288827,0.27440647379466615,0.875327929307012,0.8832188736487339,0.8755898475646973
0.25,0.0,9,True,141896,5,"[[0, 16, 45, 46, 22, 7, 8, 43, 17, 13, 12, 0], [0, 18, 34, 33, 5, 36, 2, 28, 26, 23, 30, 0], [0, 20, 44, 29, 4, 32, 6, 19, 24, 40, 49, 0], [0, 42, 14, 3, 15, 11, 39, 25, 41, 1, 48, 0], [0, 27, 35, 10, 37, 50, 38, 31, 9, 47, 21, 0]]",4.8104393691173755,0.1473680153555636,1.4004392095375806,0.3134240172803402,0.1914694820250762,0.10734412002115776,0.8643873909618167,0.8715796082547845,0.8755898475646973
0.5,0.0,0,True,147072,5,"[[0, 42, 16, 20, 44, 17, 13, 49, 14, 3, 15, 0], [0, 48, 45, 39, 11, 25, 2, 28, 26, 23, 30, 0], [0, 1, 41, 24, 6, 19, 29, 4, 32, 18, 12, 0], [0, 35, 10, 37, 50, 38, 31, 9, 47, 21, 27, 0], [0, 46, 22, 43, 8, 7, 36, 5, 33, 34, 40, 0]]",3.6486258925287984,0.08063438096034684,1.5972262170253089,0.20424919854849577,0.3126731868535446,0.21088913127593917,0.8310275186487937,0.8273448506559768,0.8755898475646973
0.5,0.0,1,True,147274,5,"[[0, 25, 2, 28, 26, 23, 30, 13, 17, 44, 20, 0], [0, 48, 11, 45, 16, 15, 3, 14, 42, 41, 1, 0], [0, 35, 10, 37, 50, 38, 31, 9, 47, 21, 27, 0], [0, 12, 49, 40, 24, 6, 19, 29, 4, 32, 39, 0], [0, 18, 34, 33, 5, 36, 7, 8, 43, 22, 46, 0]]",3.7196611440449487,0.0896393122151494,1.222338451188989,0.2232124587520957,0.2572066149879839,0.1150859584682717,0.8509982653454149,0.8418739577125594,0.8755898475646973
0.5,0.0,2,True,147049,5,"[[0, 49, 30, 23, 26, 28, 2, 25, 11, 39, 45, 0], [0, 18, 32, 4, 29, 19, 6, 24, 41, 1, 48, 0], [0, 46, 22, 43, 8, 7, 36, 33, 34, 5, 40, 0], [0, 27, 21, 47, 9, 31, 38, 50, 37, 10, 35, 0], [0, 42, 14, 3, 15, 16, 20, 44, 17, 13, 12, 0]]",3.6400867157208268,0.08063438096034684,1.5996666308055865,0.1606265495841702,0.3159514022597898,0.21329367446234135,0.8360228087258794,0.8339854429014006,0.8755898475646973
0.5,0.0,3,True,147049,5,"[[0, 46, 22, 43, 8, 7, 36, 5, 33, 34, 40, 0], [0, 42, 14, 3, 15, 16, 20, 44, 17, 13, 49, 0], [0, 45, 39, 11, 25, 2, 28, 26, 23, 30, 12, 0], [0, 35, 10, 37, 50, 38, 31, 9, 47, 21, 27, 0], [0, 48, 18, 32, 4, 29, 19, 6, 24, 41, 1, 0]]",3.6400867157208268,0.08063438096034684,1.5996666308055865,0.1606265495841702,0.3160460229804871,0.21329536367781987,0.8360228087258794,0.8339854429014006,0.8755898475646973
0.5,0.0,4,True,147071,5,"[[0, 20, 44, 17, 13, 12, 14, 3, 15, 16, 42, 0], [0, 18, 32, 4, 29, 6, 19, 24, 41, 1, 48, 0], [0, 35, 10, 37, 50, 38, 31, 9, 47, 21, 27, 0], [0, 45, 39, 11, 25, 2, 28, 26, 23, 30, 49, 0], [0, 46, 22, 43, 8, 7, 36, 5, 33, 34, 40, 0]]",3.6477070600085426,0.08063438096034684,1.5996666308055865,0.1606265495841702,0.3140123392274963,0.21221243761375014,0.8318802652448645,0.8275532531789159,0.8755898475646973
0.5,0.0,5,True,147081,5,"[[0, 12, 49, 13, 17, 44, 20, 16, 3, 14, 42, 0], [0, 15, 39, 45, 11, 25, 2, 28, 26, 23, 30, 0], [0, 35, 10, 37, 50, 38, 31, 9, 47, 21, 27, 0], [0, 46, 22, 7, 8, 43, 33, 34, 5, 36, 40, 0], [0, 1, 41, 24, 19, 6, 29, 4, 32, 18, 48, 0]]",3.8623515076906187,0.08618058178475813,1.6000476148765301,0.1606265495841702,0.29697151352847984,0.20038663341677773,0.8400765470452243,0.8391311533451865,0.8755898475646973
0.5,0.0,6,True,147049,5,"[[0, 1, 41, 24, 19, 6, 29, 4, 32, 18, 12, 0], [0, 35, 10, 37, 50, 38, 31, 9, 47, 21, 27, 0], [0, 45, 39, 11, 25, 2, 28, 26, 23, 30, 49, 0], [0, 42, 14, 3, 15, 16, 20, 44, 17, 13, 48, 0], [0, 40, 33, 34, 5, 36, 7, 8, 43, 22, 46, 0]]",3.6404676997917704,0.08063438096034684,1.5972262170253089,0.20424919854849577,0.3147620436076308,0.21204181482964998,0.8358428264710571,0.8338981642341122,0.8755898475646973
0.5,0.0,7,True,147049,5,"[[0, 35, 10, 37, 50, 38, 31, 9, 47, 21, 27, 0], [0, 40, 34, 33, 5, 36, 7, 8, 43, 22, 46, 0], [0, 45, 39, 11, 25, 2, 28, 26, 23, 30, 48, 0], [0, 49, 13, 17, 44, 20, 16, 15, 3, 14, 42, 0], [0, 1, 41, 24, 19, 6, 29, 4, 32, 18, 12, 0]]",3.6404676997917704,0.08063438096034684,1.5972262170253089,0.20424919854849577,0.3151666583138719,0.21204903896570731,0.8358428264710571,0.8338981642341122,0.8755898475646973
0.5,0.0,8,True,147326,5,"[[0, 18, 34, 33, 36, 5, 2, 28, 26, 23, 30, 0], [0, 49, 40, 24, 19, 6, 32, 4, 29, 44, 20, 0], [0, 1, 41, 42, 14, 3, 15, 16, 39, 45, 48, 0], [0, 27, 21, 47, 9, 31, 38, 50, 37, 10, 35, 0], [0, 11, 25, 46, 22, 7, 8, 43, 17, 13, 12, 0]]",3.9813618723419495,0.12189428387554707,1.4004392095375806,0.3134240172803402,0.2539935621217235,0.1348976069893151,0.8479063453662277,0.8475207901394308,0.8755898475646973
0.5,0.0,9,True,147049,5,"[[0, 42, 14, 3, 15, 16, 20, 44, 17, 13, 48, 0], [0, 40, 33, 34, 5, 36, 7, 8, 43, 22, 46, 0], [0, 35, 10, 37, 50, 38, 31, 9, 47, 21, 27, 0], [0, 49, 30, 23, 26, 28, 2, 25, 11, 39, 45, 0], [0, 12, 18, 32, 4, 29, 19, 6, 24, 41, 1, 0]]",3.6400867157208268,0.08063438096034684,1.5968452329543652,0.20424919854849577,0.3147112569241146,0.21190938777126833,0.8360228087258794,0.8339854429014006,0.8755898475646973
1.0,0.0,0,True,154366,5,"[[0, 48, 14, 42, 41, 24, 6, 19, 40, 49, 12, 0], [0, 37, 10, 35, 18, 32, 4, 29, 47, 21, 27, 0], [0, 34, 33, 5, 36, 7, 8, 43, 22, 46, 45, 0], [0, 1, 16, 11, 39, 25, 2, 28, 26, 23, 30, 0], [0, 15, 3, 9, 31, 38, 50, 13, 17, 44, 20, 0]]",2.3582857080036774,0.04838785948231816,0.6508488723775372,0.0632800046975414,0.11717420283807245,0.010397495791354749,0.7627297504331123,0.7290934770814252,0.345416784286499
1.0,0.0,1,True,154565,5,"[[0, 35, 18, 32, 4, 29, 6, 19, 24, 41, 1, 0], [0, 11, 39, 25, 2, 28, 26, 23, 30, 12, 49, 0], [0, 40, 10, 37, 50, 38, 31, 9, 47, 21, 27, 0], [0, 42, 14, 3, 15, 16, 20, 44, 17, 13, 48, 0], [0, 34, 33, 5, 36, 7, 8, 43, 22, 46, 45, 0]]",2.634401181290741,0.057869699757014004,0.817983258413733,0.11453951615840197,0.1897826955469919,0.03778839958324261,0.7863557725162593,0.767444617042929,0.345416784286499
1.0,0.0,2,True,154055,5,"[[0, 48, 14, 49, 12, 30, 23, 26, 28, 2, 25, 0], [0, 37, 10, 35, 18, 34, 33, 36, 31, 9, 40, 0], [0, 1, 45, 11, 39, 32, 4, 29, 47, 21, 27, 0], [0, 13, 17, 6, 19, 24, 41, 42, 16, 3, 15, 0], [0, 20, 44, 38, 50, 5, 43, 8, 7, 22, 46, 0]]",1.9713847674429417,0.03764336245755354,0.6305362411221722,0.06862309814563819,0.2065572051205009,0.022740597637026357,0.7350645076862343,0.6875216128831433,0.345416784286499
1.0,0.0,3,True,154350,5,"[[0, 37, 10, 35, 18, 32, 4, 29, 47, 21, 27, 0], [0, 34, 33, 5, 36, 50, 38, 31, 9, 3, 14, 0], [0, 45, 46, 22, 7, 8, 43, 17, 13, 49, 48, 0], [0, 1, 41, 24, 6, 19, 40, 44, 20, 16, 42, 0], [0, 12, 30, 23, 26, 28, 2, 25, 39, 11, 15, 0]]",2.1844407970638713,0.044355882970350126,0.7433091110870009,0.0632800046975414,0.23579747165559395,0.03577825398644196,0.7457339190713108,0.7083806022792793,0.345416784286499
1.0,0.0,4,True,154509,5,"[[0, 39, 25, 45, 11, 15, 3, 16, 42, 14, 48, 0], [0, 34, 33, 36, 31, 9, 2, 28, 26, 23, 30, 0], [0, 20, 44, 38, 50, 5, 43, 8, 7, 22, 46, 0], [0, 27, 21, 47, 29, 4, 32, 18, 35, 10, 37, 0], [0, 12, 49, 13, 17, 40, 19, 6, 24, 41, 1, 0]]",2.051128955761669,0.0410846727767161,0.5821140328625916,0.0632800046975414,0.17022414727246238,0.015300074363467595,0.7451802860659165,0.7031082739983403,0.345416784286499
1.0,0.0,5,True,154366,5,"[[0, 45, 46, 22, 43, 8, 7, 36, 5, 33, 34, 0], [0, 1, 16, 11, 39, 25, 2, 28, 26, 23, 30, 0], [0, 15, 3, 9, 31, 38, 50, 13, 17, 44, 20, 0], [0, 27, 21, 47, 29, 4, 32, 18, 35, 10, 37, 0], [0, 48, 14, 42, 41, 24, 6, 19, 40, 49, 12, 0]]",2.3578555711137597,0.04838785948231816,0.6508488723775372,0.0632800046975414,0.11712260773179461,0.010392229875540237,0.7628405160416798,0.7292264835320887,0.345416784286499
1.0,0.0,6,True,154366,5,"[[0, 45, 46, 22, 43, 8, 7, 36, 5, 33, 34, 0], [0, 12, 49, 40, 19, 6, 24, 41, 42, 14, 48, 0], [0, 37, 10, 35, 18, 32, 4, 29, 47, 21, 27, 0], [0, 15, 3, 9, 31, 38, 50, 13, 17, 44, 20, 0], [0, 1, 16, 39, 11, 25, 2, 28, 26, 23, 30, 0]]",2.354536952567287,0.04838785948231816,0.6471001169411466,0.0632800046975414,0.11608704771127476,0.010131045908163935,0.7647205614850667,0.730254296890545,0.345416784286499
1.0,0.0,7,True,154366,5,"[[0, 37, 10, 35, 18, 32, 4, 29, 47, 21, 27, 0], [0, 45, 46, 22, 43, 8, 7, 36, 5, 33, 34, 0], [0, 15, 3, 9, 31, 38, 50, 13, 17, 44, 20, 0], [0, 30, 23, 26, 28, 2, 25, 11, 39, 16, 1, 0], [0, 12, 49, 40, 19, 6, 24, 41, 42, 14, 48, 0]]",2.354536952567287,0.04838785948231816,0.6471001169411466,0.0632800046975414,0.11608704771127476,0.010131045908163935,0.7647205614850667,0.730254296890545,0.345416784286499
1.0,0.0,8,True,154456,5,"[[0, 30, 23, 26, 28, 2, 25, 39, 11, 45, 1, 0], [0, 14, 42, 16, 20, 44, 17, 13, 12, 49, 48, 0], [0, 40, 37, 10, 35, 18, 34, 33, 5, 50, 38, 0], [0, 41, 24, 19, 6, 32, 4, 29, 47, 21, 27, 0], [0, 46, 22, 43, 8, 7, 36, 31, 9, 3, 15, 0]]",2.372582847761805,0.0479566904439314,0.8699757147987839,0.10092428912009511,0.1789197787203305,0.03934067887080573,0.7747819275612011,0.7414469540650168,0.345416784286499
1.0,0.0,9,True,154350,5,"[[0, 34, 33, 5, 36, 50, 38, 31, 9, 3, 14, 0], [0, 48, 49, 13, 17, 43, 8, 7, 22, 46, 45, 0], [0, 15, 11, 39, 25, 2, 28, 26, 23, 30, 12, 0], [0, 42, 16, 20, 44, 40, 19, 6, 24, 41, 1, 0], [0, 37, 10, 35, 18, 32, 4, 29, 47, 21, 27, 0]]",2.2810333648958476,0.04591602547508147,0.8399016789189773,0.09484170217599187,0.2596891743499856,0.04911026847599454,0.7579572314397072,0.722504547159198,0.345416784286499
2.0,0.0,0,True,164812,5,"[[0, 6, 19, 24, 41, 32, 4, 29, 47, 21, 27, 0], [0, 11, 46, 22, 43, 8, 7, 36, 31, 9, 40, 0], [0, 39, 38, 50, 5, 33, 34, 18, 35, 10, 37, 0], [0, 1, 45, 25, 2, 28, 26, 23, 30, 12, 48, 0], [0, 49, 13, 17, 44, 20, 16, 15, 3, 14, 42, 0]]",1.8195440684939967,0.03220800481932728,0.5336011893377872,0.04984566904604435,0.19695203633961245,0.018971463229938874,0.7297059613982539,0.6770864213515808,0.22378498315811157
2.0,0.0,1,True,164929,5,"[[0, 1, 45, 25, 2, 28, 26, 23, 30, 12, 48, 0], [0, 6, 19, 24, 41, 32, 4, 29, 47, 21, 27, 0], [0, 39, 38, 50, 5, 43, 8, 7, 22, 46, 11, 0], [0, 42, 16, 15, 3, 14, 49, 13, 17, 44, 20, 0], [0, 37, 10, 35, 18, 34, 33, 36, 31, 9, 40, 0]]",1.6201274194318103,0.027267319276123435,0.5336011893377872,0.04732062970288098,0.2713444042629314,0.02528170259263456,0.6947049241130934,0.6295458329297552,0.22378498315811157
2.0,0.0,2,True,165826,5,"[[0, 35, 18, 34, 33, 5, 50, 38, 3, 14, 42, 0], [0, 45, 46, 22, 43, 8, 7, 36, 31, 9, 39, 0], [0, 49, 40, 10, 37, 13, 17, 44, 20, 16, 1, 0], [0, 27, 21, 47, 29, 4, 32, 41, 24, 19, 6, 0], [0, 48, 12, 30, 23, 26, 28, 2, 25, 11, 15, 0]]",1.7915582721616374,0.03496707608813748,0.5336011893377872,0.04865168146789074,0.166406157068548,0.011556196734199541,0.7303020432384948,0.6781141942461529,0.22378498315811157
2.0,0.0,3,True,165381,5,"[[0, 1, 41, 24, 19, 6, 32, 4, 29, 47, 21, 0], [0, 20, 44, 17, 13, 37, 10, 40, 49, 12, 48, 0], [0, 45, 39, 9, 31, 36, 7, 8, 43, 22, 46, 0], [0, 27, 35, 18, 34, 33, 5, 50, 38, 3, 15, 0], [0, 14, 42, 16, 11, 25, 2, 28, 26, 23, 30, 0]]",2.113743484413135,0.0459631991883119,0.7169600555935176,0.0776392902646746,0.1985646943644428,0.026293623174276925,0.763134066967962,0.7224132774658804,0.345416784286499
2.0,0.0,4,True,164812,5,"[[0, 11, 45, 25, 2, 28, 26, 23, 30, 12, 48, 0], [0, 49, 13, 17, 44, 20, 16, 15, 3, 14, 42, 0], [0, 6, 19, 24, 41, 32, 4, 29, 47, 21, 27, 0], [0, 37, 10, 35, 18, 34, 33, 5, 50, 38, 39, 0], [0, 1, 46, 22, 43, 8, 7, 36, 31, 9, 40, 0]]",1.8203551894548582,0.03220800481932728,0.5336011893377872,0.04732062970288098,0.19165571096134437,0.018583108245615397,0.7321430643888531,0.6815947173661738,0.22378498315811157
2.0,0.0,5,True,164812,5,"[[0, 27, 21, 47, 29, 4, 32, 41, 24, 19, 6, 0], [0, 1, 11, 45, 25, 2, 28, 26, 23, 30, 12, 0], [0, 49, 40, 9, 31, 36, 7, 8, 43, 22, 46, 0], [0, 13, 17, 44, 20, 16, 15, 3, 14, 42, 48, 0], [0, 39, 38, 50, 5, 33, 34, 18, 35, 10, 37, 0]]",1.8195440684939967,0.03220800481932728,0.5336011893377872,0.05000739321112633,0.1924624043915395,0.018679112526533075,0.7297059613982539,0.6770864213515808,0.22378498315811157
2.0,0.0,6,True,164812,5,"[[0, 6, 19, 24, 41, 32, 4, 29, 47, 21, 27, 0], [0, 1, 46, 22, 43, 8, 7, 36, 31, 9, 40, 0], [0, 48, 42, 14, 3, 15, 16, 20, 44, 17, 13, 0], [0, 37, 10, 35, 18, 34, 33, 5, 50, 38, 39, 0], [0, 12, 49, 30, 23, 26, 28, 2, 25, 11, 45, 0]]",1.8203551894548582,0.03220800481932728,0.5336011893377872,0.04732062970288098,0.19084653548973085,0.018552042284036483,0.7321430643888531,0.6815947173661738,0.22378498315811157
2.0,0.0,7,True,164812,5,"[[0, 40, 9, 31, 36, 7, 8, 43, 22, 46, 1, 0], [0, 48, 42, 14, 3, 15, 16, 20, 44, 17, 13, 0], [0, 6, 19, 24, 41, 32, 4, 29, 47, 21, 27, 0], [0, 37, 10, 35, 18, 34, 33, 5, 50, 38, 39, 0], [0, 12, 49, 30, 23, 26, 28, 2, 25, 11, 45, 0]]",1.8203551894548582,0.03220800481932728,0.5336011893377872,0.04732062970288098,0.19084653548973085,0.018552042284036483,0.7321430643888531,0.6815947173661738,0.22378498315811157
2.0,0.0,8,True,164812,5,"[[0, 6, 19, 24, 41, 32, 4, 29, 47, 21, 27, 0], [0, 1, 46, 22, 43, 8, 7, 36, 31, 9, 40, 0], [0, 49, 12, 30, 23, 26, 28, 2, 25, 45, 11, 0], [0, 37, 10, 35, 18, 34, 33, 5, 50, 38, 39, 0], [0, 13, 17, 44, 20, 16, 15, 3, 14, 42, 48, 0]]",1.8203551894548582,0.03220800481932728,0.5336011893377872,0.04732062970288098,0.19084653548973085,0.018552042284036483,0.7321430643888531,0.6815947173661738,0.22378498315811157
2.0,0.0,9,True,165516,5,"[[0, 42, 14, 3, 15, 11, 45, 13, 17, 44, 20, 0], [0, 48, 12, 30, 23, 26, 28, 2, 25, 16, 1, 0], [0, 46, 22, 7, 8, 43, 5, 36, 31, 9, 40, 0], [0, 39, 38, 50, 33, 34, 18, 35, 10, 37, 49, 0], [0, 6, 19, 24, 41, 32, 4, 29, 47, 21, 27, 0]]",2.0337388808402466,0.03775420564373857,0.5869080512784421,0.09199679531157016,0.2157396109195524,0.025949674099187185,0.7519897556173529,0.7009930030498891,0.42576900124549866
