beta,lambda_concentration,seed,is_feasible,pyvrp_cost,num_routes,routes,global_risk,global_cvar90,max_vehicle_risk,max_vehicle_cvar90,vehicle_risk_gini,risk_variance,edge_burden_gini_used,top10_burden_share,max_edge_burden
0.0,0.0,0,True,145999,5,"[[0, 44, 14, 3, 15, 41, 11, 1, 37, 38, 50, 0], [0, 42, 7, 8, 34, 17, 9, 47, 43, 26, 33, 0], [0, 45, 12, 13, 24, 32, 46, 23, 10, 18, 19, 0], [0, 40, 25, 20, 35, 4, 16, 28, 30, 21, 29, 0], [0, 36, 31, 6, 22, 2, 48, 5, 39, 49, 27, 0]]",8.119784503325757,0.236436259038257,3.180303999801939,0.42341702757673755,0.2902114278601613,0.7841142482763935,0.8829283014554674,0.8983465641332173,0.9396505229145875
0.0,0.0,1,True,145999,5,"[[0, 6, 22, 5, 2, 48, 43, 9, 47, 31, 36, 0], [0, 12, 45, 13, 24, 32, 46, 23, 10, 18, 19, 0], [0, 27, 49, 39, 17, 34, 8, 7, 30, 21, 29, 0], [0, 33, 26, 28, 16, 4, 35, 20, 25, 40, 44, 0], [0, 14, 3, 15, 42, 41, 11, 1, 37, 38, 50, 0]]",9.25818328571069,0.24964852812161376,2.90056625710806,0.5236725268147246,0.26865966990214973,0.8011587676843958,0.8940648027329603,0.9120339184740653,1.7559325496163685
0.0,0.0,2,True,146664,5,"[[0, 27, 49, 39, 17, 34, 8, 7, 16, 12, 45, 0], [0, 35, 4, 6, 22, 5, 43, 47, 9, 31, 36, 0], [0, 33, 26, 28, 30, 48, 2, 20, 25, 40, 19, 0], [0, 14, 3, 15, 42, 41, 11, 1, 37, 38, 50, 0], [0, 29, 21, 18, 10, 23, 46, 32, 24, 13, 44, 0]]",7.577349252459538,0.23489493252955673,2.793720502757912,0.47270523957307287,0.25684953494145746,0.5336724306014886,0.8838286215310054,0.8989436068529378,0.9396505229145875
0.0,0.0,3,True,146664,5,"[[0, 44, 50, 38, 37, 1, 41, 11, 15, 3, 14, 0], [0, 19, 18, 21, 29, 10, 23, 46, 32, 24, 13, 0], [0, 45, 12, 42, 7, 8, 34, 17, 39, 49, 27, 0], [0, 16, 35, 4, 6, 22, 5, 30, 28, 26, 33, 0], [0, 40, 25, 20, 2, 48, 43, 47, 9, 31, 36, 0]]",8.958472879852087,0.23357704328344003,3.207966069158399,0.5056876336932491,0.3166897929620207,1.1255970721865505,0.8803361217186325,0.9037392536910442,0.9396505229145875
0.0,0.0,4,True,147330,5,"[[0, 36, 31, 9, 47, 43, 48, 2, 20, 25, 40, 0], [0, 45, 12, 13, 24, 32, 46, 23, 10, 29, 44, 0], [0, 14, 3, 15, 42, 11, 41, 1, 37, 38, 50, 0], [0, 21, 35, 4, 6, 22, 5, 30, 28, 26, 33, 0], [0, 27, 49, 39, 17, 34, 8, 7, 16, 18, 19, 0]]",7.671629230296282,0.2093941916277836,2.92020249429918,0.38184334052919877,0.28606827255230405,0.6559310208928103,0.8792850288632601,0.8972419157689272,0.9396505229145875
0.0,0.0,5,True,147330,5,"[[0, 27, 49, 39, 48, 2, 43, 9, 47, 31, 36, 0], [0, 14, 3, 15, 42, 11, 41, 1, 37, 38, 50, 0], [0, 33, 26, 28, 30, 8, 17, 34, 7, 16, 45, 0], [0, 12, 35, 4, 6, 22, 5, 20, 25, 40, 44, 0], [0, 29, 21, 13, 24, 32, 46, 23, 10, 18, 19, 0]]",8.477406093855514,0.27298464535256023,3.2719321726204353,0.40338882348155075,0.2925731292025273,0.8586009611253445,0.8761511247117295,0.8904752695849701,0.9396505229145875
0.0,0.0,6,True,147330,5,"[[0, 50, 38, 37, 1, 41, 11, 15, 3, 14, 45, 0], [0, 36, 31, 9, 47, 43, 2, 48, 39, 49, 27, 0], [0, 40, 25, 20, 5, 22, 6, 4, 35, 16, 12, 0], [0, 13, 24, 32, 46, 23, 10, 29, 21, 18, 19, 0], [0, 42, 7, 34, 17, 8, 30, 28, 26, 33, 44, 0]]",8.97327354009083,0.22768853769951036,2.8714684625406015,0.39835328166926187,0.2622917082159797,0.7022089734212715,0.8814104828172338,0.9046547395042174,0.9396505229145875
0.0,0.0,7,True,146664,5,"[[0, 19, 18, 10, 23, 46, 32, 24, 13, 21, 29, 0], [0, 33, 26, 28, 30, 5, 22, 6, 4, 35, 44, 0], [0, 12, 45, 16, 7, 8, 34, 17, 39, 49, 27, 0], [0, 40, 25, 20, 2, 48, 43, 47, 9, 31, 36, 0], [0, 14, 3, 15, 42, 11, 41, 1, 37, 38, 50, 0]]",8.142810579282136,0.23715040446435434,2.9233226874614417,0.3818433405291987,0.2552681383959643,0.574529621710601,0.8776434292130306,0.8974460436101716,0.9396505229145875
0.0,0.0,8,True,147330,5,"[[0, 14, 3, 15, 42, 11, 41, 1, 37, 38, 50, 0], [0, 12, 45, 13, 46, 23, 10, 29, 21, 18, 19, 0], [0, 32, 24, 6, 22, 5, 48, 2, 20, 25, 40, 0], [0, 36, 31, 47, 9, 43, 30, 28, 26, 33, 44, 0], [0, 27, 49, 39, 17, 34, 8, 7, 16, 4, 35, 0]]",9.015444748955233,0.2931115543588909,3.035877819567776,0.40529855424756306,0.22742210597234047,0.5630061728859953,0.8842694992130733,0.905504678554399,0.9396505229145875
0.0,0.0,9,True,145999,5,"[[0, 14, 3, 15, 42, 41, 11, 1, 37, 38, 50, 0], [0, 27, 49, 39, 17, 34, 8, 7, 30, 21, 29, 0], [0, 12, 45, 13, 24, 32, 46, 23, 10, 18, 19, 0], [0, 44, 40, 25, 20, 35, 4, 16, 28, 26, 33, 0], [0, 6, 22, 5, 48, 2, 43, 47, 9, 31, 36, 0]]",9.256386735932487,0.24964852812161376,2.90056625710806,0.5236725268147246,0.26863417837423076,0.8006465727982336,0.893825172066065,0.9122109329377747,1.7559325496163685
1.0,0.0,0,True,173425,5,"[[0, 44, 29, 43, 4, 35, 20, 25, 40, 31, 36, 0], [0, 45, 12, 13, 10, 23, 8, 7, 16, 18, 19, 0], [0, 1, 11, 48, 2, 9, 47, 28, 30, 26, 33, 0], [0, 21, 6, 22, 5, 46, 32, 24, 37, 49, 27, 0], [0, 15, 41, 42, 39, 17, 34, 3, 14, 38, 50, 0]]",2.9825290497065664,0.0576142922475388,1.0579828266089364,0.12135739210101001,0.24496616068911203,0.07229245772449802,0.8112911692142339,0.7665794331550193,0.42684719691718065
1.0,0.0,1,True,173548,5,"[[0, 44, 50, 38, 14, 3, 15, 41, 42, 11, 1, 0], [0, 12, 21, 29, 43, 9, 47, 28, 30, 26, 33, 0], [0, 35, 4, 6, 22, 5, 20, 25, 40, 31, 36, 0], [0, 27, 49, 37, 24, 32, 46, 23, 10, 13, 45, 0], [0, 19, 18, 16, 7, 8, 39, 17, 34, 2, 48, 0]]",3.546293305403955,0.07282830726449692,1.2484308106762203,0.12836560596602453,0.2627009574225905,0.11265949000218758,0.824140986373437,0.7905704922778988,0.42684719691718065
1.0,0.0,2,True,172914,5,"[[0, 29, 43, 35, 4, 6, 22, 5, 46, 32, 24, 0], [0, 36, 31, 47, 9, 2, 48, 28, 30, 26, 33, 0], [0, 44, 50, 38, 14, 3, 15, 41, 42, 11, 1, 0], [0, 45, 40, 25, 20, 21, 18, 10, 23, 13, 12, 0], [0, 19, 16, 7, 8, 34, 17, 39, 49, 37, 27, 0]]",3.1452580711693705,0.06316804379413357,1.0542266881536384,0.13192974092840828,0.2954010397880311,0.11785893469881845,0.821240528235762,0.7781655275993058,0.5660218132205864
1.0,0.0,3,True,173079,5,"[[0, 44, 50, 38, 14, 3, 15, 41, 42, 11, 1, 0], [0, 36, 31, 40, 25, 20, 5, 46, 32, 24, 13, 0], [0, 29, 43, 9, 47, 2, 48, 28, 30, 26, 33, 0], [0, 35, 4, 6, 22, 34, 17, 39, 49, 37, 27, 0], [0, 12, 45, 21, 18, 16, 7, 8, 23, 10, 19, 0]]",3.5809014108046675,0.07678195398389931,1.6135809448254625,0.1746603695965719,0.4168023512896861,0.3133593105170538,0.8415710139079939,0.8103316586118894,0.5660218132205864
1.0,0.0,4,True,173683,5,"[[0, 44, 29, 43, 4, 35, 20, 25, 40, 31, 36, 0], [0, 12, 6, 22, 5, 46, 32, 24, 37, 49, 27, 0], [0, 1, 41, 48, 2, 47, 9, 28, 30, 26, 33, 0], [0, 50, 38, 14, 3, 15, 45, 13, 23, 10, 19, 0], [0, 11, 42, 39, 17, 34, 8, 7, 16, 18, 21, 0]]",3.0341819309271756,0.07535913236378561,1.071452600713506,0.12135739210101001,0.23943271035588287,0.07235728140040114,0.8100695171196315,0.7630950853834862,0.42684719691718065
1.0,0.0,5,True,172631,5,"[[0, 44, 1, 41, 42, 11, 15, 3, 14, 38, 50, 0], [0, 45, 12, 13, 10, 23, 8, 7, 16, 18, 19, 0], [0, 29, 43, 35, 4, 6, 22, 5, 46, 32, 24, 0], [0, 27, 37, 49, 39, 17, 34, 20, 40, 25, 21, 0], [0, 36, 31, 47, 9, 2, 48, 28, 30, 26, 33, 0]]",3.0228431930263793,0.059911066585419684,1.0145336372548364,0.12135739210101001,0.3027171759843299,0.11668083476871409,0.817655284547707,0.77217799015319,0.5660218132205864
1.0,0.0,6,True,172914,5,"[[0, 45, 40, 25, 20, 21, 18, 10, 23, 13, 12, 0], [0, 19, 16, 7, 8, 34, 17, 39, 49, 37, 27, 0], [0, 36, 31, 9, 47, 2, 48, 28, 30, 26, 33, 0], [0, 1, 41, 42, 11, 15, 3, 14, 38, 50, 44, 0], [0, 24, 32, 46, 5, 22, 6, 4, 35, 43, 29, 0]]",3.1452580711693705,0.06316804379413357,1.0542266881536384,0.13192974092840828,0.2954010397880309,0.11785893469881845,0.821240528235762,0.7781655275993058,0.5660218132205864
1.0,0.0,7,True,172631,5,"[[0, 36, 31, 47, 9, 2, 48, 28, 30, 26, 33, 0], [0, 1, 41, 42, 11, 15, 3, 14, 38, 50, 44, 0], [0, 27, 37, 49, 39, 17, 34, 20, 40, 25, 21, 0], [0, 45, 12, 13, 10, 23, 8, 7, 16, 18, 19, 0], [0, 24, 32, 46, 5, 22, 6, 4, 35, 43, 29, 0]]",3.022843193026379,0.059911066585419684,1.0145336372548364,0.12135739210101001,0.3027171759843299,0.11668083476871412,0.817655284547707,0.77217799015319,0.5660218132205864
1.0,0.0,8,True,172631,5,"[[0, 44, 1, 11, 42, 41, 15, 3, 14, 38, 50, 0], [0, 33, 26, 30, 28, 48, 2, 9, 47, 31, 36, 0], [0, 45, 12, 13, 10, 23, 8, 7, 16, 18, 19, 0], [0, 21, 25, 40, 20, 34, 17, 39, 49, 37, 27, 0], [0, 24, 32, 46, 5, 22, 6, 4, 35, 43, 29, 0]]",3.157596593427842,0.06170635880353126,1.1269415445348316,0.13790729078229744,0.32110849119211715,0.14050729887055086,0.820064019710329,0.7766134710372937,0.5660218132205864
1.0,0.0,9,True,173901,5,"[[0, 36, 31, 47, 9, 48, 2, 5, 22, 6, 45, 0], [0, 27, 49, 37, 24, 32, 46, 10, 23, 13, 12, 0], [0, 19, 18, 21, 25, 40, 20, 35, 4, 43, 29, 0], [0, 34, 17, 39, 8, 7, 16, 28, 30, 26, 33, 0], [0, 1, 11, 42, 41, 15, 3, 14, 38, 50, 44, 0]]",3.661885027045881,0.09532865710198601,1.1257475180783172,0.13817213136153347,0.2104921448335817,0.08272040317768911,0.8241526590840544,0.7923560924859269,0.42684719691718065
