beta,lambda_concentration,seed,is_feasible,pyvrp_cost,num_routes,routes,global_risk,global_cvar90,max_vehicle_risk,max_vehicle_cvar90,vehicle_risk_gini,risk_variance,edge_burden_gini_used,top10_burden_share,max_edge_burden
0.0,0.0,0,True,145999,5,"[[0, 44, 14, 3, 15, 41, 11, 1, 37, 38, 50, 0], [0, 42, 7, 8, 34, 17, 9, 47, 43, 26, 33, 0], [0, 45, 12, 13, 24, 32, 46, 23, 10, 18, 19, 0], [0, 40, 25, 20, 35, 4, 16, 28, 30, 21, 29, 0], [0, 36, 31, 6, 22, 2, 48, 5, 39, 49, 27, 0]]",10.86963447447124,0.2334225908961407,3.5197348768706433,0.46118823119572233,0.22070234111296894,0.7335879617093517,0.8829112988085599,0.9049154119988766,1.1816805601119995
0.0,0.0,1,True,145999,5,"[[0, 6, 22, 5, 2, 48, 43, 9, 47, 31, 36, 0], [0, 12, 45, 13, 24, 32, 46, 23, 10, 18, 19, 0], [0, 27, 49, 39, 17, 34, 8, 7, 30, 21, 29, 0], [0, 33, 26, 28, 16, 4, 35, 20, 25, 40, 44, 0], [0, 14, 3, 15, 42, 41, 11, 1, 37, 38, 50, 0]]",12.048139383277885,0.2440526689119313,3.8553472847270314,0.7064327359199524,0.23002587936692054,1.0123857808800674,0.891981239125625,0.9160271493466174,1.999999761581421
0.0,0.0,2,True,146664,5,"[[0, 27, 49, 39, 17, 34, 8, 7, 16, 12, 45, 0], [0, 35, 4, 6, 22, 5, 43, 47, 9, 31, 36, 0], [0, 33, 26, 28, 30, 48, 2, 20, 25, 40, 19, 0], [0, 14, 3, 15, 42, 41, 11, 1, 37, 38, 50, 0], [0, 29, 21, 18, 10, 23, 46, 32, 24, 13, 44, 0]]",9.761548051454156,0.23469226581877783,3.4688150050642435,0.6255060076713562,0.2555685095516711,0.8324847477099828,0.8855647295202931,0.9023472565152403,1.1816805601119995
0.0,0.0,3,True,146664,5,"[[0, 44, 50, 38, 37, 1, 41, 11, 15, 3, 14, 0], [0, 19, 18, 21, 29, 10, 23, 46, 32, 24, 13, 0], [0, 45, 12, 42, 7, 8, 34, 17, 39, 49, 27, 0], [0, 16, 35, 4, 6, 22, 5, 30, 28, 26, 33, 0], [0, 40, 25, 20, 2, 48, 43, 47, 9, 31, 36, 0]]",11.35328000616937,0.3693741323160274,3.5423689127201214,0.5206331859032313,0.23127504901746088,0.9708218364913002,0.8809841794678639,0.90220713265181,1.1816805601119995
0.0,0.0,4,True,147330,5,"[[0, 36, 31, 9, 47, 43, 48, 2, 20, 25, 40, 0], [0, 45, 12, 13, 24, 32, 46, 23, 10, 29, 44, 0], [0, 14, 3, 15, 42, 11, 41, 1, 37, 38, 50, 0], [0, 21, 35, 4, 6, 22, 5, 30, 28, 26, 33, 0], [0, 27, 49, 39, 17, 34, 8, 7, 16, 18, 19, 0]]",10.422694543408621,0.22327163520940516,3.5426261118846014,0.5180728087822596,0.2607993382665674,0.9346621483049274,0.8858271685136363,0.9057811565196584,1.1816805601119995
0.0,0.0,5,True,147330,5,"[[0, 27, 49, 39, 48, 2, 43, 9, 47, 31, 36, 0], [0, 14, 3, 15, 42, 11, 41, 1, 37, 38, 50, 0], [0, 33, 26, 28, 30, 8, 17, 34, 7, 16, 45, 0], [0, 12, 35, 4, 6, 22, 5, 20, 25, 40, 44, 0], [0, 29, 21, 13, 24, 32, 46, 23, 10, 18, 19, 0]]",10.97192475661359,0.35343645566276144,4.378970225690864,0.5387483281748635,0.2874064603661366,1.4843159961074792,0.8783553279545127,0.8902430634600317,1.1816805601119995
0.0,0.0,6,True,147330,5,"[[0, 50, 38, 37, 1, 41, 11, 15, 3, 14, 45, 0], [0, 36, 31, 9, 47, 43, 2, 48, 39, 49, 27, 0], [0, 40, 25, 20, 5, 22, 6, 4, 35, 16, 12, 0], [0, 13, 24, 32, 46, 23, 10, 29, 21, 18, 19, 0], [0, 42, 7, 34, 17, 8, 30, 28, 26, 33, 44, 0]]",11.646043659264251,0.3785364742257765,4.134780500433408,0.5387483281748635,0.23966097451350055,1.0592958515673816,0.8810618673626822,0.9050822524620491,1.1816805601119995
0.0,0.0,7,True,146664,5,"[[0, 19, 18, 10, 23, 46, 32, 24, 13, 21, 29, 0], [0, 33, 26, 28, 30, 5, 22, 6, 4, 35, 44, 0], [0, 12, 45, 16, 7, 8, 34, 17, 39, 49, 27, 0], [0, 40, 25, 20, 2, 48, 43, 47, 9, 31, 36, 0], [0, 14, 3, 15, 42, 11, 41, 1, 37, 38, 50, 0]]",10.49065876259192,0.33962275673236164,3.5423689127201214,0.5180728087822596,0.20117222205809515,0.6337752512705436,0.8806441963942708,0.8969857753615122,1.1816805601119995
0.0,0.0,8,True,147330,5,"[[0, 14, 3, 15, 42, 11, 41, 1, 37, 38, 50, 0], [0, 12, 45, 13, 46, 23, 10, 29, 21, 18, 19, 0], [0, 32, 24, 6, 22, 5, 48, 2, 20, 25, 40, 0], [0, 36, 31, 47, 9, 43, 30, 28, 26, 33, 44, 0], [0, 27, 49, 39, 17, 34, 8, 7, 16, 4, 35, 0]]",11.56384822547625,0.36400458345125464,3.4057345608307514,0.44965851306915283,0.1711982175412714,0.516242888515293,0.8835129228605592,0.9017406546323158,1.1816805601119995
0.0,0.0,9,True,145999,5,"[[0, 14, 3, 15, 42, 41, 11, 1, 37, 38, 50, 0], [0, 27, 49, 39, 17, 34, 8, 7, 30, 21, 29, 0], [0, 12, 45, 13, 24, 32, 46, 23, 10, 18, 19, 0], [0, 44, 40, 25, 20, 35, 4, 16, 28, 26, 33, 0], [0, 6, 22, 5, 48, 2, 43, 47, 9, 31, 36, 0]]",12.044948668819416,0.2440526689119313,3.8553472847270314,0.7064327359199524,0.2299808531157359,1.0118642889589924,0.8918517287701944,0.9162698055131262,1.999999761581421
1.0,0.0,0,True,179180,5,"[[0, 33, 26, 30, 28, 47, 9, 48, 2, 41, 44, 0], [0, 42, 39, 17, 34, 22, 6, 4, 35, 43, 29, 0], [0, 13, 24, 32, 46, 5, 20, 25, 40, 31, 36, 0], [0, 19, 16, 7, 8, 23, 10, 18, 21, 12, 45, 0], [0, 27, 37, 49, 1, 11, 15, 3, 14, 38, 50, 0]]",4.469705652332093,0.09739882836269366,1.7945305155299138,0.14473255020048884,0.38637817723592915,0.3931246265640036,0.840820373918894,0.8051686031146329,0.973210334777832
1.0,0.0,1,True,179180,5,"[[0, 44, 50, 38, 14, 3, 15, 1, 49, 37, 27, 0], [0, 13, 24, 32, 46, 5, 20, 25, 40, 31, 36, 0], [0, 42, 39, 17, 34, 22, 6, 4, 35, 43, 29, 0], [0, 33, 26, 30, 28, 47, 9, 48, 2, 41, 11, 0], [0, 45, 12, 21, 18, 10, 23, 8, 7, 16, 19, 0]]",4.466712731521735,0.09739882836269366,1.7792318396677729,0.1540079103782773,0.3858030933736678,0.3920122246118129,0.8417289361306404,0.8057081063271636,0.973210334777832
1.0,0.0,2,True,179778,5,"[[0, 50, 38, 14, 3, 34, 17, 39, 42, 11, 1, 0], [0, 27, 49, 37, 24, 32, 46, 5, 22, 6, 45, 0], [0, 33, 26, 30, 28, 47, 9, 2, 48, 41, 15, 0], [0, 44, 29, 43, 4, 35, 20, 25, 40, 31, 36, 0], [0, 19, 16, 7, 8, 23, 10, 18, 21, 13, 12, 0]]",4.455372261061027,0.0944095473050287,1.791116923239315,0.1540079103782773,0.3488805474484715,0.3147659038940188,0.8381906595643154,0.8030848995951513,0.973210334777832
1.0,0.0,3,True,179634,5,"[[0, 29, 43, 35, 4, 6, 22, 20, 25, 40, 45, 0], [0, 2, 48, 5, 46, 32, 24, 21, 18, 10, 19, 0], [0, 44, 50, 38, 14, 3, 15, 41, 42, 11, 1, 0], [0, 12, 13, 23, 8, 7, 16, 28, 30, 26, 33, 0], [0, 36, 31, 47, 9, 34, 17, 39, 49, 37, 27, 0]]",5.145466594422032,0.11767171804482739,1.736675409541931,0.15607425905764102,0.24062335461339202,0.2014424997901539,0.844263108248885,0.8184470309511334,0.902935802936554
1.0,0.0,4,True,180037,5,"[[0, 44, 29, 43, 4, 35, 20, 25, 40, 31, 36, 0], [0, 1, 11, 41, 42, 39, 17, 34, 22, 6, 45, 0], [0, 15, 48, 2, 5, 46, 32, 24, 37, 49, 27, 0], [0, 50, 38, 14, 3, 9, 47, 28, 30, 26, 33, 0], [0, 19, 16, 7, 8, 23, 10, 18, 21, 13, 12, 0]]",4.511271721686396,0.09348606791060704,2.1935354340712365,0.251893725246191,0.39326857242271474,0.47673830744557816,0.8371171496568126,0.8022009748089566,0.973210334777832
1.0,0.0,5,True,179948,5,"[[0, 27, 37, 49, 39, 17, 34, 8, 7, 16, 19, 0], [0, 24, 32, 46, 5, 22, 6, 4, 35, 43, 29, 0], [0, 12, 13, 23, 10, 18, 21, 25, 40, 31, 36, 0], [0, 1, 11, 41, 42, 15, 3, 14, 38, 50, 44, 0], [0, 33, 26, 30, 28, 47, 9, 2, 48, 20, 45, 0]]",5.069176868422115,0.10768446856393264,1.9003569295455236,0.229552400963647,0.3593738990655502,0.49057922893609696,0.8450345231993464,0.8163334299630373,0.902935802936554
1.0,0.0,6,True,180026,5,"[[0, 15, 2, 48, 5, 22, 6, 4, 35, 43, 29, 0], [0, 19, 16, 7, 8, 23, 10, 18, 21, 13, 45, 0], [0, 38, 14, 3, 34, 17, 39, 42, 41, 11, 1, 0], [0, 44, 50, 36, 31, 9, 47, 28, 30, 26, 33, 0], [0, 12, 40, 25, 20, 46, 32, 24, 37, 49, 27, 0]]",4.5114785652287965,0.09291808092250274,1.5185833012510557,0.18235389036791666,0.3153197692281877,0.2659200146316245,0.8331927322828276,0.7977240967439412,0.973210334777832
1.0,0.0,7,True,179948,5,"[[0, 36, 31, 40, 25, 21, 18, 10, 23, 13, 45, 0], [0, 29, 43, 35, 4, 6, 22, 5, 46, 32, 24, 0], [0, 12, 20, 48, 2, 9, 47, 28, 30, 26, 33, 0], [0, 1, 11, 42, 41, 15, 3, 14, 38, 50, 44, 0], [0, 19, 16, 7, 8, 34, 17, 39, 49, 37, 27, 0]]",5.0715269958629925,0.10768446856393264,1.9074725354730617,0.229552400963647,0.3610815293466658,0.494388987272041,0.844683017102223,0.8159551439761489,0.902935802936554
1.0,0.0,8,True,179948,5,"[[0, 27, 37, 49, 39, 17, 34, 8, 7, 16, 19, 0], [0, 44, 50, 38, 14, 3, 15, 41, 11, 42, 1, 0], [0, 33, 26, 30, 28, 47, 9, 2, 48, 20, 45, 0], [0, 36, 31, 40, 25, 21, 18, 10, 23, 13, 12, 0], [0, 24, 32, 46, 5, 22, 6, 4, 35, 43, 29, 0]]",5.0715269958629925,0.10768446856393264,1.9003569295455236,0.229552400963647,0.35883664935423965,0.4899527898860545,0.8446830171022235,0.815955143976149,0.902935802936554
1.0,0.0,9,True,180207,5,"[[0, 44, 50, 38, 14, 3, 15, 41, 42, 11, 1, 0], [0, 29, 43, 35, 4, 21, 18, 10, 23, 12, 45, 0], [0, 36, 31, 40, 25, 20, 5, 46, 32, 24, 13, 0], [0, 19, 16, 7, 8, 34, 17, 39, 49, 37, 27, 0], [0, 33, 26, 30, 28, 9, 47, 2, 48, 22, 6, 0]]",4.982752442828538,0.10291028623469174,1.8625527859840076,0.25807882597049076,0.3556937029114371,0.48351609607780455,0.8438561152923427,0.8173160244873443,0.902935802936554
2.0,0.0,0,True,200265,5,"[[0, 1, 49, 27, 37, 24, 32, 46, 31, 36, 44, 0], [0, 33, 26, 30, 28, 47, 9, 21, 18, 10, 19, 0], [0, 15, 42, 7, 16, 5, 20, 25, 40, 12, 45, 0], [0, 29, 43, 35, 4, 6, 22, 2, 48, 11, 41, 0], [0, 13, 23, 8, 39, 17, 34, 3, 14, 38, 50, 0]]",4.314392468449338,0.09733431578746864,1.5206032357818913,0.15340287823762214,0.30512707328342215,0.2227835265837553,0.834829171425483,0.7960958414573426,0.973210334777832
2.0,0.0,1,True,199508,5,"[[0, 38, 14, 3, 34, 17, 39, 8, 7, 16, 19, 0], [0, 33, 26, 30, 28, 9, 47, 48, 2, 41, 15, 0], [0, 45, 12, 20, 40, 25, 21, 18, 10, 23, 13, 0], [0, 29, 43, 35, 4, 6, 22, 5, 42, 11, 1, 0], [0, 36, 31, 46, 32, 24, 37, 49, 27, 50, 44, 0]]",4.078144415517497,0.0925191210801987,1.791116923239315,0.1540079103782773,0.3971760971127587,0.3597784810386374,0.8273478619148504,0.7863741752876717,0.973210334777832
2.0,0.0,2,True,199508,5,"[[0, 44, 50, 27, 49, 37, 24, 32, 46, 31, 36, 0], [0, 38, 14, 3, 34, 17, 39, 8, 7, 16, 19, 0], [0, 29, 43, 35, 4, 6, 22, 5, 42, 11, 1, 0], [0, 15, 41, 2, 48, 47, 9, 28, 30, 26, 33, 0], [0, 12, 13, 23, 10, 18, 21, 25, 40, 20, 45, 0]]",4.245712040693658,0.09456895286483424,1.791116923239315,0.1540079103782773,0.3593969617634969,0.3247194681437287,0.8292812084151135,0.7901022044064617,0.973210334777832
2.0,0.0,3,True,200354,5,"[[0, 44, 1, 2, 48, 9, 47, 28, 30, 26, 33, 0], [0, 45, 12, 6, 22, 46, 32, 24, 37, 49, 27, 0], [0, 50, 38, 14, 3, 34, 17, 39, 8, 23, 13, 0], [0, 19, 10, 18, 21, 29, 43, 4, 35, 41, 11, 0], [0, 36, 31, 40, 25, 20, 5, 16, 7, 42, 15, 0]]",4.259053461625851,0.09356408892199397,1.8296253246662673,0.15340287823762214,0.3738191885312945,0.3597186994171998,0.8339810406404531,0.7942939257984438,0.973210334777832
2.0,0.0,4,True,199934,5,"[[0, 44, 50, 36, 31, 9, 47, 28, 30, 26, 33, 0], [0, 13, 23, 10, 18, 21, 25, 40, 20, 45, 12, 0], [0, 1, 11, 42, 5, 46, 32, 24, 37, 49, 27, 0], [0, 15, 41, 2, 48, 22, 6, 4, 35, 43, 29, 0], [0, 38, 14, 3, 34, 17, 39, 8, 7, 16, 19, 0]]",4.292106623531478,0.09356408892199397,1.5324883193534333,0.12950645312666892,0.3086102010243308,0.2250877168232855,0.830627281530733,0.7912841755975252,0.973210334777832
2.0,0.0,5,True,199508,5,"[[0, 50, 44, 27, 49, 37, 24, 32, 46, 31, 36, 0], [0, 1, 11, 42, 5, 22, 6, 4, 35, 43, 29, 0], [0, 15, 41, 2, 48, 9, 47, 28, 30, 26, 33, 0], [0, 12, 20, 40, 25, 21, 18, 10, 23, 13, 45, 0], [0, 38, 14, 3, 34, 17, 39, 8, 7, 16, 19, 0]]",4.077887216353016,0.0925191210801987,1.791116923239315,0.1540079103782773,0.3971759190044821,0.3597375014481262,0.8274232896426201,0.7864237732216314,0.973210334777832
2.0,0.0,6,True,198997,5,"[[0, 44, 50, 38, 15, 41, 11, 1, 49, 37, 27, 0], [0, 36, 31, 40, 25, 20, 5, 46, 32, 24, 13, 0], [0, 14, 3, 2, 48, 9, 47, 28, 30, 26, 33, 0], [0, 12, 45, 21, 18, 10, 23, 8, 7, 16, 19, 0], [0, 42, 39, 17, 34, 22, 6, 4, 35, 43, 29, 0]]",4.396601980263992,0.09815582358795735,1.7753353272855747,0.1540079103782773,0.38424998500187857,0.373739221769407,0.8417632405144537,0.8060973115080001,0.973210334777832
2.0,0.0,7,True,199508,5,"[[0, 50, 44, 36, 31, 46, 32, 24, 37, 49, 27, 0], [0, 1, 11, 2, 48, 47, 9, 28, 30, 26, 33, 0], [0, 13, 23, 10, 18, 21, 25, 40, 20, 12, 45, 0], [0, 19, 16, 7, 8, 39, 17, 34, 3, 14, 38, 0], [0, 29, 43, 35, 4, 6, 22, 5, 42, 41, 15, 0]]",4.245969239858138,0.09456895286483424,1.8143266488041263,0.1540079103782773,0.36377245825672655,0.3364685464134839,0.8292079080838703,0.7900543440439985,0.973210334777832
2.0,0.0,8,True,199508,5,"[[0, 50, 27, 49, 37, 24, 32, 46, 31, 36, 44, 0], [0, 12, 13, 23, 10, 18, 21, 25, 40, 20, 45, 0], [0, 38, 14, 3, 34, 17, 39, 8, 7, 16, 19, 0], [0, 15, 41, 42, 5, 22, 6, 4, 35, 43, 29, 0], [0, 33, 26, 30, 28, 9, 47, 48, 2, 11, 1, 0]]",4.2457120406936575,0.09456895286483424,1.8143266488041263,0.1540079103782773,0.3637702636440492,0.3364310199753408,0.8292812084151135,0.7901022044064617,0.973210334777832
2.0,0.0,9,True,200512,5,"[[0, 12, 34, 17, 39, 8, 23, 10, 18, 21, 19, 0], [0, 42, 7, 16, 5, 22, 6, 4, 35, 43, 29, 0], [0, 44, 27, 37, 49, 1, 11, 41, 15, 38, 50, 0], [0, 36, 31, 40, 25, 20, 46, 32, 24, 13, 45, 0], [0, 33, 26, 30, 28, 9, 47, 48, 2, 3, 14, 0]]",4.2677583666165875,0.10269445502622561,1.7753353272855747,0.1540079103782773,0.3894497926055627,0.38287376280352736,0.8409112834861723,0.8047547991639242,0.973210334777832
