beta,lambda_concentration,seed,is_feasible,pyvrp_cost,num_routes,routes,global_risk,global_cvar90,max_vehicle_risk,max_vehicle_cvar90,vehicle_risk_gini,risk_variance,edge_burden_gini_used,top10_burden_share,max_edge_burden
0.0,0.0,0,True,145999,5,"[[0, 44, 14, 3, 15, 41, 11, 1, 37, 38, 50, 0], [0, 42, 7, 8, 34, 17, 9, 47, 43, 26, 33, 0], [0, 45, 12, 13, 24, 32, 46, 23, 10, 18, 19, 0], [0, 40, 25, 20, 35, 4, 16, 28, 30, 21, 29, 0], [0, 36, 31, 6, 22, 2, 48, 5, 39, 49, 27, 0]]",9.205759172153194,0.24708509419790722,3.189226191607304,0.4780143511792024,0.2422934766448137,0.6490022278281183,0.8404394124736527,0.8790998790386493,0.856586217880249
0.0,0.0,1,True,145999,5,"[[0, 6, 22, 5, 2, 48, 43, 9, 47, 31, 36, 0], [0, 12, 45, 13, 24, 32, 46, 23, 10, 18, 19, 0], [0, 27, 49, 39, 17, 34, 8, 7, 30, 21, 29, 0], [0, 33, 26, 28, 16, 4, 35, 20, 25, 40, 44, 0], [0, 14, 3, 15, 42, 41, 11, 1, 37, 38, 50, 0]]",10.197278637380805,0.2614560171163508,2.874756739824079,0.5153718322515488,0.21324463907447422,0.6755956271605258,0.8535155086500161,0.8921125699549037,1.713172435760498
0.0,0.0,2,True,146664,5,"[[0, 27, 49, 39, 17, 34, 8, 7, 16, 12, 45, 0], [0, 35, 4, 6, 22, 5, 43, 47, 9, 31, 36, 0], [0, 33, 26, 28, 30, 48, 2, 20, 25, 40, 19, 0], [0, 14, 3, 15, 42, 41, 11, 1, 37, 38, 50, 0], [0, 29, 21, 18, 10, 23, 46, 32, 24, 13, 44, 0]]",8.423079148109537,0.23830445804783412,3.467592815635726,0.5719736814498901,0.29242860245939006,0.9282199561614638,0.8393446147414294,0.8738748725979949,0.856586217880249
0.0,0.0,3,True,146664,5,"[[0, 44, 50, 38, 37, 1, 41, 11, 15, 3, 14, 0], [0, 19, 18, 21, 29, 10, 23, 46, 32, 24, 13, 0], [0, 45, 12, 42, 7, 8, 34, 17, 39, 49, 27, 0], [0, 16, 35, 4, 6, 22, 5, 30, 28, 26, 33, 0], [0, 40, 25, 20, 2, 48, 43, 47, 9, 31, 36, 0]]",10.055692275462206,0.31960269432914046,3.48454418242909,0.5084937264521917,0.29009634890527036,1.2643440591075716,0.8412765103709057,0.8872825814052564,0.856586217880249
0.0,0.0,4,True,147330,5,"[[0, 36, 31, 9, 47, 43, 48, 2, 20, 25, 40, 0], [0, 45, 12, 13, 24, 32, 46, 23, 10, 29, 44, 0], [0, 14, 3, 15, 42, 11, 41, 1, 37, 38, 50, 0], [0, 21, 35, 4, 6, 22, 5, 30, 28, 26, 33, 0], [0, 27, 49, 39, 17, 34, 8, 7, 16, 18, 19, 0]]",9.371522363449913,0.23839727084019355,3.4839797432068735,0.4385577191909154,0.28838148879251135,0.9505159608596045,0.8433042006257436,0.8847431139090577,0.856586217880249
0.0,0.0,5,True,147330,5,"[[0, 27, 49, 39, 48, 2, 43, 9, 47, 31, 36, 0], [0, 14, 3, 15, 42, 11, 41, 1, 37, 38, 50, 0], [0, 33, 26, 28, 30, 8, 17, 34, 7, 16, 45, 0], [0, 12, 35, 4, 6, 22, 5, 20, 25, 40, 44, 0], [0, 29, 21, 13, 24, 32, 46, 23, 10, 18, 19, 0]]",10.09624131344026,0.3211782356458051,3.646183273405768,0.43279496133327483,0.24330357785828238,0.848779379675624,0.8377751974148018,0.8617446394384146,0.856586217880249
0.0,0.0,6,True,147330,5,"[[0, 50, 38, 37, 1, 41, 11, 15, 3, 14, 45, 0], [0, 36, 31, 9, 47, 43, 2, 48, 39, 49, 27, 0], [0, 40, 25, 20, 5, 22, 6, 4, 35, 16, 12, 0], [0, 13, 24, 32, 46, 23, 10, 29, 21, 18, 19, 0], [0, 42, 7, 34, 17, 8, 30, 28, 26, 33, 44, 0]]",10.274644188873935,0.32699324197268914,3.251582192373462,0.43860747913519543,0.24027259307929283,0.7782348808098332,0.8435642055704962,0.8895627339252923,0.856586217880249
0.0,0.0,7,True,146664,5,"[[0, 19, 18, 10, 23, 46, 32, 24, 13, 21, 29, 0], [0, 33, 26, 28, 30, 5, 22, 6, 4, 35, 44, 0], [0, 12, 45, 16, 7, 8, 34, 17, 39, 49, 27, 0], [0, 40, 25, 20, 2, 48, 43, 47, 9, 31, 36, 0], [0, 14, 3, 15, 42, 11, 41, 1, 37, 38, 50, 0]]",9.59598984400509,0.3041744279741709,3.48454418242909,0.4385577191909154,0.23652798705365008,0.7551590282957162,0.8394687826702356,0.8847705427026873,0.856586217880249
0.0,0.0,8,True,147330,5,"[[0, 14, 3, 15, 42, 11, 41, 1, 37, 38, 50, 0], [0, 12, 45, 13, 46, 23, 10, 29, 21, 18, 19, 0], [0, 32, 24, 6, 22, 5, 48, 2, 20, 25, 40, 0], [0, 36, 31, 47, 9, 43, 30, 28, 26, 33, 44, 0], [0, 27, 49, 39, 17, 34, 8, 7, 16, 4, 35, 0]]",10.229215555533301,0.32572983684284346,2.974040893604979,0.3902680429496935,0.19860775815085874,0.5494512028700758,0.8422422291563483,0.8795481130858985,0.856586217880249
0.0,0.0,9,True,145999,5,"[[0, 14, 3, 15, 42, 41, 11, 1, 37, 38, 50, 0], [0, 27, 49, 39, 17, 34, 8, 7, 30, 21, 29, 0], [0, 12, 45, 13, 24, 32, 46, 23, 10, 18, 19, 0], [0, 44, 40, 25, 20, 35, 4, 16, 28, 26, 33, 0], [0, 6, 22, 5, 48, 2, 43, 47, 9, 31, 36, 0]]",10.195831179211382,0.2614560171163508,2.874756739824079,0.5153718322515488,0.21321812622151448,0.6752509660121837,0.8532010205091569,0.8922392193280376,1.713172435760498
0.5,0.0,0,True,166535,5,"[[0, 50, 38, 37, 1, 41, 11, 42, 15, 3, 14, 0], [0, 36, 31, 40, 25, 20, 5, 22, 6, 4, 35, 0], [0, 44, 12, 45, 13, 23, 10, 18, 21, 29, 19, 0], [0, 33, 26, 43, 9, 47, 48, 2, 46, 32, 24, 0], [0, 30, 28, 16, 7, 8, 34, 17, 39, 49, 27, 0]]",7.164538868179079,0.19683898381528356,2.5585448320489377,0.38992191255092623,0.3182238696412343,0.6602833562680275,0.8253042063716125,0.8479703078752913,0.856586217880249
0.5,0.0,1,True,166414,5,"[[0, 36, 31, 40, 25, 20, 5, 46, 32, 24, 13, 0], [0, 2, 48, 47, 9, 43, 35, 4, 18, 21, 29, 0], [0, 45, 12, 6, 22, 34, 17, 39, 49, 27, 44, 0], [0, 33, 26, 30, 28, 16, 7, 8, 23, 10, 19, 0], [0, 14, 3, 15, 11, 42, 41, 1, 37, 38, 50, 0]]",5.536988973093685,0.15345430537929822,1.9613010501489043,0.20907496311701834,0.2422161349818277,0.24306785634891584,0.7988097727990375,0.8116986173554006,0.8537834286689758
0.5,0.0,2,True,166414,5,"[[0, 2, 48, 47, 9, 43, 35, 4, 18, 21, 29, 0], [0, 12, 45, 6, 22, 34, 17, 39, 49, 27, 44, 0], [0, 36, 31, 40, 25, 20, 5, 46, 32, 24, 13, 0], [0, 50, 38, 37, 1, 42, 41, 11, 15, 3, 14, 0], [0, 33, 26, 30, 28, 16, 7, 8, 23, 10, 19, 0]]",5.536988973093685,0.15345430537929822,1.9613010501489043,0.20907496311701834,0.2422161349818277,0.24306785634891587,0.7988097727990375,0.8116986173554006,0.8537834286689758
0.5,0.0,3,True,166414,5,"[[0, 19, 10, 23, 8, 7, 16, 28, 30, 26, 33, 0], [0, 36, 31, 40, 25, 20, 5, 46, 32, 24, 13, 0], [0, 29, 21, 18, 4, 35, 43, 9, 47, 48, 2, 0], [0, 14, 3, 15, 41, 42, 11, 1, 37, 38, 50, 0], [0, 45, 12, 6, 22, 34, 17, 39, 49, 27, 44, 0]]",5.539347977319267,0.15345430537929822,1.9636600543744862,0.20907496311701834,0.24245367458033762,0.24387449128827918,0.7980962683832753,0.8113529448184739,0.8537834286689758
0.5,0.0,4,True,166414,5,"[[0, 29, 21, 18, 4, 35, 43, 9, 47, 2, 48, 0], [0, 36, 31, 40, 25, 20, 5, 46, 32, 24, 13, 0], [0, 14, 3, 15, 11, 42, 41, 1, 37, 38, 50, 0], [0, 45, 12, 6, 22, 34, 17, 39, 49, 27, 44, 0], [0, 33, 26, 30, 28, 16, 7, 8, 23, 10, 19, 0]]",5.539347977319267,0.15345430537929822,1.9636600543744862,0.20907496311701834,0.24245367458033762,0.24387449128827923,0.7980962683832753,0.8113529448184739,0.8537834286689758
0.5,0.0,5,True,166585,5,"[[0, 29, 43, 47, 9, 34, 17, 39, 49, 27, 44, 0], [0, 14, 3, 15, 41, 11, 42, 1, 37, 38, 50, 0], [0, 33, 26, 30, 28, 16, 7, 8, 23, 13, 45, 0], [0, 2, 48, 5, 22, 6, 24, 32, 46, 10, 19, 0], [0, 36, 31, 40, 25, 20, 35, 4, 18, 21, 12, 0]]",5.868738457269501,0.16473889405485884,1.5279240461532027,0.21915965930869183,0.1474055243314727,0.10020780049186132,0.8010343948578855,0.8194640084203467,0.8537834286689758
0.5,0.0,6,True,166414,5,"[[0, 19, 10, 23, 8, 7, 16, 28, 30, 26, 33, 0], [0, 48, 2, 47, 9, 43, 35, 4, 18, 21, 29, 0], [0, 13, 24, 32, 46, 5, 20, 25, 40, 31, 36, 0], [0, 14, 3, 15, 42, 41, 11, 1, 37, 38, 50, 0], [0, 44, 27, 49, 39, 17, 34, 22, 6, 12, 45, 0]]",5.533167722809594,0.15345430537929822,1.9613010501489043,0.20907496311701834,0.24293589785571745,0.24399941066906802,0.7995390651765799,0.8122591829712554,0.8537834286689758
0.5,0.0,7,True,166414,5,"[[0, 44, 27, 49, 39, 17, 34, 22, 6, 45, 12, 0], [0, 14, 3, 15, 41, 11, 42, 1, 37, 38, 50, 0], [0, 29, 21, 18, 4, 35, 43, 9, 47, 2, 48, 0], [0, 19, 10, 23, 8, 7, 16, 28, 30, 26, 33, 0], [0, 13, 24, 32, 46, 5, 20, 25, 40, 31, 36, 0]]",5.535526727035176,0.15345430537929822,1.9636600543744862,0.20907496311701834,0.2431732946989953,0.2448067667560767,0.7988247574257474,0.8119130329227806,0.8537834286689758
0.5,0.0,8,True,166414,5,"[[0, 12, 45, 6, 22, 34, 17, 39, 49, 27, 44, 0], [0, 2, 48, 9, 47, 43, 35, 4, 18, 21, 29, 0], [0, 14, 3, 15, 11, 42, 41, 1, 37, 38, 50, 0], [0, 33, 26, 30, 28, 16, 7, 8, 23, 10, 19, 0], [0, 36, 31, 40, 25, 20, 5, 46, 32, 24, 13, 0]]",5.536988973093685,0.15345430537929822,1.9613010501489043,0.20907496311701834,0.2422161349818277,0.24306785634891587,0.7988097727990375,0.8116986173554006,0.8537834286689758
0.5,0.0,9,True,165950,5,"[[0, 19, 10, 23, 46, 32, 24, 13, 45, 12, 44, 0], [0, 30, 28, 16, 7, 8, 34, 17, 39, 49, 27, 0], [0, 33, 26, 43, 47, 9, 2, 48, 5, 22, 6, 0], [0, 14, 3, 15, 42, 11, 41, 1, 37, 38, 50, 0], [0, 36, 31, 40, 25, 20, 35, 4, 18, 21, 29, 0]]",7.196097903593909,0.18596291810161236,2.4629104104824364,0.38992191255092623,0.2933017825186086,0.571064789341752,0.825475639844339,0.8502697652010314,0.856586217880249
1.0,0.0,0,True,179804,5,"[[0, 1, 41, 11, 42, 15, 3, 14, 38, 50, 44, 0], [0, 12, 13, 23, 10, 18, 21, 20, 25, 40, 45, 0], [0, 35, 4, 6, 22, 5, 46, 32, 24, 31, 36, 0], [0, 19, 16, 7, 8, 34, 17, 39, 49, 37, 27, 0], [0, 33, 26, 30, 28, 2, 48, 47, 9, 43, 29, 0]]",4.810053540801164,0.09544080232735723,2.04978519002907,0.22322106966748834,0.3446003287810979,0.3904683388716726,0.7748174455675263,0.7828772715050175,0.8537834286689758
1.0,0.0,1,True,179967,5,"[[0, 29, 43, 35, 4, 6, 22, 5, 42, 11, 41, 0], [0, 15, 3, 2, 48, 47, 9, 28, 30, 26, 33, 0], [0, 50, 38, 14, 12, 13, 23, 8, 7, 16, 19, 0], [0, 27, 49, 39, 17, 34, 20, 25, 40, 31, 36, 0], [0, 45, 21, 18, 10, 46, 32, 24, 37, 1, 44, 0]]",4.707684055436403,0.09716866006094374,1.565566651755944,0.16595558484550565,0.19243090102648752,0.11739584024133425,0.7729230779981151,0.7760574298898216,0.8537834286689758
1.0,0.0,2,True,178860,5,"[[0, 35, 4, 6, 22, 5, 46, 32, 24, 37, 1, 0], [0, 2, 48, 9, 47, 43, 29, 21, 18, 10, 19, 0], [0, 33, 26, 30, 28, 16, 7, 8, 23, 13, 12, 0], [0, 27, 49, 39, 17, 34, 20, 25, 40, 31, 36, 0], [0, 44, 45, 42, 11, 41, 15, 3, 14, 38, 50, 0]]",5.017010095587466,0.10329781814167897,1.6297911605797708,0.1938502929572548,0.17448805292998815,0.11502927915077574,0.7847612077541704,0.7943443385327684,0.8537834286689758
1.0,0.0,3,True,180063,5,"[[0, 44, 19, 16, 7, 8, 34, 17, 39, 42, 11, 0], [0, 45, 40, 25, 20, 21, 18, 10, 23, 13, 12, 0], [0, 36, 31, 9, 47, 2, 48, 28, 30, 26, 33, 0], [0, 29, 43, 35, 4, 6, 22, 5, 46, 32, 24, 0], [0, 27, 49, 37, 1, 41, 15, 3, 14, 38, 50, 0]]",4.728245334525127,0.09134891154471694,1.5317488452419639,0.18812571971544198,0.2764764385392351,0.22491680305957532,0.7732764895585644,0.7798761829805918,0.8537834286689758
1.0,0.0,4,True,178860,5,"[[0, 33, 26, 30, 28, 16, 7, 8, 23, 13, 44, 0], [0, 35, 4, 6, 22, 5, 46, 32, 24, 37, 1, 0], [0, 36, 31, 40, 25, 20, 34, 17, 39, 49, 27, 0], [0, 50, 38, 14, 3, 15, 41, 11, 42, 45, 12, 0], [0, 19, 10, 18, 21, 29, 43, 9, 47, 2, 48, 0]]",5.01911548251519,0.10329781814167897,1.628075297223404,0.1938502929572548,0.17464324675641718,0.11485443628269028,0.7852538366378732,0.7940111319762977,0.8537834286689758
1.0,0.0,5,True,178860,5,"[[0, 50, 38, 14, 3, 15, 41, 11, 42, 45, 12, 0], [0, 27, 49, 39, 17, 34, 20, 25, 40, 31, 36, 0], [0, 19, 10, 18, 21, 29, 43, 9, 47, 2, 48, 0], [0, 1, 37, 24, 32, 46, 5, 22, 6, 4, 35, 0], [0, 33, 26, 30, 28, 16, 7, 8, 23, 13, 44, 0]]",5.015294232231099,0.10329781814167897,1.628075297223404,0.1938502929572548,0.17447154306018753,0.11483802551428834,0.7860119899310798,0.794616104510937,0.8537834286689758
1.0,0.0,6,True,179239,5,"[[0, 44, 19, 16, 7, 8, 23, 10, 18, 21, 45, 0], [0, 29, 43, 9, 47, 2, 48, 28, 30, 26, 33, 0], [0, 14, 3, 15, 42, 41, 11, 1, 37, 38, 50, 0], [0, 35, 4, 6, 22, 5, 46, 32, 24, 13, 12, 0], [0, 36, 31, 40, 25, 20, 34, 17, 39, 49, 27, 0]]",5.095216927526053,0.10564598820817012,2.04978519002907,0.22322106966748834,0.34497351473570603,0.3992629356555991,0.7939417184079465,0.8016542551395883,0.8537834286689758
1.0,0.0,7,True,180140,5,"[[0, 13, 24, 32, 46, 5, 22, 6, 4, 43, 29, 0], [0, 19, 16, 7, 8, 23, 10, 18, 21, 45, 12, 0], [0, 36, 31, 40, 25, 20, 35, 41, 11, 42, 1, 0], [0, 15, 2, 48, 47, 9, 28, 30, 26, 33, 44, 0], [0, 14, 3, 34, 17, 39, 49, 27, 37, 38, 50, 0]]",4.3515275457757525,0.08978112993409505,1.7182710728375241,0.18717011832632124,0.38732735715236544,0.4123638501250951,0.7611868131437096,0.7614521277609311,0.8537834286689758
1.0,0.0,8,True,179158,5,"[[0, 50, 38, 37, 1, 11, 42, 41, 15, 3, 14, 0], [0, 33, 26, 30, 28, 16, 7, 8, 23, 10, 19, 0], [0, 36, 31, 40, 25, 20, 34, 17, 39, 49, 27, 0], [0, 44, 6, 22, 5, 46, 32, 24, 13, 12, 45, 0], [0, 48, 2, 9, 47, 43, 35, 4, 18, 21, 29, 0]]",5.340603592514526,0.10873825398739427,1.9613010501489043,0.20907496311701834,0.28719723361931493,0.30966759297343505,0.7967664911393815,0.805628472400213,0.8537834286689758
1.0,0.0,9,True,179158,5,"[[0, 36, 31, 40, 25, 20, 34, 17, 39, 49, 27, 0], [0, 33, 26, 30, 28, 16, 7, 8, 23, 10, 19, 0], [0, 29, 21, 18, 4, 35, 43, 47, 9, 2, 48, 0], [0, 44, 6, 22, 5, 46, 32, 24, 13, 45, 12, 0], [0, 14, 3, 15, 11, 42, 41, 1, 37, 38, 50, 0]]",5.342962596740108,0.10873825398739427,1.9636600543744862,0.20907496311701834,0.2874236443176643,0.31051128982820864,0.7960302789305425,0.8052727744262461,0.8537834286689758
1.5,0.0,0,True,190129,5,"[[0, 44, 50, 38, 14, 3, 15, 11, 42, 41, 1, 0], [0, 2, 48, 9, 47, 34, 17, 39, 49, 37, 27, 0], [0, 35, 43, 4, 6, 22, 5, 46, 32, 24, 13, 0], [0, 36, 31, 40, 25, 20, 21, 18, 10, 29, 19, 0], [0, 33, 26, 30, 28, 16, 7, 8, 23, 12, 45, 0]]",4.252501706534531,0.08499686809648808,2.032995667657815,0.22073237434960902,0.36751420126531387,0.3862762036859103,0.7570509191965957,0.7564497851859442,0.8537834286689758
1.5,0.0,1,True,191230,5,"[[0, 1, 2, 48, 9, 47, 20, 25, 40, 31, 36, 0], [0, 44, 19, 29, 21, 18, 10, 23, 13, 12, 45, 0], [0, 35, 43, 4, 6, 22, 5, 46, 32, 24, 37, 0], [0, 50, 38, 14, 3, 34, 17, 8, 39, 49, 27, 0], [0, 15, 11, 41, 42, 7, 16, 28, 30, 26, 33, 0]]",4.394716013746802,0.09816400186323068,1.2874094106955454,0.18063596667100987,0.22370939523159916,0.12538553998665392,0.7631369155637948,0.7601083285438833,0.8537834286689758
1.5,0.0,2,True,189982,5,"[[0, 44, 15, 3, 34, 17, 39, 8, 7, 16, 19, 0], [0, 36, 31, 40, 25, 20, 35, 43, 4, 11, 42, 0], [0, 1, 41, 2, 48, 9, 47, 28, 30, 26, 33, 0], [0, 29, 21, 18, 10, 23, 13, 12, 14, 38, 50, 0], [0, 45, 6, 22, 5, 46, 32, 24, 37, 49, 27, 0]]",3.7957047104719095,0.07389783111677782,1.5939032137393951,0.18812571971544198,0.31176005995041023,0.20674949404681628,0.7280306059592476,0.7174243378531273,0.8537834286689758
1.5,0.0,3,True,190129,5,"[[0, 44, 50, 38, 14, 3, 15, 41, 42, 11, 1, 0], [0, 36, 31, 40, 25, 20, 21, 18, 10, 29, 19, 0], [0, 2, 48, 9, 47, 34, 17, 39, 49, 37, 27, 0], [0, 35, 43, 4, 6, 22, 5, 46, 32, 24, 13, 0], [0, 33, 26, 30, 28, 16, 7, 8, 23, 45, 12, 0]]",4.252501706534531,0.08499686809648808,2.032995667657815,0.22073237434960902,0.36751420126531387,0.3862762036859103,0.7570509191965957,0.7564497851859442,0.8537834286689758
1.5,0.0,4,True,189982,5,"[[0, 42, 11, 4, 43, 35, 20, 25, 40, 31, 36, 0], [0, 29, 21, 18, 10, 23, 13, 45, 14, 38, 50, 0], [0, 1, 41, 2, 48, 47, 9, 28, 30, 26, 33, 0], [0, 15, 3, 34, 17, 39, 8, 7, 16, 19, 44, 0], [0, 12, 6, 22, 5, 46, 32, 24, 37, 49, 27, 0]]",3.791883460187819,0.07389783111677782,1.5939032137393951,0.18812571971544198,0.31302834722241424,0.20727145133597466,0.7289909185779033,0.7181473183939634,0.8537834286689758
1.5,0.0,5,True,190073,5,"[[0, 27, 49, 39, 17, 34, 20, 25, 40, 12, 45, 0], [0, 36, 31, 47, 9, 48, 2, 28, 30, 26, 33, 0], [0, 29, 21, 18, 10, 13, 23, 8, 7, 16, 19, 0], [0, 35, 43, 4, 6, 22, 5, 46, 32, 24, 37, 0], [0, 1, 41, 42, 11, 15, 3, 14, 38, 50, 44, 0]]",4.156267871672753,0.09173541425672524,1.5317488452419639,0.18812571971544198,0.2764360222463935,0.1785648476795681,0.7582327482350162,0.752166912574789,0.8537834286689758
1.5,0.0,6,True,189982,5,"[[0, 45, 6, 22, 5, 46, 32, 24, 37, 49, 27, 0], [0, 15, 3, 34, 17, 39, 8, 7, 16, 19, 44, 0], [0, 1, 41, 2, 48, 47, 9, 28, 30, 26, 33, 0], [0, 42, 11, 4, 43, 35, 20, 25, 40, 31, 36, 0], [0, 50, 38, 14, 12, 13, 23, 10, 18, 21, 29, 0]]",3.790167596831452,0.07389783111677782,1.5939032137393951,0.18812571971544198,0.3126187953258217,0.20720399418046115,0.7292265957283532,0.7184724340086753,0.8537834286689758
1.5,0.0,7,True,190073,5,"[[0, 44, 36, 31, 40, 25, 20, 35, 4, 43, 29, 0], [0, 19, 21, 18, 10, 23, 13, 45, 14, 38, 50, 0], [0, 1, 41, 2, 48, 9, 47, 28, 30, 26, 33, 0], [0, 27, 49, 37, 24, 32, 46, 5, 22, 6, 12, 0], [0, 11, 42, 7, 16, 8, 39, 17, 34, 3, 15, 0]]",4.399182415916584,0.08602153087178102,1.5939032137393951,0.18812571971544198,0.22379162211157877,0.14629369376222034,0.752322234572371,0.7537454683583553,0.8537834286689758
1.5,0.0,8,True,190073,5,"[[0, 44, 29, 43, 4, 35, 20, 25, 40, 31, 36, 0], [0, 27, 49, 37, 24, 32, 46, 5, 22, 6, 12, 0], [0, 1, 11, 2, 48, 9, 47, 28, 30, 26, 33, 0], [0, 19, 21, 18, 10, 23, 13, 45, 14, 38, 50, 0], [0, 15, 3, 34, 17, 39, 8, 16, 7, 42, 41, 0]]",4.093650633585639,0.08025975973884526,1.5923479064367712,0.18812571971544198,0.29847481185567903,0.20244858155282303,0.74079934980596,0.7381332428617229,0.8537834286689758
1.5,0.0,9,True,189580,5,"[[0, 1, 11, 42, 41, 15, 3, 14, 38, 50, 44, 0], [0, 36, 31, 40, 25, 20, 21, 18, 10, 23, 13, 0], [0, 27, 49, 37, 24, 32, 46, 5, 22, 6, 45, 0], [0, 33, 26, 30, 28, 47, 9, 4, 35, 43, 29, 0], [0, 12, 48, 2, 34, 17, 39, 8, 7, 16, 19, 0]]",4.004655369499233,0.07598025368478818,1.190920697990805,0.14802915354569754,0.22745542749872394,0.10795218697782798,0.7427781752964804,0.7393282467533966,0.8537834286689758
2.0,0.0,0,True,198648,5,"[[0, 29, 21, 18, 10, 23, 13, 45, 14, 38, 50, 0], [0, 12, 6, 22, 5, 46, 32, 24, 37, 49, 27, 0], [0, 1, 11, 4, 43, 35, 20, 25, 40, 31, 36, 0], [0, 42, 41, 2, 48, 9, 47, 28, 30, 26, 33, 0], [0, 44, 15, 3, 34, 17, 39, 8, 7, 16, 19, 0]]",3.791883460187819,0.07389783111677782,1.5544479433447123,0.18812571971544198,0.3005421184206265,0.19032007347745092,0.7289909185779033,0.7181473183939634,0.8537834286689758
2.0,0.0,1,True,198706,5,"[[0, 15, 41, 2, 48, 9, 47, 28, 30, 26, 33, 0], [0, 36, 31, 46, 32, 24, 37, 49, 27, 44, 50, 0], [0, 29, 43, 35, 4, 6, 22, 5, 42, 11, 1, 0], [0, 45, 40, 25, 20, 21, 18, 10, 23, 13, 12, 0], [0, 38, 14, 3, 34, 17, 39, 8, 7, 16, 19, 0]]",3.9952751586097293,0.07769494278258399,1.5693384199985303,0.18812571971544198,0.2601198133186775,0.16973672997207873,0.7433911721130548,0.7383625311673698,0.8537834286689758
2.0,0.0,2,True,198648,5,"[[0, 50, 38, 14, 45, 13, 23, 10, 18, 21, 29, 0], [0, 36, 31, 40, 25, 20, 35, 43, 4, 11, 1, 0], [0, 12, 6, 22, 5, 46, 32, 24, 37, 49, 27, 0], [0, 44, 15, 3, 34, 17, 39, 8, 7, 16, 19, 0], [0, 42, 41, 2, 48, 47, 9, 28, 30, 26, 33, 0]]",3.7939888471155427,0.07389783111677782,1.5544479433447123,0.18812571971544198,0.29997246530669264,0.18999376505128115,0.7282506721009379,0.7177487990421009,0.8537834286689758
2.0,0.0,3,True,198664,5,"[[0, 29, 21, 18, 10, 23, 13, 45, 14, 38, 50, 0], [0, 1, 42, 41, 11, 35, 43, 4, 40, 25, 20, 0], [0, 36, 31, 47, 9, 2, 48, 28, 30, 26, 33, 0], [0, 12, 6, 22, 5, 46, 32, 24, 37, 49, 27, 0], [0, 19, 16, 7, 8, 39, 17, 34, 3, 15, 44, 0]]",3.597696070675738,0.06856303297083925,1.5317488452419639,0.18812571971544198,0.3307830074114608,0.20393260194161864,0.7197611588797352,0.7075944734561688,0.8537834286689758
2.0,0.0,4,True,198439,5,"[[0, 44, 50, 38, 14, 3, 15, 11, 41, 45, 12, 0], [0, 33, 26, 30, 28, 48, 2, 9, 47, 31, 36, 0], [0, 27, 49, 37, 24, 32, 46, 5, 16, 7, 42, 0], [0, 13, 23, 8, 39, 17, 34, 22, 6, 4, 1, 0], [0, 29, 43, 35, 20, 40, 25, 21, 18, 10, 19, 0]]",3.652472375659272,0.07287425545251204,1.5323132844641805,0.18812571971544198,0.2998003612985587,0.18361558238184753,0.7310482556238567,0.7189342716665236,0.8537834286689758
2.0,0.0,5,True,198664,5,"[[0, 50, 38, 14, 45, 13, 23, 10, 18, 21, 29, 0], [0, 12, 6, 22, 5, 46, 32, 24, 37, 49, 27, 0], [0, 20, 25, 40, 4, 43, 35, 41, 11, 42, 1, 0], [0, 19, 16, 7, 8, 39, 17, 34, 3, 15, 44, 0], [0, 36, 31, 47, 9, 2, 48, 28, 30, 26, 33, 0]]",3.5959802073193714,0.06856303297083925,1.5317488452419639,0.18812571971544198,0.330940844331745,0.20394141845979868,0.7200379667458983,0.7079321103056985,0.8537834286689758
2.0,0.0,6,True,199359,5,"[[0, 1, 41, 2, 48, 9, 47, 28, 30, 26, 33, 0], [0, 6, 22, 34, 17, 39, 8, 23, 13, 45, 12, 0], [0, 42, 7, 16, 5, 46, 32, 24, 37, 49, 27, 0], [0, 19, 10, 18, 21, 20, 25, 40, 31, 36, 44, 0], [0, 29, 43, 4, 35, 11, 15, 3, 14, 38, 50, 0]]",3.993247942009475,0.07962254452443607,1.5939032137393951,0.18812571971544198,0.34472954680323475,0.24969211803388083,0.744386766452185,0.7371412552474444,0.8537834286689758
2.0,0.0,7,True,198664,5,"[[0, 36, 31, 9, 47, 48, 2, 28, 30, 26, 33, 0], [0, 44, 15, 3, 34, 17, 39, 8, 7, 16, 19, 0], [0, 29, 21, 18, 10, 23, 13, 45, 14, 38, 50, 0], [0, 12, 6, 22, 5, 46, 32, 24, 37, 49, 27, 0], [0, 20, 25, 40, 4, 43, 35, 41, 11, 42, 1, 0]]",3.597696070675738,0.06856303297083925,1.5317488452419639,0.18812571971544198,0.3307830074114608,0.20393260194161864,0.7197611588797352,0.7075944734561688,0.8537834286689758
2.0,0.0,8,True,198783,5,"[[0, 12, 6, 4, 43, 35, 20, 25, 40, 31, 36, 0], [0, 11, 41, 2, 48, 47, 9, 28, 30, 26, 33, 0], [0, 29, 21, 18, 10, 23, 13, 45, 14, 38, 50, 0], [0, 27, 49, 37, 24, 32, 46, 5, 22, 42, 1, 0], [0, 44, 15, 3, 34, 17, 39, 8, 7, 16, 19, 0]]",3.8053559627151117,0.07389783111677782,1.5648977477103472,0.18812571971544198,0.30018031925445365,0.19285668964830252,0.7257520864323479,0.7156047858012634,0.8537834286689758
2.0,0.0,9,True,199257,5,"[[0, 36, 31, 40, 25, 20, 35, 42, 11, 41, 15, 0], [0, 45, 12, 13, 23, 10, 18, 21, 4, 43, 29, 0], [0, 19, 16, 7, 8, 39, 17, 34, 2, 48, 1, 0], [0, 50, 38, 14, 3, 9, 47, 28, 30, 26, 33, 0], [0, 6, 22, 5, 46, 32, 24, 37, 49, 27, 44, 0]]",3.7894370217691176,0.075651530849023,1.1360580418258905,0.14801058856149515,0.21998723884845894,0.09198012358622773,0.7291112641131621,0.7208691601655971,0.8537834286689758
3.0,0.0,0,True,215657,5,"[[0, 45, 6, 22, 34, 17, 39, 8, 7, 16, 19, 0], [0, 29, 21, 18, 10, 23, 13, 12, 14, 38, 50, 0], [0, 27, 49, 37, 24, 32, 46, 5, 42, 41, 44, 0], [0, 15, 3, 20, 25, 40, 4, 43, 35, 11, 1, 0], [0, 36, 31, 47, 9, 2, 48, 28, 30, 26, 33, 0]]",3.597150853020139,0.07198961353195565,1.5317488452419639,0.18812571971544198,0.32659980658465315,0.20144290428426764,0.7180766676252079,0.7034819839742685,0.8537834286689758
3.0,0.0,1,True,214999,5,"[[0, 29, 21, 18, 10, 23, 13, 12, 14, 38, 50, 0], [0, 27, 49, 37, 24, 32, 46, 5, 22, 6, 45, 0], [0, 36, 31, 47, 9, 2, 48, 28, 30, 26, 33, 0], [0, 44, 19, 16, 7, 8, 39, 17, 34, 3, 15, 0], [0, 20, 25, 40, 4, 43, 35, 11, 42, 41, 1, 0]]",3.597696070675738,0.06856303297083925,1.5317488452419639,0.18812571971544198,0.3302022512394154,0.20383325744363354,0.7197611588797352,0.7075944734561688,0.8537834286689758
3.0,0.0,2,True,215329,5,"[[0, 27, 49, 37, 24, 32, 46, 5, 16, 7, 42, 0], [0, 29, 43, 35, 20, 40, 25, 21, 18, 10, 19, 0], [0, 50, 38, 14, 3, 15, 41, 11, 45, 12, 44, 0], [0, 36, 31, 47, 9, 2, 48, 28, 30, 26, 33, 0], [0, 13, 23, 8, 39, 17, 34, 22, 6, 4, 1, 0]]",3.6519079364370555,0.07287425545251204,1.5317488452419639,0.18812571971544198,0.29972305039698743,0.18343460216246996,0.7312240073270042,0.7190453902128252,0.8537834286689758
3.0,0.0,3,True,215523,5,"[[0, 50, 38, 14, 3, 34, 17, 39, 8, 23, 13, 0], [0, 11, 41, 2, 48, 47, 9, 28, 30, 26, 33, 0], [0, 44, 1, 49, 27, 37, 24, 32, 46, 31, 36, 0], [0, 35, 43, 4, 6, 22, 5, 16, 7, 42, 15, 0], [0, 45, 12, 20, 40, 25, 21, 18, 10, 29, 19, 0]]",3.5775618039187975,0.07379034802536755,1.5648977477103472,0.18812571971544198,0.33078463668724645,0.2093211736098523,0.7253815112215174,0.7108875739632913,0.8537834286689758
3.0,0.0,4,True,215657,5,"[[0, 33, 26, 30, 28, 48, 2, 9, 47, 31, 36, 0], [0, 44, 1, 42, 5, 46, 32, 24, 37, 49, 27, 0], [0, 19, 16, 7, 8, 39, 17, 34, 22, 6, 12, 0], [0, 15, 3, 20, 25, 40, 4, 43, 35, 11, 41, 0], [0, 29, 21, 18, 10, 23, 13, 45, 14, 38, 50, 0]]",3.5977152922423556,0.07198961353195565,1.5323132844641805,0.18812571971544198,0.33161648043337255,0.20517858189847366,0.7178987243896569,0.7033716159235409,0.8537834286689758
3.0,0.0,5,True,215329,5,"[[0, 44, 12, 45, 11, 41, 15, 3, 14, 38, 50, 0], [0, 33, 26, 30, 28, 48, 2, 47, 9, 31, 36, 0], [0, 27, 49, 37, 24, 32, 46, 5, 16, 7, 42, 0], [0, 1, 4, 6, 22, 34, 17, 39, 8, 23, 13, 0], [0, 29, 43, 35, 20, 40, 25, 21, 18, 10, 19, 0]]",3.652472375659272,0.07287425545251204,1.5323132844641805,0.18812571971544198,0.2998003612985587,0.18361558238184753,0.7310482556238567,0.7189342716665236,0.8537834286689758
3.0,0.0,6,True,215932,5,"[[0, 36, 31, 46, 32, 24, 6, 22, 5, 42, 1, 0], [0, 27, 49, 37, 4, 40, 25, 20, 35, 43, 29, 0], [0, 15, 3, 34, 17, 39, 8, 7, 16, 19, 44, 0], [0, 11, 41, 48, 2, 9, 47, 28, 30, 26, 33, 0], [0, 12, 13, 23, 10, 18, 21, 45, 14, 38, 50, 0]]",3.702457886422053,0.07287425545251204,1.5648977477103472,0.18812571971544198,0.3737034293072672,0.25784643390870854,0.7190183168967661,0.7067127996996712,0.8537834286689758
3.0,0.0,7,True,214999,5,"[[0, 15, 3, 34, 17, 39, 8, 7, 16, 19, 44, 0], [0, 29, 21, 18, 10, 23, 13, 45, 14, 38, 50, 0], [0, 27, 49, 37, 24, 32, 46, 5, 22, 6, 12, 0], [0, 20, 25, 40, 4, 43, 35, 11, 42, 41, 1, 0], [0, 33, 26, 30, 28, 48, 2, 47, 9, 31, 36, 0]]",3.5982605098979548,0.06856303297083925,1.5323132844641805,0.18812571971544198,0.33085661088558926,0.20411603010526386,0.7195820121074468,0.7074834770252145,0.8537834286689758
3.0,0.0,8,True,215700,5,"[[0, 44, 1, 41, 11, 35, 43, 4, 40, 25, 20, 0], [0, 36, 31, 47, 9, 2, 48, 28, 30, 26, 33, 0], [0, 12, 6, 22, 5, 46, 32, 24, 37, 49, 27, 0], [0, 29, 21, 18, 10, 23, 13, 45, 14, 38, 50, 0], [0, 42, 15, 3, 34, 17, 39, 8, 7, 16, 19, 0]]",3.6000379446777515,0.06856303297083925,1.5317488452419639,0.18812571971544198,0.33240200269135345,0.20448621592550617,0.7201249501805917,0.70713417355744,0.8537834286689758
3.0,0.0,9,True,214999,5,"[[0, 36, 31, 9, 47, 2, 48, 28, 30, 26, 33, 0], [0, 45, 6, 22, 5, 46, 32, 24, 37, 49, 27, 0], [0, 19, 16, 7, 8, 39, 17, 34, 3, 15, 44, 0], [0, 20, 25, 40, 4, 43, 35, 11, 42, 41, 1, 0], [0, 50, 38, 14, 12, 13, 23, 10, 18, 21, 29, 0]]",3.5959802073193714,0.06856303297083925,1.5317488452419639,0.18812571971544198,0.33035981104520573,0.2038384888640305,0.7200379667458983,0.7079321103056985,0.8537834286689758
