beta,seed,is_feasible,pyvrp_cost,num_routes,routes,global_risk,global_cvar90,max_vehicle_risk,max_vehicle_cvar90,vehicle_risk_gini,risk_variance,edge_burden_gini_used,top10_burden_share,max_edge_burden
0.0,0,True,133997,5,"[[0, 14, 42, 41, 1, 45, 11, 15, 3, 16, 48, 0], [0, 18, 32, 4, 29, 19, 6, 24, 40, 20, 44, 0], [0, 27, 35, 5, 36, 28, 26, 23, 30, 12, 49, 0], [0, 46, 22, 7, 8, 43, 33, 34, 2, 25, 39, 0], [0, 17, 13, 10, 37, 50, 38, 31, 9, 47, 21, 0]]",7.55732137884479,0.21914575456952054,2.310253150528297,0.3505362272262573,0.16861015143292746,0.22875845149504154,0.8344800457615944,0.8665350212324281,1.0248059034347534
0.0,1,True,133997,5,"[[0, 17, 13, 10, 37, 50, 38, 31, 9, 47, 21, 0], [0, 18, 32, 4, 29, 6, 19, 24, 40, 20, 44, 0], [0, 14, 42, 41, 1, 11, 45, 15, 3, 16, 48, 0], [0, 46, 22, 7, 8, 43, 33, 34, 2, 25, 39, 0], [0, 27, 35, 5, 36, 28, 26, 23, 30, 12, 49, 0]]",7.55732137884479,0.21914575456952054,2.310253150528297,0.3505362272262573,0.16861015143292746,0.22875845149504154,0.8344800457615944,0.8665350212324281,1.0248059034347534
0.0,2,True,133998,5,"[[0, 16, 3, 15, 45, 11, 1, 41, 42, 14, 48, 0], [0, 25, 2, 34, 33, 43, 8, 7, 22, 46, 39, 0], [0, 38, 31, 9, 47, 21, 27, 23, 30, 49, 12, 0], [0, 26, 28, 36, 5, 35, 10, 37, 50, 13, 17, 0], [0, 44, 20, 40, 24, 6, 19, 29, 4, 32, 18, 0]]",9.360796974273399,0.32003716178811514,2.7290097455261275,0.4458848834037781,0.2280508905567198,0.6438230209181982,0.8428562331635452,0.8694776386798919,1.0248059034347534
0.0,3,True,133997,5,"[[0, 39, 25, 2, 36, 28, 26, 23, 30, 49, 18, 0], [0, 44, 20, 40, 24, 19, 6, 4, 32, 29, 12, 0], [0, 17, 13, 10, 37, 50, 38, 31, 9, 47, 21, 0], [0, 46, 22, 7, 8, 43, 5, 34, 33, 35, 27, 0], [0, 14, 42, 41, 1, 11, 45, 15, 3, 16, 48, 0]]",8.895856518298388,0.303436784288631,3.0572535134851933,0.5584969907999039,0.20946479138855922,0.49772494773498266,0.8580650844417246,0.8887789289353746,1.7120789289474487
0.0,4,True,133997,5,"[[0, 48, 14, 42, 41, 1, 45, 11, 15, 3, 16, 0], [0, 44, 20, 40, 24, 19, 6, 4, 32, 29, 12, 0], [0, 25, 2, 34, 33, 43, 8, 7, 22, 46, 39, 0], [0, 27, 35, 5, 36, 28, 26, 23, 30, 18, 49, 0], [0, 17, 13, 10, 37, 50, 38, 31, 9, 47, 21, 0]]",8.556806503911503,0.24505280474981955,3.261492324527353,0.5984415292739869,0.2876529740247993,0.8295127880345563,0.8582283790302094,0.8857870449648642,1.7120789289474487
0.25,0,True,143562,5,"[[0, 25, 2, 5, 33, 34, 36, 28, 26, 23, 30, 0], [0, 15, 39, 11, 45, 1, 41, 42, 14, 3, 16, 0], [0, 27, 35, 10, 37, 50, 38, 31, 9, 47, 21, 0], [0, 20, 44, 40, 24, 6, 19, 29, 4, 32, 18, 0], [0, 12, 49, 13, 17, 43, 8, 7, 22, 46, 48, 0]]",6.182593818593887,0.1790387466357186,1.8778405161574483,0.2906677220016718,0.21556455936809593,0.23953777229224862,0.8258723981613694,0.8439491955432765,1.0248059034347534
0.25,1,True,143747,5,"[[0, 27, 35, 10, 37, 50, 38, 31, 9, 47, 21, 0], [0, 30, 23, 26, 28, 2, 36, 5, 33, 34, 18, 0], [0, 49, 40, 24, 19, 6, 32, 4, 29, 44, 20, 0], [0, 1, 45, 46, 22, 7, 8, 43, 17, 13, 12, 0], [0, 15, 39, 11, 25, 41, 42, 14, 3, 16, 48, 0]]",5.317242001372506,0.13981165956225125,1.4487500078976154,0.29136584140360355,0.18067204389764435,0.1297057750314116,0.8132717172058879,0.824198495065001,1.0248059034347534
0.25,2,True,143562,5,"[[0, 27, 35, 10, 37, 50, 38, 31, 9, 47, 21, 0], [0, 16, 3, 14, 42, 41, 1, 11, 39, 15, 48, 0], [0, 45, 46, 22, 7, 8, 43, 17, 13, 12, 49, 0], [0, 30, 23, 26, 28, 36, 34, 33, 5, 2, 25, 0], [0, 18, 32, 4, 29, 6, 19, 24, 40, 44, 20, 0]]",6.9276164642797085,0.20511276817655769,2.3228582590818405,0.2906677220016718,0.2622013820363247,0.4205413331308533,0.8391534047523921,0.8623372461596854,1.0248059034347534
0.25,3,True,143562,5,"[[0, 30, 23, 26, 28, 36, 34, 33, 5, 2, 25, 0], [0, 27, 35, 10, 37, 50, 38, 31, 9, 47, 21, 0], [0, 48, 46, 22, 7, 8, 43, 17, 13, 12, 49, 0], [0, 15, 11, 39, 45, 1, 41, 42, 14, 3, 16, 0], [0, 18, 32, 4, 29, 6, 19, 24, 40, 44, 20, 0]]",6.08033058916044,0.18187235565190868,1.7755772867240012,0.2906677220016718,0.20573511758397234,0.2149775617831954,0.8262823400320221,0.844561689135842,1.0248059034347534
0.25,4,True,143562,5,"[[0, 30, 23, 26, 28, 36, 34, 33, 5, 2, 25, 0], [0, 45, 46, 22, 7, 8, 43, 17, 13, 12, 49, 0], [0, 16, 3, 14, 42, 41, 1, 11, 39, 15, 48, 0], [0, 18, 32, 4, 29, 19, 6, 24, 40, 44, 20, 0], [0, 27, 35, 10, 37, 50, 38, 31, 9, 47, 21, 0]]",6.9276164642797085,0.20511276817655769,2.3228582590818405,0.2906677220016718,0.2622013820363247,0.4205413331308533,0.8391534047523921,0.8623372461596854,1.0248059034347534
0.5,0,True,150015,5,"[[0, 30, 23, 26, 28, 2, 25, 45, 39, 11, 15, 0], [0, 42, 14, 3, 16, 20, 44, 17, 13, 12, 48, 0], [0, 46, 22, 43, 8, 7, 36, 34, 33, 5, 40, 0], [0, 27, 35, 10, 37, 50, 38, 31, 9, 47, 21, 0], [0, 1, 41, 24, 19, 6, 29, 4, 32, 18, 49, 0]]",4.7420908526546555,0.13371060040247226,2.231430104468018,0.28232267778366804,0.3599323238678058,0.47145536517733755,0.789202119844499,0.801503618716725,0.8560394644737244
0.5,1,True,150015,5,"[[0, 1, 41, 24, 19, 6, 29, 4, 32, 18, 12, 0], [0, 40, 5, 33, 34, 36, 7, 8, 43, 22, 46, 0], [0, 15, 11, 45, 39, 25, 2, 28, 26, 23, 30, 0], [0, 21, 47, 9, 31, 38, 50, 37, 10, 35, 27, 0], [0, 48, 49, 13, 17, 44, 20, 16, 3, 14, 42, 0]]",4.740508724367828,0.13371060040247226,2.2339376495219767,0.28232267778366804,0.36047561896625435,0.4734001423191307,0.7897860062286133,0.8017711177597386,0.8560394644737244
0.5,2,True,150015,5,"[[0, 48, 49, 13, 17, 44, 20, 16, 3, 14, 42, 0], [0, 1, 41, 24, 6, 19, 29, 4, 32, 18, 12, 0], [0, 40, 34, 33, 5, 36, 43, 8, 7, 22, 46, 0], [0, 27, 35, 10, 37, 50, 38, 31, 9, 47, 21, 0], [0, 15, 11, 45, 39, 25, 2, 28, 26, 23, 30, 0]]",4.571016340181814,0.13222723975087758,2.2339376495219767,0.28232267778366804,0.4035058259946782,0.5135944008986272,0.7860891157902372,0.7965758979069071,0.8560394644737244
0.5,3,True,150021,5,"[[0, 42, 41, 24, 19, 6, 29, 4, 32, 18, 12, 0], [0, 27, 35, 10, 37, 50, 38, 31, 9, 47, 21, 0], [0, 15, 39, 11, 45, 25, 2, 28, 26, 23, 30, 0], [0, 40, 36, 34, 33, 5, 43, 8, 7, 22, 46, 0], [0, 48, 20, 44, 17, 13, 49, 14, 3, 16, 1, 0]]",4.574655222662841,0.13222723975087758,2.367143899668008,0.35375312467416126,0.428999330209884,0.6099580945765638,0.7841042515448946,0.7927298873718984,0.8560394644737244
0.5,4,True,150021,5,"[[0, 15, 39, 11, 45, 25, 2, 28, 26, 23, 30, 0], [0, 27, 35, 10, 37, 50, 38, 31, 9, 47, 21, 0], [0, 12, 18, 32, 4, 29, 6, 19, 24, 41, 42, 0], [0, 1, 16, 3, 14, 49, 13, 17, 44, 20, 48, 0], [0, 46, 22, 7, 8, 43, 5, 33, 34, 36, 40, 0]]",4.9121231087628985,0.13979347472611284,2.3655617713811807,0.35375312467416126,0.37057076429703306,0.5377778456527877,0.7927434574682619,0.8054415262087835,0.8560394644737244
1.0,0,True,159788,5,"[[0, 14, 3, 16, 20, 44, 17, 13, 37, 10, 27, 0], [0, 48, 40, 36, 5, 43, 8, 7, 22, 46, 11, 0], [0, 15, 39, 32, 4, 29, 19, 6, 24, 41, 42, 0], [0, 1, 45, 25, 2, 28, 26, 23, 30, 49, 12, 0], [0, 21, 47, 9, 31, 38, 50, 33, 34, 18, 35, 0]]",3.226508179344819,0.06547750958374568,1.241601150657516,0.12985657528042793,0.27298600864505507,0.11107505157824475,0.7187397069406714,0.7102790308891282,0.5124029517173767
1.0,1,True,159405,5,"[[0, 1, 41, 24, 19, 6, 17, 13, 49, 14, 42, 0], [0, 27, 21, 47, 29, 4, 32, 39, 16, 3, 15, 0], [0, 20, 44, 38, 50, 33, 34, 18, 35, 10, 37, 0], [0, 48, 45, 11, 25, 2, 28, 26, 23, 30, 12, 0], [0, 40, 9, 31, 36, 5, 43, 8, 7, 22, 46, 0]]",3.0378171863849275,0.05523464603251532,1.0003113708808087,0.11178204576883997,0.2838233191650754,0.10167015970771529,0.6969982204428131,0.6859537721201956,0.5124029517173767
1.0,2,True,159915,5,"[[0, 1, 45, 11, 25, 2, 28, 26, 23, 30, 12, 0], [0, 40, 5, 50, 38, 31, 9, 47, 21, 27, 48, 0], [0, 14, 42, 41, 24, 6, 19, 29, 4, 32, 39, 0], [0, 15, 3, 16, 20, 44, 17, 13, 10, 37, 49, 0], [0, 35, 18, 34, 33, 36, 43, 8, 7, 22, 46, 0]]",3.248094825845328,0.0624009088386555,1.2684711241163313,0.12992889201268554,0.34816057803466216,0.167633524124261,0.7147749435535156,0.7083707191933432,0.5124029517173767
1.0,3,True,159887,5,"[[0, 48, 42, 41, 24, 6, 19, 29, 4, 32, 39, 0], [0, 1, 16, 3, 14, 10, 37, 13, 17, 44, 20, 0], [0, 15, 45, 11, 25, 2, 28, 26, 23, 30, 12, 0], [0, 49, 40, 5, 36, 50, 38, 31, 9, 47, 21, 0], [0, 27, 35, 18, 34, 33, 43, 8, 7, 22, 46, 0]]",3.2436023021145957,0.0624009088386555,1.241634371690452,0.13000061316415668,0.2236987391520855,0.09250255959103103,0.7144413466292583,0.7055232203021764,0.5124029517173767
1.0,4,True,160529,5,"[[0, 37, 10, 35, 18, 34, 33, 36, 31, 9, 40, 0], [0, 1, 16, 3, 14, 12, 19, 6, 24, 41, 42, 0], [0, 48, 27, 21, 47, 29, 4, 32, 39, 25, 11, 0], [0, 20, 44, 38, 50, 5, 2, 28, 26, 23, 30, 0], [0, 49, 13, 17, 43, 8, 7, 22, 46, 45, 15, 0]]",3.2798004459036747,0.08043719375772136,0.9880911081563681,0.1117917847420488,0.2582393587295815,0.09458469478517727,0.7214748103928719,0.7118172076930882,0.5124029517173767
2.0,0,True,173734,5,"[[0, 46, 22, 7, 8, 43, 5, 36, 31, 9, 40, 0], [0, 12, 49, 6, 19, 24, 41, 4, 29, 44, 20, 0], [0, 37, 10, 35, 18, 34, 33, 50, 38, 17, 13, 0], [0, 27, 21, 47, 32, 39, 15, 16, 3, 14, 42, 0], [0, 1, 45, 11, 25, 2, 28, 26, 23, 30, 48, 0]]",2.5122611276456155,0.04017346121958996,0.8408874594024383,0.07912356546148658,0.21856907172338347,0.0410130143310726,0.6397948299429999,0.616522962281504,0.42688173055648804
2.0,1,True,173659,5,"[[0, 46, 22, 7, 8, 43, 5, 36, 31, 9, 40, 0], [0, 1, 11, 45, 25, 2, 28, 26, 23, 30, 48, 0], [0, 49, 12, 19, 6, 24, 41, 4, 29, 44, 20, 0], [0, 37, 10, 35, 18, 34, 33, 50, 38, 17, 13, 0], [0, 27, 21, 47, 32, 39, 15, 16, 3, 14, 42, 0]]",2.4990119205904193,0.04192974263181289,0.8408874594024383,0.07912356546148658,0.22184858777597882,0.04146829010556999,0.6407262063444965,0.616903605707084,0.42688173055648804
2.0,2,True,173770,5,"[[0, 48, 30, 23, 26, 28, 2, 25, 11, 45, 1, 0], [0, 20, 44, 29, 4, 41, 24, 6, 19, 17, 13, 0], [0, 40, 9, 31, 38, 50, 43, 8, 7, 22, 46, 0], [0, 37, 10, 35, 18, 34, 33, 5, 36, 49, 12, 0], [0, 42, 14, 3, 16, 15, 39, 32, 47, 21, 27, 0]]",2.1780361502896994,0.03195972181856632,0.8424695876892656,0.07912356546148658,0.28187452061889506,0.05313513988145844,0.5917538214957319,0.5610125639190916,0.42688173055648804
2.0,3,True,173659,5,"[[0, 48, 1, 11, 45, 25, 2, 28, 26, 23, 30, 0], [0, 27, 21, 47, 32, 39, 15, 16, 3, 14, 42, 0], [0, 40, 9, 31, 36, 33, 34, 18, 35, 10, 37, 0], [0, 46, 22, 7, 8, 43, 5, 50, 38, 17, 13, 0], [0, 49, 12, 19, 6, 24, 41, 4, 29, 44, 20, 0]]",2.5010492986184545,0.04192974263181289,0.8408874594024383,0.07912356546148658,0.21952829300690802,0.040836143228301106,0.6372217086839349,0.613462310974183,0.42688173055648804
2.0,4,True,174237,5,"[[0, 42, 14, 3, 16, 15, 11, 25, 45, 1, 48, 0], [0, 39, 32, 18, 35, 10, 37, 13, 17, 44, 20, 0], [0, 34, 33, 5, 36, 2, 28, 26, 23, 30, 49, 0], [0, 12, 19, 6, 24, 41, 4, 29, 47, 21, 27, 0], [0, 40, 9, 31, 38, 50, 43, 8, 7, 22, 46, 0]]",2.451514874075656,0.044670313596725464,0.713082870002836,0.0653133500367403,0.17918089262926262,0.026923552414938462,0.6345336176648151,0.6103962536031893,0.42688173055648804
