beta,lambda_concentration,seed,is_feasible,pyvrp_cost,num_routes,routes,global_risk,global_cvar90,max_vehicle_risk,max_vehicle_cvar90,vehicle_risk_gini,risk_variance,edge_burden_gini_used,top10_burden_share,max_edge_burden
0.0,0.0,0,True,133998,5,"[[0, 11, 45, 25, 2, 34, 33, 5, 43, 17, 13, 0], [0, 30, 23, 26, 28, 36, 8, 7, 22, 46, 39, 0], [0, 21, 47, 9, 31, 38, 50, 37, 10, 35, 27, 0], [0, 15, 3, 14, 49, 12, 42, 41, 1, 16, 48, 0], [0, 18, 32, 4, 29, 6, 19, 24, 40, 20, 44, 0]]",5.9463349935394945,0.15469438955187798,1.6211023076612037,0.21092772353440523,0.17377479642552518,0.13882454106812486,0.858657161281724,0.8710155355790281,0.9724721908569336
0.0,0.0,1,True,133998,5,"[[0, 27, 35, 10, 37, 50, 38, 31, 9, 47, 21, 0], [0, 39, 25, 2, 36, 28, 26, 23, 30, 13, 17, 0], [0, 16, 3, 14, 42, 41, 1, 45, 11, 15, 48, 0], [0, 46, 22, 7, 8, 43, 5, 34, 33, 20, 44, 0], [0, 12, 29, 32, 4, 6, 19, 24, 40, 18, 49, 0]]",8.056321744326851,0.21076508784400566,2.1064841034967685,0.3741790369153023,0.1686887493721727,0.27565336170191,0.8838509015310505,0.9081019257084376,1.398486852645874
0.0,0.0,2,True,133998,5,"[[0, 16, 3, 15, 45, 11, 1, 41, 42, 14, 48, 0], [0, 25, 2, 34, 33, 43, 8, 7, 22, 46, 39, 0], [0, 38, 31, 9, 47, 21, 27, 23, 30, 49, 12, 0], [0, 26, 28, 36, 5, 35, 10, 37, 50, 13, 17, 0], [0, 44, 20, 40, 24, 6, 19, 29, 4, 32, 18, 0]]",7.847113541691215,0.2717365202708886,2.4527670655807015,0.42360315918922425,0.2512801387666739,0.5071492473776087,0.870238919705864,0.8854007821068289,0.9724721908569336
0.0,0.0,3,True,133999,5,"[[0, 16, 39, 11, 45, 15, 3, 14, 42, 41, 1, 0], [0, 49, 30, 23, 26, 28, 36, 33, 34, 20, 44, 0], [0, 25, 2, 5, 43, 22, 35, 10, 37, 13, 17, 0], [0, 46, 7, 8, 50, 38, 31, 9, 47, 21, 27, 0], [0, 40, 24, 6, 19, 29, 4, 32, 18, 12, 48, 0]]",7.44129846872238,0.25647475326863617,2.0968130369583378,0.33730981568805873,0.11117716282701973,0.1054339343427172,0.8712376028449165,0.8871310650865203,0.9724721908569336
0.0,0.0,4,True,134664,5,"[[0, 16, 42, 41, 1, 25, 11, 45, 15, 3, 14, 0], [0, 21, 47, 9, 31, 38, 50, 37, 10, 35, 27, 0], [0, 44, 20, 2, 33, 34, 5, 43, 22, 46, 39, 0], [0, 12, 29, 32, 4, 6, 19, 24, 40, 18, 48, 0], [0, 17, 13, 8, 7, 36, 28, 26, 23, 30, 49, 0]]",8.300436881560017,0.28981418553023386,2.1116908874973888,0.386203976534307,0.16157490710113254,0.2872893137918451,0.8812502742490587,0.9026075420029855,1.398486852645874
0.0,0.0,5,True,133999,5,"[[0, 16, 3, 14, 42, 41, 1, 45, 39, 11, 15, 0], [0, 18, 32, 4, 29, 6, 19, 24, 40, 20, 44, 0], [0, 25, 2, 34, 33, 35, 10, 37, 50, 13, 17, 0], [0, 46, 22, 7, 8, 43, 5, 36, 28, 26, 12, 0], [0, 48, 38, 31, 9, 47, 21, 27, 23, 30, 49, 0]]",8.260976521283737,0.2775072260863251,2.087556870552362,0.41418077307753265,0.08761483693484062,0.06876837663167132,0.8697377372540567,0.8837248474300011,0.9724721908569336
0.0,0.0,6,True,133998,5,"[[0, 48, 14, 42, 41, 1, 45, 11, 15, 3, 16, 0], [0, 39, 46, 22, 7, 8, 43, 17, 13, 12, 18, 0], [0, 27, 35, 10, 37, 50, 38, 31, 9, 47, 21, 0], [0, 49, 40, 24, 19, 6, 4, 32, 29, 44, 20, 0], [0, 25, 2, 34, 33, 5, 36, 28, 26, 23, 30, 0]]",5.8512366049253615,0.16080908325966448,1.7511317934840918,0.32635074220597743,0.17902515243350514,0.14456190908647976,0.8741318064739081,0.8801967161434878,1.398486852645874
0.0,0.0,7,True,133998,5,"[[0, 13, 17, 43, 33, 34, 5, 2, 25, 45, 11, 0], [0, 16, 1, 41, 42, 12, 49, 14, 3, 15, 48, 0], [0, 44, 20, 40, 24, 19, 6, 29, 4, 32, 18, 0], [0, 30, 23, 26, 28, 36, 8, 7, 22, 46, 39, 0], [0, 21, 47, 9, 31, 38, 50, 37, 10, 35, 27, 0]]",7.228042165705119,0.18702252509870698,2.4797358640644234,0.32438396462904556,0.19721338481918216,0.3118198610147137,0.8682624977995332,0.8864344692965979,0.9724721908569336
0.0,0.0,8,True,133998,5,"[[0, 48, 14, 42, 41, 1, 45, 11, 15, 3, 16, 0], [0, 49, 18, 12, 29, 32, 4, 6, 19, 24, 40, 0], [0, 44, 20, 34, 33, 5, 36, 28, 26, 23, 30, 0], [0, 17, 13, 37, 10, 35, 22, 43, 8, 7, 46, 0], [0, 27, 21, 47, 9, 31, 38, 50, 2, 25, 39, 0]]",6.861603679441032,0.23419812250022704,2.0857212405535392,0.3741790369153023,0.14907392398677866,0.15342669688973973,0.8783316441234557,0.8896392361021421,1.398486852645874
0.0,0.0,9,True,133997,5,"[[0, 48, 15, 45, 11, 1, 41, 42, 14, 3, 16, 0], [0, 27, 35, 5, 36, 28, 26, 23, 30, 12, 49, 0], [0, 21, 47, 9, 31, 38, 50, 37, 10, 13, 17, 0], [0, 25, 2, 34, 33, 43, 8, 7, 22, 46, 39, 0], [0, 44, 20, 40, 24, 6, 19, 29, 4, 32, 18, 0]]",5.855812790905475,0.16142011329066008,1.576738576288335,0.2835372379049659,0.17042810000925668,0.16585403974565766,0.8648468132118736,0.8761655304125698,0.9724721908569336
0.25,0.0,0,True,142251,5,"[[0, 27, 35, 10, 37, 50, 38, 31, 9, 47, 21, 0], [0, 39, 46, 22, 7, 8, 43, 17, 13, 12, 49, 0], [0, 18, 32, 4, 29, 6, 19, 24, 40, 20, 44, 0], [0, 30, 23, 26, 28, 36, 34, 33, 5, 2, 25, 0], [0, 48, 15, 45, 11, 1, 41, 42, 14, 3, 16, 0]]",5.427552058172296,0.15298188618955114,1.576935081742704,0.2870304584503174,0.20268225791003225,0.16832061194300918,0.8644633678173232,0.8712276586355027,0.9724721908569336
0.25,0.0,1,True,142516,5,"[[0, 30, 23, 26, 28, 2, 36, 5, 33, 34, 18, 0], [0, 48, 20, 44, 29, 4, 32, 19, 6, 24, 40, 0], [0, 21, 47, 9, 31, 38, 50, 37, 10, 35, 27, 0], [0, 16, 3, 14, 42, 41, 25, 11, 45, 39, 1, 0], [0, 12, 49, 13, 17, 43, 8, 7, 22, 46, 15, 0]]",5.057172531043761,0.15457499655894935,2.0843380732258083,0.24501338601112366,0.3155813980088946,0.3592003075358329,0.863191262363928,0.8672376247717067,0.9724721908569336
0.25,0.0,2,True,142251,5,"[[0, 44, 20, 40, 24, 6, 19, 29, 4, 32, 18, 0], [0, 39, 46, 22, 7, 8, 43, 17, 13, 12, 49, 0], [0, 25, 2, 5, 33, 34, 36, 28, 26, 23, 30, 0], [0, 48, 15, 45, 11, 1, 41, 42, 14, 3, 16, 0], [0, 27, 35, 10, 37, 50, 38, 31, 9, 47, 21, 0]]",5.427355552717927,0.15298188618955114,1.576738576288335,0.2870304584503174,0.2026606311355983,0.16828199107007707,0.864863957590678,0.8740106075465555,0.9724721908569336
0.25,0.0,3,True,142534,5,"[[0, 16, 1, 41, 42, 14, 3, 15, 25, 45, 39, 0], [0, 11, 46, 22, 7, 8, 43, 17, 13, 49, 12, 0], [0, 40, 24, 6, 19, 32, 4, 29, 44, 20, 48, 0], [0, 27, 35, 10, 37, 50, 38, 31, 9, 47, 21, 0], [0, 18, 34, 33, 5, 36, 2, 28, 26, 23, 30, 0]]",5.070034326534369,0.14961600155922875,2.1125201729300898,0.2763117195240089,0.32168687229502835,0.3753945735414601,0.8605276196661296,0.8659298525647221,0.9724721908569336
0.25,0.0,4,True,142415,5,"[[0, 27, 21, 47, 9, 31, 36, 28, 26, 23, 30, 0], [0, 1, 41, 42, 14, 3, 15, 11, 45, 39, 16, 0], [0, 48, 20, 44, 29, 4, 32, 19, 6, 24, 40, 0], [0, 49, 12, 18, 35, 10, 37, 50, 38, 17, 13, 0], [0, 46, 22, 7, 8, 43, 5, 33, 34, 2, 25, 0]]",5.282089909087517,0.14735242159616563,1.6348379814298823,0.2921239217743278,0.19984676578635896,0.14126340893393818,0.8633534104408154,0.8669420937743223,0.9724721908569336
0.25,0.0,5,True,142516,5,"[[0, 16, 3, 14, 42, 41, 25, 11, 45, 15, 48, 0], [0, 18, 34, 33, 5, 36, 2, 28, 26, 23, 30, 0], [0, 20, 44, 29, 4, 32, 19, 6, 24, 40, 49, 0], [0, 21, 47, 9, 31, 38, 50, 37, 10, 35, 27, 0], [0, 1, 39, 46, 22, 7, 8, 43, 17, 13, 12, 0]]",5.057172531043761,0.15457499655894935,2.0737512395862723,0.24501338601112366,0.31161759666837563,0.351629925856724,0.863191262363928,0.8672376247717067,0.9724721908569336
0.25,0.0,6,True,142402,5,"[[0, 46, 22, 7, 8, 43, 5, 33, 34, 2, 25, 0], [0, 16, 3, 14, 42, 41, 1, 39, 45, 11, 15, 0], [0, 13, 17, 38, 50, 37, 10, 35, 18, 12, 49, 0], [0, 27, 21, 47, 9, 31, 36, 28, 26, 23, 30, 0], [0, 40, 24, 6, 19, 32, 4, 29, 44, 20, 48, 0]]",6.130626663580188,0.18052648281057676,2.087556870552362,0.2921239217743278,0.2570737404348067,0.3183868573779264,0.8762244240107062,0.8884210538743731,0.9724721908569336
0.25,0.0,7,True,142537,5,"[[0, 27, 35, 10, 37, 50, 38, 31, 9, 47, 21, 0], [0, 18, 34, 33, 5, 36, 2, 28, 26, 23, 30, 0], [0, 42, 41, 1, 39, 45, 11, 25, 15, 3, 16, 0], [0, 49, 12, 13, 17, 43, 8, 7, 22, 46, 48, 0], [0, 14, 40, 24, 6, 19, 32, 4, 29, 44, 20, 0]]",4.212601327497396,0.12000794789015219,1.2297677832393674,0.24501338601112366,0.21520255217344308,0.10779875497070276,0.8399007962461091,0.8343071474472408,0.9724721908569336
0.25,0.0,8,True,142516,5,"[[0, 27, 35, 10, 37, 50, 38, 31, 9, 47, 21, 0], [0, 18, 34, 33, 5, 36, 2, 28, 26, 23, 30, 0], [0, 49, 13, 17, 43, 8, 7, 22, 46, 39, 1, 0], [0, 20, 44, 29, 4, 32, 19, 6, 24, 40, 12, 0], [0, 16, 3, 14, 42, 41, 25, 11, 45, 15, 48, 0]]",5.057172531043761,0.15457499655894935,2.0737512395862723,0.24501338601112366,0.3117314369644366,0.3517004672090486,0.863191262363928,0.8672376247717067,0.9724721908569336
0.25,0.0,9,True,142264,5,"[[0, 48, 45, 11, 15, 3, 14, 42, 41, 1, 16, 0], [0, 44, 20, 40, 24, 19, 6, 29, 4, 32, 18, 0], [0, 12, 49, 13, 17, 43, 8, 7, 22, 46, 39, 0], [0, 25, 2, 5, 33, 34, 36, 28, 26, 23, 30, 0], [0, 21, 47, 9, 31, 38, 50, 37, 10, 35, 27, 0]]",5.436722414728138,0.148537581670098,1.576738576288335,0.2870304584503174,0.20231146963314472,0.16890442347688775,0.8630717387896978,0.8713543326410814,0.9724721908569336
0.5,0.0,0,True,147837,5,"[[0, 21, 47, 9, 31, 38, 50, 37, 10, 35, 27, 0], [0, 42, 14, 3, 16, 20, 44, 17, 13, 49, 12, 0], [0, 40, 33, 34, 5, 36, 43, 8, 7, 22, 46, 0], [0, 1, 41, 24, 6, 19, 29, 4, 32, 18, 48, 0], [0, 30, 23, 26, 28, 2, 25, 39, 11, 45, 15, 0]]",3.5176490480807843,0.10072769410908222,1.6456087115802802,0.181453971657902,0.4010871361501309,0.2902245949654015,0.8243514598365558,0.8144940892481431,0.699243426322937
0.5,0.0,1,True,147982,5,"[[0, 30, 23, 26, 28, 2, 9, 31, 38, 50, 48, 0], [0, 1, 39, 11, 45, 25, 15, 16, 3, 14, 42, 0], [0, 27, 21, 47, 29, 4, 32, 6, 19, 24, 41, 0], [0, 40, 36, 5, 33, 34, 43, 8, 7, 22, 46, 0], [0, 49, 12, 18, 35, 10, 37, 13, 17, 44, 20, 0]]",3.0974476997362217,0.0860148479363748,1.1060650571307633,0.13106681167015008,0.3307611780795323,0.13566661934672936,0.8117924439462452,0.7897273634207567,0.699243426322937
0.5,0.0,2,True,147982,5,"[[0, 42, 14, 3, 16, 15, 25, 39, 11, 45, 1, 0], [0, 20, 44, 17, 13, 37, 10, 35, 18, 49, 12, 0], [0, 41, 24, 19, 6, 32, 4, 29, 47, 21, 27, 0], [0, 30, 23, 26, 28, 2, 9, 31, 38, 50, 48, 0], [0, 40, 33, 34, 5, 36, 43, 8, 7, 22, 46, 0]]",3.096368969985633,0.0860148479363748,1.1060650571307633,0.13106681167015008,0.33066164745538784,0.1354401509719439,0.8122305512454469,0.7900024929063035,0.699243426322937
0.5,0.0,3,True,147982,5,"[[0, 27, 21, 47, 29, 4, 32, 19, 6, 24, 41, 0], [0, 42, 14, 3, 16, 15, 45, 25, 11, 39, 1, 0], [0, 48, 50, 38, 31, 9, 2, 28, 26, 23, 30, 0], [0, 40, 33, 34, 36, 5, 43, 8, 7, 22, 46, 0], [0, 20, 44, 17, 13, 37, 10, 35, 18, 49, 12, 0]]",3.096368969985633,0.0860148479363748,1.1060650571307633,0.13106681167015008,0.33066164745538784,0.1354401509719439,0.8122305512454469,0.7900024929063035,0.699243426322937
0.5,0.0,4,True,148506,5,"[[0, 14, 3, 16, 42, 41, 25, 45, 11, 39, 15, 0], [0, 20, 44, 17, 13, 37, 10, 35, 18, 49, 12, 0], [0, 50, 38, 31, 9, 2, 28, 26, 23, 30, 48, 0], [0, 1, 46, 22, 7, 8, 43, 36, 5, 33, 34, 0], [0, 27, 21, 47, 29, 4, 32, 6, 19, 24, 40, 0]]",3.940621432309854,0.11982237285485973,1.197849420379498,0.13473756075836718,0.16319673490278075,0.06160060999176181,0.8465382078219488,0.8331050881405119,0.9724721908569336
0.5,0.0,5,True,148486,5,"[[0, 48, 30, 23, 26, 28, 2, 9, 31, 38, 50, 0], [0, 25, 5, 34, 33, 36, 43, 8, 7, 22, 46, 0], [0, 14, 3, 16, 15, 39, 11, 45, 1, 41, 42, 0], [0, 40, 24, 6, 19, 32, 4, 29, 47, 21, 27, 0], [0, 20, 44, 17, 13, 37, 10, 35, 18, 49, 12, 0]]",3.5110169029649114,0.10088454852146762,1.2300107446644688,0.13473756075836718,0.29582946799588483,0.14234804406237972,0.8355614435507925,0.8182138073252466,0.9724721908569336
0.5,0.0,6,True,147837,5,"[[0, 15, 45, 11, 39, 25, 2, 28, 26, 23, 30, 0], [0, 48, 18, 32, 4, 29, 6, 19, 24, 41, 1, 0], [0, 46, 22, 7, 8, 43, 36, 34, 33, 5, 40, 0], [0, 12, 49, 13, 17, 44, 20, 16, 3, 14, 42, 0], [0, 27, 35, 10, 37, 50, 38, 31, 9, 47, 21, 0]]",3.940195924617001,0.11969786261518796,1.645177333848551,0.181453971657902,0.3175599756022751,0.22896707915361025,0.8357648138582745,0.832657711427143,0.699243426322937
0.5,0.0,7,True,147841,5,"[[0, 46, 22, 7, 8, 43, 5, 34, 33, 36, 40, 0], [0, 1, 16, 3, 14, 49, 12, 13, 17, 44, 20, 0], [0, 30, 23, 26, 28, 2, 25, 45, 11, 39, 15, 0], [0, 48, 18, 32, 4, 29, 19, 6, 24, 41, 42, 0], [0, 27, 35, 10, 37, 50, 38, 31, 9, 47, 21, 0]]",3.941165270531201,0.11969786261518796,1.6921749511966482,0.1526587601751089,0.3363647910498504,0.2536064721823423,0.8332446527857256,0.8284767834582026,0.699243426322937
0.5,0.0,8,True,147837,5,"[[0, 30, 23, 26, 28, 2, 25, 45, 11, 39, 15, 0], [0, 18, 32, 4, 29, 19, 6, 24, 41, 1, 48, 0], [0, 46, 22, 7, 8, 43, 36, 5, 33, 34, 40, 0], [0, 27, 35, 10, 37, 50, 38, 31, 9, 47, 21, 0], [0, 49, 12, 13, 17, 44, 20, 16, 3, 14, 42, 0]]",3.940195924617001,0.11969786261518796,1.645177333848551,0.181453971657902,0.3175599756022751,0.2289670791536103,0.8357648138582745,0.832657711427143,0.699243426322937
0.5,0.0,9,True,147865,5,"[[0, 30, 23, 26, 28, 2, 25, 45, 11, 39, 48, 0], [0, 42, 14, 3, 15, 16, 20, 44, 17, 13, 49, 0], [0, 1, 41, 24, 19, 6, 29, 4, 32, 18, 12, 0], [0, 40, 36, 5, 34, 33, 43, 8, 7, 22, 46, 0], [0, 27, 35, 10, 37, 50, 38, 31, 9, 47, 21, 0]]",3.5274682807648787,0.1042615131440538,1.6392812530393712,0.1811708768364042,0.39801063292209027,0.2857369437713624,0.8219512286550763,0.8137976119827846,0.699243426322937
1.0,0.0,0,True,155907,5,"[[0, 48, 42, 16, 3, 14, 49, 13, 17, 44, 20, 0], [0, 30, 23, 26, 28, 2, 25, 39, 11, 45, 15, 0], [0, 50, 38, 31, 9, 43, 8, 7, 22, 46, 1, 0], [0, 12, 37, 10, 35, 18, 34, 33, 5, 36, 40, 0], [0, 27, 21, 47, 29, 4, 32, 6, 19, 24, 41, 0]]",2.5909806421695976,0.06620350879217897,1.1060650571307633,0.13106681167015008,0.3040760969401066,0.09737465590751872,0.7657438364345335,0.7304111955070933,0.4862360954284668
1.0,0.0,1,True,156268,5,"[[0, 35, 18, 34, 33, 36, 50, 38, 31, 9, 39, 0], [0, 14, 3, 16, 20, 44, 17, 13, 37, 10, 27, 0], [0, 42, 41, 24, 6, 19, 32, 4, 29, 47, 21, 0], [0, 15, 11, 45, 25, 2, 28, 26, 23, 30, 12, 0], [0, 48, 1, 46, 22, 7, 8, 43, 5, 40, 49, 0]]",2.6300579270900926,0.06911126617342234,0.9698179327242542,0.11043012222009045,0.30206166684123237,0.08094095275981242,0.7867005043267927,0.7538909272910066,0.4862360954284668
1.0,0.0,2,True,156065,5,"[[0, 14, 42, 41, 24, 6, 19, 17, 13, 49, 12, 0], [0, 37, 10, 35, 18, 34, 33, 36, 31, 9, 40, 0], [0, 30, 23, 26, 28, 2, 25, 15, 3, 16, 1, 0], [0, 20, 44, 38, 50, 5, 43, 8, 7, 22, 46, 0], [0, 48, 45, 11, 39, 32, 4, 29, 47, 21, 27, 0]]",2.1706349218584364,0.054239347059693604,0.7859236401272938,0.08480568629290376,0.2574626399158826,0.04240302504569142,0.7619856044777553,0.7128238913615349,0.4862360954284668
1.0,0.0,3,True,156438,5,"[[0, 46, 22, 7, 8, 43, 5, 33, 34, 40, 12, 0], [0, 1, 16, 42, 41, 24, 19, 6, 17, 13, 49, 0], [0, 39, 11, 45, 25, 2, 28, 26, 23, 30, 14, 0], [0, 20, 44, 38, 50, 36, 31, 9, 3, 15, 48, 0], [0, 37, 10, 35, 18, 32, 4, 29, 47, 21, 27, 0]]",2.7779575460444903,0.07424639607779682,0.8053941279649734,0.12869659392163157,0.15625622848020293,0.02601572591477188,0.7964240731700571,0.766791764318743,0.4862360954284668
1.0,0.0,4,True,156440,5,"[[0, 37, 10, 35, 18, 32, 4, 29, 47, 21, 27, 0], [0, 11, 39, 9, 31, 36, 43, 8, 7, 22, 46, 0], [0, 30, 23, 26, 28, 2, 25, 45, 15, 3, 14, 0], [0, 48, 42, 41, 24, 19, 6, 17, 13, 49, 12, 0], [0, 40, 5, 33, 34, 50, 38, 44, 20, 16, 1, 0]]",2.355721759769949,0.061161241218171736,0.7817461716476828,0.0851292232317584,0.25701063714595374,0.047968619485274415,0.7725139452392997,0.7341378596462085,0.4862360954284668
1.0,0.0,5,True,156369,5,"[[0, 21, 47, 29, 4, 32, 6, 19, 24, 41, 42, 0], [0, 20, 44, 17, 13, 49, 12, 14, 3, 16, 1, 0], [0, 40, 5, 36, 33, 34, 18, 35, 27, 10, 37, 0], [0, 39, 9, 31, 38, 50, 43, 8, 7, 22, 46, 0], [0, 15, 11, 45, 25, 2, 28, 26, 23, 30, 48, 0]]",2.225747468401096,0.055835921317338943,0.9695260657754261,0.11043012222009045,0.31732358037923003,0.07868173535838006,0.7496182407795544,0.7057861905974251,0.4862360954284668
1.0,0.0,6,True,156433,5,"[[0, 21, 47, 29, 4, 32, 19, 6, 24, 41, 42, 0], [0, 14, 3, 16, 20, 44, 17, 13, 37, 10, 27, 0], [0, 48, 35, 18, 34, 33, 5, 36, 40, 49, 12, 0], [0, 15, 45, 11, 39, 25, 2, 28, 26, 23, 30, 0], [0, 50, 38, 31, 9, 43, 8, 7, 22, 46, 1, 0]]",2.565497132294695,0.06620350879217897,0.9695260657754261,0.11043012222009045,0.26127188027532533,0.06411698198082173,0.7679670565139423,0.7351128957460495,0.4862360954284668
1.0,0.0,7,True,156093,5,"[[0, 48, 42, 16, 15, 3, 14, 13, 17, 44, 20, 0], [0, 41, 24, 19, 6, 32, 4, 29, 47, 21, 27, 0], [0, 49, 40, 36, 31, 9, 43, 8, 7, 22, 46, 0], [0, 39, 38, 50, 5, 33, 34, 18, 35, 10, 37, 0], [0, 1, 11, 45, 25, 2, 28, 26, 23, 30, 12, 0]]",2.388565468674642,0.0609503075549448,1.1060650571307633,0.13106681167015008,0.342621756464764,0.11121043315077246,0.7585314132388739,0.7179257817543182,0.4862360954284668
1.0,0.0,8,True,155959,5,"[[0, 50, 38, 31, 9, 43, 8, 7, 22, 46, 45, 0], [0, 41, 24, 6, 19, 32, 4, 29, 47, 21, 27, 0], [0, 48, 42, 14, 3, 15, 16, 20, 44, 17, 13, 0], [0, 49, 30, 23, 26, 28, 2, 25, 11, 39, 1, 0], [0, 12, 37, 10, 35, 18, 34, 33, 5, 36, 40, 0]]",2.599770211367286,0.06841706460410799,1.1060650571307633,0.13106681167015008,0.29523772872573883,0.09527347839117471,0.7665410743966712,0.733969431143904,0.4862360954284668
1.0,0.0,9,True,155907,5,"[[0, 40, 5, 36, 33, 34, 18, 35, 10, 37, 12, 0], [0, 50, 38, 31, 9, 43, 8, 7, 22, 46, 1, 0], [0, 41, 24, 6, 19, 32, 4, 29, 47, 21, 27, 0], [0, 15, 39, 11, 45, 25, 2, 28, 26, 23, 30, 0], [0, 48, 42, 16, 3, 14, 49, 13, 17, 44, 20, 0]]",2.592351238869014,0.06620350879217897,1.1060650571307633,0.13106681167015008,0.30349236313440864,0.09720100116780205,0.7630885478679423,0.7295805083127945,0.4862360954284668
2.0,0.0,0,True,167549,5,"[[0, 49, 12, 37, 10, 35, 18, 34, 33, 5, 40, 0], [0, 6, 19, 24, 41, 32, 4, 29, 47, 21, 27, 0], [0, 36, 50, 38, 31, 9, 43, 8, 7, 22, 46, 0], [0, 25, 2, 28, 26, 23, 30, 13, 17, 44, 20, 0], [0, 1, 11, 45, 39, 15, 3, 16, 42, 14, 48, 0]]",1.917862985501415,0.04203278075770608,0.6240412518673111,0.05604255688376725,0.21969872249142908,0.02413346176846306,0.7137992725622229,0.6524894277120757,0.2194126546382904
2.0,0.0,1,True,167388,5,"[[0, 6, 19, 24, 41, 32, 4, 29, 47, 21, 27, 0], [0, 40, 9, 31, 36, 33, 34, 18, 35, 10, 37, 0], [0, 1, 16, 20, 44, 17, 13, 49, 12, 14, 42, 0], [0, 46, 22, 7, 8, 43, 5, 50, 38, 3, 15, 0], [0, 48, 30, 23, 26, 28, 2, 25, 45, 11, 39, 0]]",2.1161987842497183,0.04847716350622218,0.6240412518673111,0.07791357534006238,0.20540295212839643,0.024868390002045958,0.7455960720340553,0.6940565210725692,0.42754557728767395
2.0,0.0,2,True,167284,5,"[[0, 49, 30, 23, 26, 28, 2, 25, 45, 11, 15, 0], [0, 40, 36, 31, 9, 43, 8, 7, 22, 46, 1, 0], [0, 39, 38, 50, 5, 33, 34, 18, 35, 10, 37, 0], [0, 6, 19, 24, 41, 32, 4, 29, 47, 21, 27, 0], [0, 48, 12, 13, 17, 44, 20, 16, 3, 14, 42, 0]]",1.895400900291861,0.0407532985354292,0.6240412518673111,0.05604255688376725,0.22340286582837732,0.027037024828336163,0.7192475771995468,0.6609728212801594,0.2194126546382904
2.0,0.0,3,True,167918,5,"[[0, 48, 30, 23, 26, 28, 2, 25, 45, 11, 1, 0], [0, 20, 44, 17, 13, 12, 14, 3, 15, 16, 42, 0], [0, 46, 22, 33, 34, 18, 35, 10, 37, 40, 49, 0], [0, 27, 21, 47, 29, 4, 32, 41, 24, 19, 6, 0], [0, 31, 9, 43, 8, 7, 36, 5, 50, 38, 39, 0]]",1.8343280553381192,0.03871466620857346,0.6240412518673111,0.05604255688376725,0.24765429968400876,0.026851448433991905,0.7061796742478725,0.6449744328063383,0.2194126546382904
2.0,0.0,4,True,167283,5,"[[0, 42, 14, 3, 16, 20, 44, 17, 13, 49, 12, 0], [0, 15, 39, 38, 50, 33, 34, 18, 35, 10, 37, 0], [0, 27, 21, 47, 29, 4, 32, 41, 24, 19, 6, 0], [0, 40, 5, 36, 31, 9, 43, 8, 7, 22, 46, 0], [0, 48, 1, 11, 45, 25, 2, 28, 26, 23, 30, 0]]",1.8956927672406891,0.0407532985354292,0.6240412518673111,0.05604255688376725,0.2256879981703015,0.025769028056544692,0.7190169066046022,0.6608710557810559,0.2194126546382904
2.0,0.0,5,True,167294,5,"[[0, 20, 44, 17, 13, 12, 49, 14, 3, 16, 42, 0], [0, 40, 5, 36, 31, 9, 43, 8, 7, 22, 46, 0], [0, 48, 15, 11, 45, 25, 2, 28, 26, 23, 30, 0], [0, 37, 10, 35, 18, 34, 33, 50, 38, 39, 1, 0], [0, 6, 19, 24, 41, 32, 4, 29, 47, 21, 27, 0]]",1.8950599670788506,0.0407532985354292,0.6240412518673111,0.05604255688376725,0.20765290285238702,0.022700552117329104,0.7174839198431897,0.6550705805197097,0.2194126546382904
2.0,0.0,6,True,167294,5,"[[0, 1, 39, 38, 50, 33, 34, 18, 35, 10, 37, 0], [0, 42, 16, 3, 14, 12, 49, 13, 17, 44, 20, 0], [0, 40, 5, 36, 31, 9, 43, 8, 7, 22, 46, 0], [0, 15, 11, 45, 25, 2, 28, 26, 23, 30, 48, 0], [0, 6, 19, 24, 41, 32, 4, 29, 47, 21, 27, 0]]",1.8967224307270953,0.0407532985354292,0.6240412518673111,0.05604255688376725,0.20689280599339366,0.0225741539866489,0.7138812486084367,0.6522503586828678,0.2194126546382904
2.0,0.0,7,True,167393,5,"[[0, 6, 19, 24, 41, 32, 4, 29, 47, 21, 27, 0], [0, 46, 22, 7, 8, 43, 9, 31, 36, 5, 40, 0], [0, 13, 17, 44, 20, 16, 15, 3, 14, 42, 48, 0], [0, 39, 38, 50, 33, 34, 18, 35, 10, 37, 12, 0], [0, 49, 30, 23, 26, 28, 2, 25, 45, 11, 1, 0]]",1.9052201329759555,0.04201896704866418,0.6240412518673111,0.05604255688376725,0.22376840567106338,0.02587592431319512,0.7168242210466944,0.6618840737837753,0.2194126546382904
2.0,0.0,8,True,167295,5,"[[0, 27, 21, 47, 29, 4, 32, 41, 24, 19, 6, 0], [0, 15, 11, 45, 25, 2, 28, 26, 23, 30, 49, 0], [0, 37, 10, 35, 18, 34, 33, 5, 50, 38, 39, 0], [0, 1, 46, 22, 7, 8, 43, 9, 31, 36, 40, 0], [0, 42, 16, 3, 14, 12, 13, 17, 44, 20, 48, 0]]",1.8953518340276787,0.0407532985354292,0.6240412518673111,0.05604255688376725,0.22370825858927867,0.02718786248093038,0.7172534793427408,0.6549697056065823,0.2194126546382904
2.0,0.0,9,True,168028,5,"[[0, 48, 14, 42, 16, 20, 44, 17, 13, 49, 12, 0], [0, 37, 10, 35, 18, 34, 33, 50, 36, 5, 40, 0], [0, 30, 23, 26, 28, 2, 25, 39, 45, 11, 1, 0], [0, 27, 21, 47, 29, 4, 32, 41, 24, 19, 6, 0], [0, 15, 3, 38, 31, 9, 43, 8, 7, 22, 46, 0]]",1.9010822429700056,0.04201896704866418,0.6240412518673111,0.05604255688376725,0.20567319566737163,0.020785324455452787,0.7150287106405373,0.6615512919192716,0.2194126546382904
