beta,lambda_concentration,seed,is_feasible,pyvrp_cost,num_routes,routes,global_risk,global_cvar90,max_vehicle_risk,max_vehicle_cvar90,vehicle_risk_gini,risk_variance,edge_burden_gini_used,top10_burden_share,max_edge_burden
0.0,0.0,0,True,133997,5,"[[0, 14, 42, 41, 1, 45, 11, 15, 3, 16, 48, 0], [0, 18, 32, 4, 29, 19, 6, 24, 40, 20, 44, 0], [0, 27, 35, 5, 36, 28, 26, 23, 30, 12, 49, 0], [0, 46, 22, 7, 8, 43, 33, 34, 2, 25, 39, 0], [0, 17, 13, 10, 37, 50, 38, 31, 9, 47, 21, 0]]",6.791532107890816,0.17940958148306785,1.8451659453567117,0.25433097733184695,0.09875965466975112,0.0681776174688029,0.8711577568382507,0.8883174357055219,0.9429735541343689
0.0,0.0,1,True,133997,5,"[[0, 17, 13, 10, 37, 50, 38, 31, 9, 47, 21, 0], [0, 18, 32, 4, 29, 6, 19, 24, 40, 20, 44, 0], [0, 14, 42, 41, 1, 11, 45, 15, 3, 16, 48, 0], [0, 46, 22, 7, 8, 43, 33, 34, 2, 25, 39, 0], [0, 27, 35, 5, 36, 28, 26, 23, 30, 12, 49, 0]]",6.791532107890816,0.17940958148306785,1.8451659453567117,0.25433097733184695,0.09875965466975112,0.0681776174688029,0.8711577568382507,0.8883174357055219,0.9429735541343689
0.0,0.0,2,True,133998,5,"[[0, 16, 3, 15, 45, 11, 1, 41, 42, 14, 48, 0], [0, 25, 2, 34, 33, 43, 8, 7, 22, 46, 39, 0], [0, 38, 31, 9, 47, 21, 27, 23, 30, 49, 12, 0], [0, 26, 28, 36, 5, 35, 10, 37, 50, 13, 17, 0], [0, 44, 20, 40, 24, 6, 19, 29, 4, 32, 18, 0]]",8.735688010317972,0.30544963822915006,2.4445482880691998,0.4354909539222717,0.17912737337276163,0.3159890565604274,0.8757073849764414,0.8946455316409987,0.9429735541343689
0.0,0.0,3,True,133997,5,"[[0, 39, 25, 2, 36, 28, 26, 23, 30, 49, 18, 0], [0, 44, 20, 40, 24, 19, 6, 4, 32, 29, 12, 0], [0, 17, 13, 10, 37, 50, 38, 31, 9, 47, 21, 0], [0, 46, 22, 7, 8, 43, 5, 34, 33, 35, 27, 0], [0, 14, 42, 41, 1, 11, 45, 15, 3, 16, 48, 0]]",8.143623476236826,0.2840818837643243,3.255593799374765,0.6085150480270386,0.2917343718734573,0.8228873603334044,0.8874086411030915,0.9064231579750698,1.4983851909637451
0.0,0.0,4,True,133997,5,"[[0, 48, 14, 42, 41, 1, 45, 11, 15, 3, 16, 0], [0, 44, 20, 40, 24, 19, 6, 4, 32, 29, 12, 0], [0, 25, 2, 34, 33, 43, 8, 7, 22, 46, 39, 0], [0, 27, 35, 5, 36, 28, 26, 23, 30, 18, 49, 0], [0, 17, 13, 10, 37, 50, 38, 31, 9, 47, 21, 0]]",7.901481988228625,0.20092695804002383,2.6307346966059413,0.4972419083118439,0.19866064466499367,0.3475184487146131,0.8888268143311351,0.9069793636543393,1.4983851909637451
0.0,0.0,5,True,133999,5,"[[0, 16, 3, 14, 42, 41, 1, 45, 39, 11, 15, 0], [0, 18, 32, 4, 29, 6, 19, 24, 40, 20, 44, 0], [0, 25, 2, 34, 33, 35, 10, 37, 50, 13, 17, 0], [0, 46, 22, 7, 8, 43, 5, 36, 28, 26, 12, 0], [0, 48, 38, 31, 9, 47, 21, 27, 23, 30, 49, 0]]",8.82256241721916,0.3085512596254165,2.046319054730702,0.3691663059871644,0.08019737527973736,0.06592475194103081,0.8741688195357618,0.892814704573185,0.9429735541343689
0.0,0.0,6,True,133997,5,"[[0, 16, 3, 14, 42, 41, 1, 45, 11, 39, 48, 0], [0, 15, 46, 22, 7, 8, 43, 17, 13, 18, 49, 0], [0, 27, 35, 10, 37, 50, 38, 31, 9, 47, 21, 0], [0, 12, 29, 4, 32, 6, 19, 24, 40, 20, 44, 0], [0, 25, 2, 34, 33, 5, 36, 28, 26, 23, 30, 0]]",7.973766482635256,0.21444671012132482,2.0495765446685255,0.4000973515212536,0.12615459912758387,0.14105261985014,0.8911871503426338,0.9119678627303424,1.4983851909637451
0.0,0.0,7,True,133998,5,"[[0, 13, 17, 43, 33, 34, 5, 2, 25, 45, 11, 0], [0, 16, 1, 41, 42, 12, 49, 14, 3, 15, 48, 0], [0, 44, 20, 40, 24, 19, 6, 29, 4, 32, 18, 0], [0, 30, 23, 26, 28, 36, 8, 7, 22, 46, 39, 0], [0, 21, 47, 9, 31, 38, 50, 37, 10, 35, 27, 0]]",7.832096713795181,0.20457493745322738,2.4821108255709987,0.32932359592190813,0.19453409034563252,0.31675009458009357,0.8747064144963665,0.8913922377602713,0.9429735541343689
0.0,0.0,8,True,133998,5,"[[0, 48, 14, 42, 41, 1, 45, 11, 15, 3, 16, 0], [0, 49, 18, 12, 29, 32, 4, 6, 19, 24, 40, 0], [0, 44, 20, 34, 33, 5, 36, 28, 26, 23, 30, 0], [0, 17, 13, 37, 10, 35, 22, 43, 8, 7, 46, 0], [0, 27, 21, 47, 9, 31, 38, 50, 2, 25, 39, 0]]",7.799527146766195,0.2704395884289764,2.523343202046817,0.45895745158195494,0.19059520788050466,0.3047285274848663,0.8881172796731831,0.900935287196854,1.4983851909637451
0.0,0.0,9,True,133997,5,"[[0, 48, 15, 45, 11, 1, 41, 42, 14, 3, 16, 0], [0, 27, 35, 5, 36, 28, 26, 23, 30, 12, 49, 0], [0, 21, 47, 9, 31, 38, 50, 37, 10, 13, 17, 0], [0, 25, 2, 34, 33, 43, 8, 7, 22, 46, 39, 0], [0, 44, 20, 40, 24, 6, 19, 29, 4, 32, 18, 0]]",6.569119187101023,0.1837184258911293,1.9326637695194222,0.25433097733184695,0.14224750514884876,0.122168183401926,0.8749039662052875,0.8898441930778627,0.9429735541343689
1.0,0.0,0,True,158758,5,"[[0, 48, 27, 10, 37, 13, 17, 44, 20, 16, 1, 0], [0, 15, 11, 45, 25, 2, 28, 26, 23, 30, 49, 0], [0, 35, 18, 34, 33, 50, 38, 31, 9, 3, 14, 0], [0, 42, 41, 24, 19, 6, 32, 4, 29, 47, 21, 0], [0, 39, 46, 22, 7, 8, 43, 36, 5, 40, 12, 0]]",2.9006988380388066,0.0787751040022288,0.9831224415247561,0.11476802187306541,0.29272758182014447,0.09518108430336704,0.8093602901611576,0.7816239740389135,0.6989073157310486
1.0,0.0,1,True,158758,5,"[[0, 12, 30, 23, 26, 28, 2, 25, 11, 45, 15, 0], [0, 39, 46, 22, 7, 8, 43, 5, 36, 40, 49, 0], [0, 1, 16, 20, 44, 17, 13, 37, 10, 27, 48, 0], [0, 42, 41, 24, 19, 6, 32, 4, 29, 47, 21, 0], [0, 35, 18, 34, 33, 50, 38, 31, 9, 3, 14, 0]]",2.9006988380388066,0.0787751040022288,0.9831224415247561,0.11476802187306541,0.29433166409724265,0.09625186595349786,0.8093602901611576,0.7816239740389135,0.6989073157310486
1.0,0.0,2,True,158758,5,"[[0, 14, 3, 9, 31, 38, 50, 33, 34, 18, 35, 0], [0, 11, 46, 22, 7, 8, 43, 36, 5, 40, 49, 0], [0, 1, 16, 20, 44, 17, 13, 37, 10, 27, 48, 0], [0, 12, 30, 23, 26, 28, 2, 25, 39, 45, 15, 0], [0, 21, 47, 29, 4, 32, 6, 19, 24, 41, 42, 0]]",2.9007784495879605,0.0787751040022288,0.9831224415247561,0.11476802187306541,0.2938650976441928,0.09594404662109132,0.8084862738823526,0.7816025224539301,0.6989073157310486
1.0,0.0,3,True,159154,5,"[[0, 1, 16, 20, 44, 17, 13, 37, 10, 27, 48, 0], [0, 14, 3, 15, 46, 22, 7, 8, 43, 36, 40, 0], [0, 11, 45, 25, 2, 28, 26, 23, 30, 49, 12, 0], [0, 42, 41, 24, 19, 6, 32, 4, 29, 47, 21, 0], [0, 35, 18, 34, 33, 5, 50, 38, 31, 9, 39, 0]]",2.9683243669387593,0.07847758292638023,0.9831224415247561,0.11476802187306541,0.28586523064966496,0.09467486080839893,0.8110626715679023,0.7851153098951577,0.6989073157310486
1.0,0.0,4,True,159340,5,"[[0, 15, 45, 11, 39, 25, 2, 28, 26, 23, 30, 0], [0, 42, 41, 24, 19, 6, 17, 13, 49, 12, 14, 0], [0, 37, 10, 35, 18, 32, 4, 29, 47, 21, 27, 0], [0, 1, 16, 3, 9, 31, 36, 50, 38, 44, 20, 0], [0, 48, 46, 22, 7, 8, 43, 33, 34, 5, 40, 0]]",3.069707987640868,0.08687516660602004,0.8697912912466563,0.12176455448692043,0.15452523781461602,0.030677518197012886,0.8134865528548478,0.7866448919256961,0.6989073157310486
1.0,0.0,5,True,159243,5,"[[0, 27, 21, 47, 29, 4, 32, 18, 35, 10, 37, 0], [0, 14, 3, 16, 42, 41, 24, 6, 19, 12, 48, 0], [0, 39, 9, 31, 38, 50, 34, 33, 5, 36, 40, 0], [0, 13, 17, 44, 20, 43, 8, 7, 22, 46, 1, 0], [0, 15, 11, 45, 25, 2, 28, 26, 23, 30, 49, 0]]",2.7941256679296202,0.07660744408214534,0.8800902868679259,0.09319639741443098,0.2643171544905394,0.07023238487479558,0.8028408557223854,0.7735754539781391,0.6989073157310486
1.0,0.0,6,True,158824,5,"[[0, 14, 3, 16, 20, 44, 17, 13, 37, 10, 27, 0], [0, 35, 18, 34, 33, 50, 38, 31, 9, 39, 15, 0], [0, 1, 45, 11, 25, 2, 28, 26, 23, 30, 48, 0], [0, 42, 41, 24, 19, 6, 32, 4, 29, 47, 21, 0], [0, 46, 22, 7, 8, 43, 36, 5, 40, 49, 12, 0]]",2.9117338644391566,0.0787751040022288,0.9831224415247561,0.12204993888735771,0.29443298448417443,0.09968822827787671,0.8080991602486951,0.7786617386182926,0.6989073157310486
1.0,0.0,7,True,158758,5,"[[0, 49, 30, 23, 26, 28, 2, 25, 11, 45, 15, 0], [0, 35, 18, 34, 33, 50, 38, 31, 9, 3, 14, 0], [0, 48, 27, 10, 37, 13, 17, 44, 20, 16, 1, 0], [0, 39, 46, 22, 7, 8, 43, 5, 36, 40, 12, 0], [0, 42, 41, 24, 19, 6, 32, 4, 29, 47, 21, 0]]",2.9006988380388066,0.0787751040022288,0.9831224415247561,0.11476802187306541,0.29272758182014447,0.09518108430336705,0.8093602901611576,0.7816239740389135,0.6989073157310486
1.0,0.0,8,True,159240,5,"[[0, 15, 11, 45, 25, 2, 28, 26, 23, 30, 49, 0], [0, 42, 41, 24, 19, 6, 38, 50, 33, 34, 40, 0], [0, 39, 9, 31, 36, 5, 43, 8, 7, 22, 46, 0], [0, 27, 21, 47, 29, 4, 32, 18, 35, 10, 37, 0], [0, 1, 16, 3, 14, 12, 13, 17, 44, 20, 48, 0]]",2.788383768969652,0.05788949670622478,0.8800902868679259,0.10967135367294152,0.27098214949742006,0.07314216656427538,0.7993953258519,0.7658062259060119,0.6989073157310486
1.0,0.0,9,True,159150,5,"[[0, 1, 16, 20, 44, 17, 13, 37, 10, 40, 12, 0], [0, 15, 11, 45, 25, 2, 28, 26, 23, 30, 49, 0], [0, 48, 39, 38, 50, 5, 36, 31, 9, 3, 14, 0], [0, 46, 22, 7, 8, 43, 33, 34, 18, 35, 27, 0], [0, 42, 41, 24, 19, 6, 32, 4, 29, 47, 21, 0]]",2.8535090147597657,0.07961124278329036,0.9831224415247561,0.11476802187306541,0.30684972287365175,0.09914794466337692,0.8090908265946504,0.7777807829878232,0.6989073157310486
1.0,0.5,0,True,164489,5,"[[0, 19, 6, 24, 41, 32, 4, 29, 47, 21, 27, 0], [0, 40, 36, 5, 33, 34, 18, 35, 10, 37, 48, 0], [0, 1, 11, 15, 45, 25, 2, 28, 26, 23, 30, 0], [0, 46, 22, 7, 8, 43, 50, 38, 31, 9, 39, 0], [0, 42, 14, 3, 16, 20, 44, 17, 13, 12, 49, 0]]",2.480085306753608,0.04485617321348045,0.9054607873549685,0.09309451270382851,0.2584857842219985,0.056245146480458405,0.7826983379771868,0.7432361249740039,0.6989073157310486
1.0,0.5,1,True,164025,5,"[[0, 1, 39, 38, 50, 33, 34, 18, 35, 10, 37, 0], [0, 15, 11, 45, 25, 2, 28, 26, 23, 30, 48, 0], [0, 19, 6, 24, 41, 32, 4, 29, 47, 21, 27, 0], [0, 20, 44, 17, 13, 49, 12, 14, 3, 16, 42, 0], [0, 40, 9, 31, 36, 5, 43, 8, 7, 22, 46, 0]]",2.1844680120229896,0.03944400982119334,0.884521598520223,0.12204993888735771,0.34439048152675,0.07536857564373942,0.7607088471893777,0.7094732891608879,0.6989073157310486
1.0,0.5,2,True,164024,5,"[[0, 19, 6, 24, 41, 32, 4, 29, 47, 21, 27, 0], [0, 39, 38, 50, 5, 33, 34, 18, 35, 10, 37, 0], [0, 15, 46, 22, 43, 8, 7, 36, 31, 9, 40, 0], [0, 1, 45, 11, 25, 2, 28, 26, 23, 30, 48, 0], [0, 42, 16, 3, 14, 12, 49, 13, 17, 44, 20, 0]]",2.3059831569662492,0.04154582542832941,0.9082659767009318,0.12204993888735771,0.3241154678571816,0.07288897042117158,0.7680155370616963,0.7219468624909443,0.6989073157310486
1.0,0.5,3,True,164031,5,"[[0, 30, 23, 26, 28, 2, 25, 11, 45, 1, 48, 0], [0, 42, 14, 3, 16, 20, 44, 17, 13, 12, 49, 0], [0, 27, 21, 47, 29, 4, 32, 41, 24, 6, 19, 0], [0, 39, 38, 50, 5, 33, 34, 18, 35, 10, 37, 0], [0, 40, 9, 31, 36, 7, 8, 43, 22, 46, 15, 0]]",2.31606309541894,0.05619067060095923,0.9082659767009318,0.12204993888735771,0.32424204243697785,0.07322642121714439,0.7707357666672681,0.7215725590406697,0.6989073157310486
1.0,0.5,4,True,165054,5,"[[0, 19, 6, 24, 41, 32, 4, 29, 47, 21, 27, 0], [0, 1, 16, 20, 44, 17, 13, 37, 10, 12, 49, 0], [0, 45, 46, 22, 7, 8, 43, 33, 34, 18, 35, 0], [0, 42, 14, 3, 9, 31, 38, 50, 5, 36, 40, 0], [0, 15, 39, 11, 25, 2, 28, 26, 23, 30, 48, 0]]",2.467995669470838,0.046772288445096746,0.8757352743414231,0.12204993888735771,0.21117684983118856,0.0432456149497128,0.7822835553945044,0.741582515641084,0.6989073157310486
1.0,0.5,5,True,164024,5,"[[0, 20, 44, 17, 13, 12, 49, 14, 3, 16, 42, 0], [0, 19, 6, 24, 41, 32, 4, 29, 47, 21, 27, 0], [0, 40, 9, 31, 36, 7, 8, 43, 22, 46, 15, 0], [0, 39, 38, 50, 5, 33, 34, 18, 35, 10, 37, 0], [0, 1, 11, 45, 25, 2, 28, 26, 23, 30, 48, 0]]",2.3059831569662492,0.04154582542832941,0.9082659767009318,0.12204993888735771,0.3241154678571816,0.07288897042117158,0.7680155370616963,0.7219468624909443,0.6989073157310486
1.0,0.5,6,True,164698,5,"[[0, 11, 46, 22, 7, 8, 43, 5, 50, 38, 39, 0], [0, 19, 6, 24, 41, 32, 4, 29, 47, 21, 27, 0], [0, 15, 25, 2, 28, 26, 23, 30, 45, 1, 48, 0], [0, 37, 10, 35, 18, 34, 33, 36, 31, 9, 40, 0], [0, 42, 16, 3, 14, 49, 12, 13, 17, 44, 20, 0]]",2.4278170631259854,0.0445725936209783,0.9194431130890734,0.09341043571475893,0.2817173424346431,0.06292313874436975,0.7782464481869413,0.7337929341954056,0.6989073157310486
1.0,0.5,7,True,164024,5,"[[0, 15, 46, 22, 43, 8, 7, 36, 31, 9, 40, 0], [0, 19, 6, 24, 41, 32, 4, 29, 47, 21, 27, 0], [0, 20, 44, 17, 13, 12, 49, 14, 3, 16, 42, 0], [0, 48, 30, 23, 26, 28, 2, 25, 11, 45, 1, 0], [0, 39, 38, 50, 5, 33, 34, 18, 35, 10, 37, 0]]",2.3059831569662492,0.04154582542832941,0.9082659767009318,0.12204993888735771,0.3241154678571816,0.07288897042117158,0.7680155370616963,0.7219468624909443,0.6989073157310486
1.0,0.5,8,True,164024,5,"[[0, 48, 30, 23, 26, 28, 2, 25, 11, 45, 1, 0], [0, 42, 16, 3, 14, 12, 49, 13, 17, 44, 20, 0], [0, 40, 9, 31, 36, 7, 8, 43, 22, 46, 15, 0], [0, 39, 38, 50, 5, 33, 34, 18, 35, 10, 37, 0], [0, 19, 6, 24, 41, 32, 4, 29, 47, 21, 27, 0]]",2.3059831569662492,0.04154582542832941,0.9082659767009318,0.12204993888735771,0.3241154678571816,0.07288897042117158,0.7680155370616963,0.7219468624909443,0.6989073157310486
1.0,0.5,9,True,164024,5,"[[0, 48, 30, 23, 26, 28, 2, 25, 45, 11, 1, 0], [0, 20, 44, 17, 13, 12, 49, 14, 3, 16, 42, 0], [0, 39, 38, 50, 5, 33, 34, 18, 35, 10, 37, 0], [0, 15, 46, 22, 43, 8, 7, 36, 31, 9, 40, 0], [0, 19, 6, 24, 41, 32, 4, 29, 47, 21, 27, 0]]",2.3059831569662492,0.04154582542832941,0.9082659767009318,0.12204993888735771,0.3241154678571816,0.07288897042117158,0.7680155370616963,0.7219468624909443,0.6989073157310486
1.0,1.0,0,True,169447,5,"[[0, 48, 27, 21, 47, 29, 44, 17, 13, 49, 12, 0], [0, 9, 31, 38, 50, 33, 34, 18, 35, 10, 37, 0], [0, 25, 2, 28, 26, 23, 30, 14, 3, 16, 42, 0], [0, 1, 45, 46, 22, 43, 8, 7, 36, 5, 20, 0], [0, 40, 19, 6, 24, 41, 4, 32, 39, 11, 15, 0]]",2.0956027160973463,0.0358748217811808,0.9912284239835571,0.13820821729799113,0.3379536891911519,0.08690438264196594,0.7474431130932155,0.6908024522370068,0.6989073157310486
1.0,1.0,1,True,168686,5,"[[0, 39, 38, 50, 5, 33, 34, 18, 35, 10, 37, 0], [0, 40, 9, 31, 36, 7, 8, 43, 22, 46, 1, 0], [0, 15, 11, 45, 25, 2, 28, 26, 23, 30, 12, 0], [0, 19, 6, 24, 41, 32, 4, 29, 47, 21, 27, 0], [0, 20, 44, 17, 13, 49, 14, 3, 16, 42, 48, 0]]",2.3059831569662492,0.04154582542832941,0.8859064863645472,0.09319639741443098,0.3122396900750839,0.06759373598413523,0.7680155370616963,0.7219468624909443,0.6989073157310486
1.0,1.0,2,True,169719,5,"[[0, 1, 45, 25, 39, 11, 15, 16, 3, 14, 42, 0], [0, 37, 10, 35, 18, 32, 4, 41, 24, 6, 19, 0], [0, 46, 22, 43, 8, 7, 36, 5, 33, 34, 20, 0], [0, 27, 21, 47, 29, 44, 17, 13, 49, 12, 48, 0], [0, 40, 9, 31, 38, 50, 2, 28, 26, 23, 30, 0]]",2.2442332840400923,0.05359082229967628,0.9611229638685472,0.1543605662882328,0.2842601491643941,0.06998506343773182,0.7639731623222488,0.7123796836101262,0.6989073157310486
1.0,1.0,3,True,169136,5,"[[0, 14, 3, 9, 31, 38, 50, 33, 34, 18, 35, 0], [0, 15, 11, 46, 22, 43, 8, 7, 36, 5, 40, 0], [0, 21, 47, 29, 6, 19, 24, 41, 4, 32, 39, 0], [0, 42, 16, 20, 44, 17, 13, 37, 10, 27, 48, 0], [0, 1, 45, 25, 2, 28, 26, 23, 30, 12, 49, 0]]",2.226251185824367,0.04624500826877706,0.918367004574975,0.0760555031709373,0.3188552701147507,0.07133007428033168,0.7630429397512708,0.7168250141854655,0.6989073157310486
1.0,1.0,4,True,168686,5,"[[0, 12, 30, 23, 26, 28, 2, 25, 45, 11, 15, 0], [0, 19, 6, 24, 41, 32, 4, 29, 47, 21, 27, 0], [0, 48, 42, 16, 3, 14, 49, 13, 17, 44, 20, 0], [0, 39, 38, 50, 5, 33, 34, 18, 35, 10, 37, 0], [0, 1, 46, 22, 43, 8, 7, 36, 31, 9, 40, 0]]",2.3059831569662492,0.04154582542832941,0.8859064863645472,0.09319639741443098,0.3122396900750839,0.06759373598413523,0.7680155370616963,0.7219468624909443,0.6989073157310486
1.0,1.0,5,True,169136,5,"[[0, 21, 47, 29, 19, 6, 24, 41, 4, 32, 39, 0], [0, 15, 45, 11, 25, 2, 28, 26, 23, 30, 12, 0], [0, 14, 3, 9, 31, 38, 50, 33, 34, 18, 35, 0], [0, 49, 40, 5, 36, 7, 8, 43, 22, 46, 1, 0], [0, 42, 16, 20, 44, 17, 13, 37, 10, 27, 48, 0]]",2.226251185824367,0.04624500826877706,0.8859064863645472,0.09319639741443098,0.3041340668447352,0.06374802212360339,0.7630429397512708,0.7168250141854655,0.6989073157310486
1.0,1.0,6,True,168686,5,"[[0, 42, 16, 3, 14, 49, 13, 17, 44, 20, 48, 0], [0, 40, 9, 31, 36, 7, 8, 43, 22, 46, 15, 0], [0, 1, 45, 11, 25, 2, 28, 26, 23, 30, 12, 0], [0, 27, 21, 47, 29, 4, 32, 41, 24, 6, 19, 0], [0, 37, 10, 35, 18, 34, 33, 5, 50, 38, 39, 0]]",2.3148040921187203,0.05619067060095923,0.9096508645452559,0.09319639741443098,0.3249245284070259,0.07350859008614039,0.7683274700672194,0.7169453912683522,0.6989073157310486
1.0,1.0,7,True,168686,5,"[[0, 48, 42, 16, 3, 14, 49, 13, 17, 44, 20, 0], [0, 15, 11, 45, 25, 2, 28, 26, 23, 30, 12, 0], [0, 19, 6, 24, 41, 32, 4, 29, 47, 21, 27, 0], [0, 40, 9, 31, 36, 7, 8, 43, 22, 46, 1, 0], [0, 39, 38, 50, 5, 33, 34, 18, 35, 10, 37, 0]]",2.3059831569662492,0.04154582542832941,0.8859064863645472,0.09319639741443098,0.3122396900750839,0.06759373598413525,0.7680155370616963,0.7219468624909443,0.6989073157310486
1.0,1.0,8,True,169305,5,"[[0, 48, 49, 13, 17, 44, 20, 16, 3, 14, 42, 0], [0, 46, 22, 7, 8, 43, 50, 38, 31, 9, 39, 0], [0, 12, 40, 36, 5, 33, 34, 18, 35, 10, 37, 0], [0, 19, 6, 24, 41, 32, 4, 29, 47, 21, 27, 0], [0, 30, 23, 26, 28, 2, 25, 11, 15, 45, 1, 0]]",2.480085306753608,0.04485617321348045,0.9054607873549685,0.09309451270382851,0.25803906157401446,0.056104322505288504,0.7826983379771868,0.7432361249740039,0.6989073157310486
1.0,1.0,9,True,169168,5,"[[0, 42, 14, 3, 16, 20, 44, 29, 47, 21, 27, 0], [0, 12, 19, 6, 24, 41, 4, 32, 39, 15, 48, 0], [0, 46, 22, 7, 8, 43, 5, 36, 31, 9, 40, 0], [0, 49, 30, 23, 26, 28, 2, 25, 11, 45, 1, 0], [0, 37, 10, 35, 18, 34, 33, 50, 38, 17, 13, 0]]",2.3663838402280817,0.04317722646280741,0.9038346650486346,0.09319639741443098,0.3111964403771359,0.07009723864090371,0.767201469185752,0.7231634170401773,0.6989073157310486
1.0,2.0,0,True,177424,5,"[[0, 46, 22, 7, 8, 43, 50, 38, 31, 9, 40, 0], [0, 1, 39, 32, 4, 41, 24, 6, 19, 12, 49, 0], [0, 48, 20, 36, 5, 33, 34, 18, 35, 10, 37, 0], [0, 27, 21, 47, 29, 44, 17, 13, 45, 11, 15, 0], [0, 42, 16, 3, 14, 30, 23, 26, 28, 2, 25, 0]]",2.2235410917892295,0.05241319138024535,0.9912284239835571,0.13820821729799113,0.3293557526007054,0.08469825118502909,0.7516824051639373,0.6986451888747568,0.6989073157310486
1.0,2.0,1,True,177868,5,"[[0, 21, 47, 29, 44, 17, 13, 37, 10, 40, 14, 0], [0, 20, 36, 5, 50, 38, 31, 9, 3, 16, 42, 0], [0, 27, 35, 18, 34, 33, 43, 8, 7, 22, 46, 0], [0, 49, 12, 19, 6, 24, 41, 4, 32, 39, 1, 0], [0, 30, 23, 26, 28, 2, 25, 11, 45, 15, 48, 0]]",1.9538651283037325,0.03837953575632789,0.884521598520223,0.12204993888735771,0.2753291683257588,0.06150341980514109,0.7294389044281873,0.6655728882578701,0.6989073157310486
1.0,2.0,2,True,177548,5,"[[0, 30, 23, 26, 28, 2, 25, 11, 15, 16, 42, 0], [0, 20, 5, 36, 7, 8, 43, 22, 46, 45, 1, 0], [0, 35, 18, 34, 33, 50, 38, 31, 9, 3, 14, 0], [0, 49, 12, 40, 6, 19, 24, 41, 4, 32, 39, 0], [0, 21, 47, 29, 44, 17, 13, 37, 10, 27, 48, 0]]",2.049578041955101,0.04088356806074872,0.9793107214209158,0.13820821729799113,0.3420521043695737,0.08574949015750782,0.7543215127734426,0.6975358199164038,0.6989073157310486
1.0,2.0,3,True,177548,5,"[[0, 42, 16, 39, 32, 4, 41, 24, 19, 6, 40, 0], [0, 1, 11, 25, 2, 28, 26, 23, 30, 12, 49, 0], [0, 14, 3, 9, 31, 38, 50, 33, 34, 18, 35, 0], [0, 48, 27, 10, 37, 13, 17, 44, 29, 47, 21, 0], [0, 15, 45, 46, 22, 43, 8, 7, 36, 5, 20, 0]]",2.0526858880875807,0.04088356806074872,0.9111635359877255,0.0760555031709373,0.32378381259693745,0.06979443494901058,0.7523982751422498,0.6910616860843408,0.6989073157310486
1.0,2.0,4,True,177548,5,"[[0, 1, 45, 25, 2, 28, 26, 23, 30, 12, 49, 0], [0, 35, 18, 34, 33, 50, 38, 31, 9, 3, 14, 0], [0, 21, 47, 29, 44, 17, 13, 37, 10, 27, 48, 0], [0, 42, 16, 39, 32, 4, 41, 24, 19, 6, 40, 0], [0, 15, 11, 46, 22, 43, 8, 7, 36, 5, 20, 0]]",2.0526062765384268,0.04088356806074872,0.918367004574975,0.0760555031709373,0.32803870968789983,0.07173865945697253,0.7534224490024422,0.6910884893208011,0.6989073157310486
1.0,2.0,5,True,177548,5,"[[0, 20, 5, 36, 7, 8, 43, 22, 46, 11, 1, 0], [0, 35, 18, 34, 33, 50, 38, 31, 9, 3, 14, 0], [0, 49, 12, 40, 6, 19, 24, 41, 4, 32, 39, 0], [0, 21, 47, 29, 44, 17, 13, 37, 10, 27, 48, 0], [0, 42, 16, 15, 45, 25, 2, 28, 26, 23, 30, 0]]",2.049578041955101,0.04088356806074872,0.9865141900081653,0.13820821729799113,0.34626963701666114,0.0878133277428235,0.7543215127734426,0.6975358199164038,0.6989073157310486
1.0,2.0,6,True,177424,5,"[[0, 1, 39, 32, 4, 41, 24, 6, 19, 12, 49, 0], [0, 15, 45, 11, 13, 17, 44, 29, 47, 21, 27, 0], [0, 25, 2, 28, 26, 23, 30, 14, 3, 16, 42, 0], [0, 37, 10, 35, 18, 34, 33, 5, 36, 20, 48, 0], [0, 40, 9, 31, 38, 50, 43, 8, 7, 22, 46, 0]]",1.9813199922318745,0.03238704789248181,0.9912284239835571,0.13820821729799113,0.39115940838072993,0.09696965415212788,0.7306722190455048,0.6681721184945784,0.6989073157310486
1.0,2.0,7,True,177548,5,"[[0, 21, 47, 29, 44, 17, 13, 37, 10, 27, 48, 0], [0, 35, 18, 34, 33, 50, 38, 31, 9, 3, 14, 0], [0, 39, 32, 4, 41, 24, 19, 6, 40, 12, 49, 0], [0, 30, 23, 26, 28, 2, 25, 11, 15, 16, 42, 0], [0, 1, 45, 46, 22, 43, 8, 7, 36, 5, 20, 0]]",2.0526008989654656,0.04088356806074872,0.9793107214209158,0.13820821729799113,0.3415483656241971,0.08560460733103839,0.7534259555118545,0.6910902998913684,0.6989073157310486
1.0,2.0,8,True,177424,5,"[[0, 27, 21, 47, 29, 44, 17, 13, 11, 45, 15, 0], [0, 1, 39, 32, 4, 41, 24, 6, 19, 12, 49, 0], [0, 48, 20, 36, 5, 33, 34, 18, 35, 10, 37, 0], [0, 25, 2, 28, 26, 23, 30, 14, 3, 16, 42, 0], [0, 46, 22, 7, 8, 43, 50, 38, 31, 9, 40, 0]]",2.2235410917892295,0.05241319138024535,0.9912284239835571,0.13820821729799113,0.3293557526007054,0.08469825118502909,0.7516824051639373,0.6986451888747568,0.6989073157310486
1.0,2.0,9,True,177437,5,"[[0, 48, 49, 12, 13, 17, 44, 29, 47, 21, 27, 0], [0, 40, 6, 19, 24, 41, 4, 32, 39, 45, 15, 0], [0, 1, 11, 46, 22, 43, 8, 7, 36, 5, 20, 0], [0, 42, 14, 3, 16, 25, 2, 28, 26, 23, 30, 0], [0, 9, 31, 38, 50, 33, 34, 18, 35, 10, 37, 0]]",2.096611834491341,0.0358748217811808,0.992237542377552,0.13820821729799113,0.3395503828713755,0.08717143420300205,0.7530089390395709,0.6980250119330578,0.6989073157310486
