beta,lambda_concentration,seed,is_feasible,pyvrp_cost,num_routes,routes,global_risk,global_cvar90,max_vehicle_risk,max_vehicle_cvar90,vehicle_risk_gini,risk_variance,edge_burden_gini_used,top10_burden_share,max_edge_burden
0.0,0.0,0,True,133997,5,"[[0, 14, 42, 41, 1, 45, 11, 15, 3, 16, 48, 0], [0, 18, 32, 4, 29, 19, 6, 24, 40, 20, 44, 0], [0, 27, 35, 5, 36, 28, 26, 23, 30, 12, 49, 0], [0, 46, 22, 7, 8, 43, 33, 34, 2, 25, 39, 0], [0, 17, 13, 10, 37, 50, 38, 31, 9, 47, 21, 0]]",8.536220089168637,0.14963334823886937,2.623564035340678,0.3325109723955393,0.17665320949175145,0.3006161025799983,0.8640644070209829,0.8822328894218701,1.0349829196929932
0.0,0.0,1,True,133997,5,"[[0, 17, 13, 10, 37, 50, 38, 31, 9, 47, 21, 0], [0, 18, 32, 4, 29, 6, 19, 24, 40, 20, 44, 0], [0, 14, 42, 41, 1, 11, 45, 15, 3, 16, 48, 0], [0, 46, 22, 7, 8, 43, 33, 34, 2, 25, 39, 0], [0, 27, 35, 5, 36, 28, 26, 23, 30, 12, 49, 0]]",8.536220089168637,0.14963334823886937,2.623564035340678,0.3325109723955393,0.17665320949175145,0.30061610257999827,0.8640644070209829,0.8822328894218701,1.0349829196929932
0.0,0.0,2,True,133998,5,"[[0, 16, 3, 15, 45, 11, 1, 41, 42, 14, 48, 0], [0, 25, 2, 34, 33, 43, 8, 7, 22, 46, 39, 0], [0, 38, 31, 9, 47, 21, 27, 23, 30, 49, 12, 0], [0, 26, 28, 36, 5, 35, 10, 37, 50, 13, 17, 0], [0, 44, 20, 40, 24, 6, 19, 29, 4, 32, 18, 0]]",10.65611528667796,0.3704247266197434,3.28239635162754,0.6107134148478508,0.23145890026030425,0.8095236698154589,0.8700043234945956,0.8932081485573488,1.0349829196929932
0.0,0.0,3,True,133997,5,"[[0, 39, 25, 2, 36, 28, 26, 23, 30, 49, 18, 0], [0, 44, 20, 40, 24, 19, 6, 4, 32, 29, 12, 0], [0, 17, 13, 10, 37, 50, 38, 31, 9, 47, 21, 0], [0, 46, 22, 7, 8, 43, 5, 34, 33, 35, 27, 0], [0, 14, 42, 41, 1, 11, 45, 15, 3, 16, 48, 0]]",10.299022528415662,0.17750400359983798,3.643049787322525,0.573507105310758,0.25341905544983256,0.8909469767158565,0.8851244630016042,0.9054467231694008,1.999999761581421
0.0,0.0,4,True,133997,5,"[[0, 48, 14, 42, 41, 1, 45, 11, 15, 3, 16, 0], [0, 44, 20, 40, 24, 19, 6, 4, 32, 29, 12, 0], [0, 25, 2, 34, 33, 43, 8, 7, 22, 46, 39, 0], [0, 27, 35, 5, 36, 28, 26, 23, 30, 18, 49, 0], [0, 17, 13, 10, 37, 50, 38, 31, 9, 47, 21, 0]]",9.876052938008797,0.1727919657275362,3.5031196108902805,0.6496164917945861,0.27586485900214774,0.9474348814514608,0.8862278669402579,0.902989711061732,1.999999761581421
0.0,0.0,5,True,133999,5,"[[0, 16, 3, 14, 42, 41, 1, 45, 39, 11, 15, 0], [0, 18, 32, 4, 29, 6, 19, 24, 40, 20, 44, 0], [0, 25, 2, 34, 33, 35, 10, 37, 50, 13, 17, 0], [0, 46, 22, 7, 8, 43, 5, 36, 28, 26, 12, 0], [0, 48, 38, 31, 9, 47, 21, 27, 23, 30, 49, 0]]",11.100860033460776,0.3856666234250252,2.623564035340678,0.3405124306678772,0.06828284508895721,0.07492169612068793,0.8659207307316632,0.8853186835619392,1.0349829196929932
0.0,0.0,6,True,133997,5,"[[0, 16, 3, 14, 42, 41, 1, 45, 11, 39, 48, 0], [0, 15, 46, 22, 7, 8, 43, 17, 13, 18, 49, 0], [0, 27, 35, 10, 37, 50, 38, 31, 9, 47, 21, 0], [0, 12, 29, 4, 32, 6, 19, 24, 40, 20, 44, 0], [0, 25, 2, 34, 33, 5, 36, 28, 26, 23, 30, 0]]",9.74727789471217,0.1731698730817208,2.439011459122412,0.3602607175707817,0.12949132785878592,0.21049066229074,0.8857984152176648,0.9033120323260186,1.999999761581421
0.0,0.0,7,True,133998,5,"[[0, 13, 17, 43, 33, 34, 5, 2, 25, 45, 11, 0], [0, 16, 1, 41, 42, 12, 49, 14, 3, 15, 48, 0], [0, 44, 20, 40, 24, 19, 6, 29, 4, 32, 18, 0], [0, 30, 23, 26, 28, 36, 8, 7, 22, 46, 39, 0], [0, 21, 47, 9, 31, 38, 50, 37, 10, 35, 27, 0]]",9.467358003064874,0.1619568307435623,2.8610840224282583,0.22227329455993391,0.19407037337861022,0.4835763261731083,0.868138109674284,0.8885983350006498,1.0349829196929932
0.0,0.0,8,True,133998,5,"[[0, 48, 14, 42, 41, 1, 45, 11, 15, 3, 16, 0], [0, 49, 18, 12, 29, 32, 4, 6, 19, 24, 40, 0], [0, 44, 20, 34, 33, 5, 36, 28, 26, 23, 30, 0], [0, 17, 13, 37, 10, 35, 22, 43, 8, 7, 46, 0], [0, 27, 21, 47, 9, 31, 38, 50, 2, 25, 39, 0]]",9.905458879031357,0.16399844675990088,3.2939953019085806,0.6101764634251594,0.19153311881759238,0.5538924549841384,0.883856937979983,0.8993600106820893,1.999999761581421
0.0,0.0,9,True,133997,5,"[[0, 48, 15, 45, 11, 1, 41, 42, 14, 3, 16, 0], [0, 27, 35, 5, 36, 28, 26, 23, 30, 12, 49, 0], [0, 21, 47, 9, 31, 38, 50, 37, 10, 13, 17, 0], [0, 25, 2, 34, 33, 43, 8, 7, 22, 46, 39, 0], [0, 44, 20, 40, 24, 6, 19, 29, 4, 32, 18, 0]]",8.094494153148844,0.14419004112920342,2.603298284346238,0.3325109723955393,0.2260190631362975,0.43547108769346554,0.86622993060338,0.8800663720237789,1.0349829196929932
1.0,0.0,0,True,154263,5,"[[0, 48, 36, 33, 34, 5, 50, 38, 31, 9, 39, 0], [0, 46, 22, 7, 8, 43, 17, 13, 14, 3, 15, 0], [0, 49, 12, 30, 23, 26, 28, 2, 25, 11, 45, 0], [0, 37, 10, 35, 18, 32, 4, 29, 47, 21, 27, 0], [0, 1, 41, 24, 19, 6, 40, 44, 20, 16, 42, 0]]",2.903737199390889,0.043351316558463235,1.0413095587136922,0.061324346012302806,0.2640314263622334,0.0783658356595758,0.7376737043089636,0.6947299435065271,0.5174914598464966
1.0,0.0,1,True,153825,5,"[[0, 46, 22, 43, 8, 7, 36, 31, 9, 40, 49, 0], [0, 12, 30, 23, 26, 28, 2, 25, 45, 11, 1, 0], [0, 41, 24, 19, 6, 32, 4, 29, 47, 21, 27, 0], [0, 48, 15, 3, 14, 42, 16, 20, 44, 17, 13, 0], [0, 37, 10, 35, 18, 34, 33, 5, 50, 38, 39, 0]]",2.8576199760573218,0.04280447328881341,1.2625967509811744,0.08313220968613258,0.32362535447939345,0.13694176810995234,0.751546745256066,0.7070631772370763,0.5174914598464966
1.0,0.0,2,True,153835,5,"[[0, 1, 45, 11, 25, 2, 28, 26, 23, 30, 12, 0], [0, 39, 38, 50, 5, 43, 8, 7, 22, 46, 48, 0], [0, 41, 24, 19, 6, 32, 4, 29, 47, 21, 27, 0], [0, 49, 13, 17, 44, 20, 16, 42, 14, 3, 15, 0], [0, 40, 9, 31, 36, 33, 34, 18, 35, 10, 37, 0]]",2.64699313500023,0.03920129042429229,1.2625967509811744,0.08313220968613258,0.37651366517489615,0.1536679183911475,0.7356456187514324,0.6865723702756732,0.5174914598464966
1.0,0.0,3,True,154208,5,"[[0, 39, 46, 22, 7, 8, 43, 17, 13, 49, 12, 0], [0, 1, 16, 45, 11, 25, 2, 28, 26, 23, 30, 0], [0, 14, 42, 41, 24, 6, 19, 40, 44, 20, 48, 0], [0, 15, 3, 9, 31, 38, 50, 5, 36, 33, 34, 0], [0, 37, 10, 35, 18, 32, 4, 29, 47, 21, 27, 0]]",2.891181149359909,0.043351316558463235,1.0164661368908128,0.06987840371827285,0.261545061190279,0.07418224371768851,0.7381486237112331,0.6930183444766619,0.5174914598464966
1.0,0.0,4,True,153899,5,"[[0, 42, 14, 3, 15, 16, 20, 44, 17, 13, 12, 0], [0, 27, 21, 47, 29, 4, 32, 6, 19, 24, 41, 0], [0, 45, 39, 9, 31, 38, 50, 5, 43, 8, 40, 0], [0, 37, 10, 35, 18, 34, 33, 36, 7, 22, 46, 0], [0, 1, 11, 25, 2, 28, 26, 23, 30, 49, 48, 0]]",2.6640162214898737,0.03886933689366798,1.2625967509811744,0.08313220968613258,0.37520872868800326,0.15279581786108198,0.7376431519279847,0.6860679606609031,0.5174914598464966
1.0,0.0,5,True,153823,5,"[[0, 49, 40, 9, 31, 36, 7, 8, 43, 22, 46, 0], [0, 37, 10, 35, 18, 34, 33, 5, 50, 38, 39, 0], [0, 30, 23, 26, 28, 2, 25, 11, 45, 1, 48, 0], [0, 27, 21, 47, 29, 4, 32, 6, 19, 24, 41, 0], [0, 42, 14, 3, 15, 16, 20, 44, 17, 13, 12, 0]]",2.8570900870399782,0.04280447328881341,1.2625967509811744,0.08313220968613258,0.32432485331561045,0.1370477944379673,0.7518347479154803,0.7071943124133472,0.5174914598464966
1.0,0.0,6,True,154255,5,"[[0, 12, 30, 23, 26, 28, 2, 25, 15, 3, 14, 0], [0, 49, 13, 17, 43, 8, 7, 22, 46, 45, 11, 0], [0, 1, 41, 24, 19, 6, 40, 44, 20, 16, 42, 0], [0, 39, 9, 31, 38, 50, 33, 34, 5, 36, 48, 0], [0, 37, 10, 35, 18, 32, 4, 29, 47, 21, 27, 0]]",2.9019869305338943,0.043351316558463235,1.0413095587136922,0.061324346012302806,0.26713212661491603,0.07880981302534219,0.7417367021819008,0.6985948692381383,0.5174914598464966
1.0,0.0,7,True,154208,5,"[[0, 27, 21, 47, 29, 4, 32, 18, 35, 10, 37, 0], [0, 48, 20, 44, 40, 19, 6, 24, 41, 42, 14, 0], [0, 49, 30, 23, 26, 28, 2, 25, 11, 16, 1, 0], [0, 34, 33, 36, 5, 50, 38, 31, 9, 3, 15, 0], [0, 39, 45, 46, 22, 7, 8, 43, 17, 13, 12, 0]]",3.00861026639177,0.04494562439620495,1.1344820050144335,0.07396981177421716,0.2831681749162387,0.09720298703744334,0.749116655665865,0.7056559471477045,0.5174914598464966
1.0,0.0,8,True,153825,5,"[[0, 12, 30, 23, 26, 28, 2, 25, 11, 45, 1, 0], [0, 41, 24, 19, 6, 32, 4, 29, 47, 21, 27, 0], [0, 15, 3, 14, 42, 16, 20, 44, 17, 13, 48, 0], [0, 46, 22, 43, 8, 7, 36, 31, 9, 40, 49, 0], [0, 37, 10, 35, 18, 34, 33, 5, 50, 38, 39, 0]]",2.8576199760573218,0.04280447328881341,1.2625967509811744,0.08313220968613258,0.32362535447939345,0.13694176810995234,0.751546745256066,0.7070631772370763,0.5174914598464966
1.0,0.0,9,True,154255,5,"[[0, 37, 10, 35, 18, 32, 4, 29, 47, 21, 27, 0], [0, 39, 9, 31, 38, 50, 5, 34, 33, 36, 48, 0], [0, 14, 3, 15, 45, 25, 2, 28, 26, 23, 30, 0], [0, 11, 46, 22, 7, 8, 43, 17, 13, 12, 49, 0], [0, 42, 16, 20, 44, 40, 6, 19, 24, 41, 1, 0]]",3.020002798657515,0.04494562439620495,1.159325426837313,0.06544050350785255,0.2872831087775405,0.10267313481410123,0.7537448267940152,0.706369267410996,0.5174914598464966
2.0,0.0,0,True,164068,5,"[[0, 48, 42, 14, 3, 15, 16, 20, 44, 17, 13, 0], [0, 1, 11, 25, 2, 28, 26, 23, 30, 12, 49, 0], [0, 6, 19, 24, 41, 32, 4, 29, 47, 21, 27, 0], [0, 39, 38, 50, 5, 33, 34, 18, 35, 10, 37, 0], [0, 40, 9, 31, 36, 7, 8, 43, 22, 46, 45, 0]]",2.3439299713791115,0.032915161068861686,0.7506660482904408,0.051151449978351596,0.2216014638894106,0.037652046247764095,0.7101925609479391,0.6508187083291391,0.25989383459091187
2.0,0.0,1,True,164861,5,"[[0, 1, 39, 38, 50, 33, 34, 18, 35, 10, 37, 0], [0, 42, 14, 3, 16, 20, 44, 17, 13, 12, 49, 0], [0, 40, 9, 31, 36, 7, 8, 43, 5, 22, 46, 0], [0, 6, 19, 24, 41, 32, 4, 29, 47, 21, 27, 0], [0, 30, 23, 26, 28, 2, 25, 11, 45, 15, 48, 0]]",2.5706176780950045,0.03732109356982013,0.7506660482904408,0.09344840198755264,0.19613799017653233,0.03495654762536932,0.7296345422572679,0.6771205658064962,0.4272420108318329
2.0,0.0,2,True,164068,5,"[[0, 40, 9, 31, 36, 7, 8, 43, 22, 46, 45, 0], [0, 37, 10, 35, 18, 34, 33, 5, 50, 38, 39, 0], [0, 48, 13, 17, 44, 20, 16, 15, 3, 14, 42, 0], [0, 1, 11, 25, 2, 28, 26, 23, 30, 12, 49, 0], [0, 6, 19, 24, 41, 32, 4, 29, 47, 21, 27, 0]]",2.3451593843492446,0.032915161068861686,0.7506660482904408,0.051151449978351596,0.2210659053689985,0.037493481994147336,0.7124587176416817,0.6532099698403763,0.25989383459091187
2.0,0.0,3,True,164068,5,"[[0, 46, 22, 43, 8, 7, 36, 31, 9, 40, 48, 0], [0, 39, 38, 50, 5, 33, 34, 18, 35, 10, 37, 0], [0, 1, 11, 45, 25, 2, 28, 26, 23, 30, 12, 0], [0, 6, 19, 24, 41, 32, 4, 29, 47, 21, 27, 0], [0, 42, 14, 3, 15, 16, 20, 44, 17, 13, 49, 0]]",2.3439299713791115,0.032915161068861686,0.7506660482904408,0.04693560550610224,0.21927698262635364,0.03744363878269004,0.7101925609479391,0.6508187083291391,0.25989383459091187
2.0,0.0,4,True,165745,5,"[[0, 48, 11, 45, 25, 2, 28, 26, 23, 30, 12, 0], [0, 13, 17, 44, 20, 5, 43, 8, 7, 22, 46, 0], [0, 14, 42, 16, 1, 41, 24, 19, 6, 40, 49, 0], [0, 27, 21, 47, 29, 4, 32, 18, 35, 10, 37, 0], [0, 39, 9, 31, 36, 34, 33, 50, 38, 3, 15, 0]]",2.6600298439880135,0.04105341871795447,0.9377987658808706,0.05700225867331028,0.28497955912565076,0.07239241656279931,0.7371035166194588,0.6895214635964676,0.5174914598464966
2.0,0.0,5,True,164068,5,"[[0, 40, 9, 31, 36, 7, 8, 43, 22, 46, 45, 0], [0, 6, 19, 24, 41, 32, 4, 29, 47, 21, 27, 0], [0, 1, 11, 25, 2, 28, 26, 23, 30, 12, 49, 0], [0, 42, 14, 3, 15, 16, 20, 44, 17, 13, 48, 0], [0, 39, 38, 50, 5, 33, 34, 18, 35, 10, 37, 0]]",2.3439299713791115,0.032915161068861686,0.7506660482904408,0.051151449978351596,0.2216014638894106,0.037652046247764095,0.7101925609479391,0.6508187083291391,0.25989383459091187
2.0,0.0,6,True,164226,5,"[[0, 46, 22, 7, 36, 33, 34, 18, 35, 10, 37, 0], [0, 30, 23, 26, 28, 2, 25, 11, 45, 39, 1, 0], [0, 40, 8, 43, 5, 50, 38, 31, 9, 3, 15, 0], [0, 48, 49, 12, 13, 17, 44, 20, 16, 42, 14, 0], [0, 6, 19, 24, 41, 32, 4, 29, 47, 21, 27, 0]]",2.574575109683792,0.0370275114035728,0.7506660482904408,0.08169626289357741,0.20721889558202555,0.039825582774400785,0.7300800754365027,0.6757984250524812,0.4272420108318329
2.0,0.0,7,True,164624,5,"[[0, 48, 20, 44, 17, 13, 37, 10, 40, 12, 49, 0], [0, 36, 50, 38, 31, 9, 2, 28, 26, 23, 30, 0], [0, 42, 14, 3, 15, 45, 25, 11, 39, 16, 1, 0], [0, 6, 19, 24, 41, 32, 4, 29, 47, 21, 27, 0], [0, 35, 18, 34, 33, 5, 43, 8, 7, 22, 46, 0]]",2.1203203095356002,0.0298704551325904,0.7506660482904408,0.04693560550610224,0.26065240217844377,0.039726172458565925,0.6879521657287746,0.6192584436846815,0.25989383459091187
2.0,0.0,8,True,164068,5,"[[0, 27, 21, 47, 29, 4, 32, 41, 24, 19, 6, 0], [0, 46, 22, 43, 8, 7, 36, 31, 9, 40, 48, 0], [0, 1, 45, 11, 25, 2, 28, 26, 23, 30, 12, 0], [0, 39, 38, 50, 5, 33, 34, 18, 35, 10, 37, 0], [0, 42, 14, 3, 15, 16, 20, 44, 17, 13, 49, 0]]",2.3439299713791115,0.032915161068861686,0.7506660482904408,0.04693560550610224,0.21927698262635364,0.03744363878269004,0.7101925609479391,0.6508187083291391,0.25989383459091187
2.0,0.0,9,True,164068,5,"[[0, 1, 45, 11, 25, 2, 28, 26, 23, 30, 49, 0], [0, 48, 40, 9, 31, 36, 7, 8, 43, 22, 46, 0], [0, 12, 13, 17, 44, 20, 16, 15, 3, 14, 42, 0], [0, 27, 21, 47, 29, 4, 32, 41, 24, 19, 6, 0], [0, 39, 38, 50, 5, 33, 34, 18, 35, 10, 37, 0]]",2.3439299713791115,0.032915161068861686,0.7506660482904408,0.04693560550610224,0.21908913202220726,0.03742270449360588,0.7101925609479391,0.6508187083291391,0.25989383459091187
