beta,lambda_concentration,seed,is_feasible,pyvrp_cost,num_routes,routes,global_risk,global_cvar90,max_vehicle_risk,max_vehicle_cvar90,vehicle_risk_gini,risk_variance,edge_burden_gini_used,top10_burden_share,max_edge_burden
0.0,0.0,0,True,133997,5,"[[0, 14, 42, 41, 1, 45, 11, 15, 3, 16, 48, 0], [0, 18, 32, 4, 29, 19, 6, 24, 40, 20, 44, 0], [0, 27, 35, 5, 36, 28, 26, 23, 30, 12, 49, 0], [0, 46, 22, 7, 8, 43, 33, 34, 2, 25, 39, 0], [0, 17, 13, 10, 37, 50, 38, 31, 9, 47, 21, 0]]",7.959077164038356,0.23818208903594681,2.117652923587697,0.32237036113035566,0.0879740616907172,0.0775396502211131,0.8675328883768723,0.8932574406152212,1.0624626681193443
0.0,0.0,1,True,133997,5,"[[0, 17, 13, 10, 37, 50, 38, 31, 9, 47, 21, 0], [0, 18, 32, 4, 29, 6, 19, 24, 40, 20, 44, 0], [0, 14, 42, 41, 1, 11, 45, 15, 3, 16, 48, 0], [0, 46, 22, 7, 8, 43, 33, 34, 2, 25, 39, 0], [0, 27, 35, 5, 36, 28, 26, 23, 30, 12, 49, 0]]",7.959077164038358,0.23818208903594684,2.117652923587697,0.32237036113035566,0.0879740616907172,0.0775396502211131,0.8675328883768723,0.8932574406152212,1.0624626681193443
0.0,0.0,2,True,133998,5,"[[0, 16, 3, 15, 45, 11, 1, 41, 42, 14, 48, 0], [0, 25, 2, 34, 33, 43, 8, 7, 22, 46, 39, 0], [0, 38, 31, 9, 47, 21, 27, 23, 30, 49, 12, 0], [0, 26, 28, 36, 5, 35, 10, 37, 50, 13, 17, 0], [0, 44, 20, 40, 24, 6, 19, 29, 4, 32, 18, 0]]",10.407874593865575,0.3538933836629799,2.9447709380638374,0.4858993099008514,0.1780712936119313,0.434616321753302,0.8722931823300322,0.9039650864755626,1.0624626681193443
0.0,0.0,3,True,133998,5,"[[0, 12, 49, 30, 23, 26, 28, 36, 5, 20, 44, 0], [0, 14, 42, 41, 1, 45, 11, 15, 3, 16, 48, 0], [0, 27, 35, 10, 37, 50, 38, 31, 9, 47, 21, 0], [0, 25, 2, 34, 33, 43, 8, 7, 22, 46, 39, 0], [0, 18, 32, 4, 29, 19, 6, 24, 40, 13, 17, 0]]",7.550525825306459,0.2249921055865279,2.186621879225575,0.24943732278160924,0.14861103335049997,0.17198210002790543,0.8695378148978188,0.8915190439044661,1.0624626681193443
0.0,0.0,4,True,133997,5,"[[0, 48, 14, 42, 41, 1, 45, 11, 15, 3, 16, 0], [0, 44, 20, 40, 24, 19, 6, 4, 32, 29, 12, 0], [0, 25, 2, 34, 33, 43, 8, 7, 22, 46, 39, 0], [0, 27, 35, 5, 36, 28, 26, 23, 30, 18, 49, 0], [0, 17, 13, 10, 37, 50, 38, 31, 9, 47, 21, 0]]",8.737144895515659,0.2560078088249197,3.132287962828961,0.5873718727104247,0.19606520718398746,0.5071184096589827,0.8831966822162365,0.9052271056275257,1.763216931999666
0.0,0.0,5,True,133999,5,"[[0, 16, 3, 14, 42, 41, 1, 45, 39, 11, 15, 0], [0, 18, 32, 4, 29, 6, 19, 24, 40, 20, 44, 0], [0, 25, 2, 34, 33, 35, 10, 37, 50, 13, 17, 0], [0, 46, 22, 7, 8, 43, 5, 36, 28, 26, 12, 0], [0, 48, 38, 31, 9, 47, 21, 27, 23, 30, 49, 0]]",10.28099642787207,0.34911883318563147,2.6156054770529913,0.42290709632338364,0.09487551797913985,0.12453484141974666,0.8697756075486851,0.8977530790034407,1.0624626681193443
0.0,0.0,6,True,133997,5,"[[0, 16, 3, 14, 42, 41, 1, 45, 11, 39, 48, 0], [0, 15, 46, 22, 7, 8, 43, 17, 13, 18, 49, 0], [0, 27, 35, 10, 37, 50, 38, 31, 9, 47, 21, 0], [0, 12, 29, 4, 32, 6, 19, 24, 40, 20, 44, 0], [0, 25, 2, 34, 33, 5, 36, 28, 26, 23, 30, 0]]",8.92228247962052,0.26227628704519085,2.1665761120406537,0.46895298147598796,0.12245607233290823,0.17093824730468254,0.8877258350542598,0.9121570008312789,1.763216931999666
0.0,0.0,7,True,133998,5,"[[0, 13, 17, 43, 33, 34, 5, 2, 25, 45, 11, 0], [0, 16, 1, 41, 42, 12, 49, 14, 3, 15, 48, 0], [0, 44, 20, 40, 24, 19, 6, 29, 4, 32, 18, 0], [0, 30, 23, 26, 28, 36, 8, 7, 22, 46, 39, 0], [0, 21, 47, 9, 31, 38, 50, 37, 10, 35, 27, 0]]",9.213061341427796,0.24768489642946576,2.68813959716677,0.39614262977862374,0.19784503235924045,0.4501743705417116,0.8690484044043385,0.8995235221946253,1.0624626681193443
0.0,0.0,8,True,133998,5,"[[0, 48, 14, 42, 41, 1, 45, 11, 15, 3, 16, 0], [0, 49, 18, 12, 29, 32, 4, 6, 19, 24, 40, 0], [0, 44, 20, 34, 33, 5, 36, 28, 26, 23, 30, 0], [0, 17, 13, 37, 10, 35, 22, 43, 8, 7, 46, 0], [0, 27, 21, 47, 9, 31, 38, 50, 2, 25, 39, 0]]",8.652748463292788,0.2996482070752056,2.5599940930775005,0.46079084166813133,0.1468046091933164,0.2239041000373621,0.8823396158961794,0.899367917525771,1.763216931999666
0.0,0.0,9,True,133997,5,"[[0, 48, 15, 45, 11, 1, 41, 42, 14, 3, 16, 0], [0, 27, 35, 5, 36, 28, 26, 23, 30, 12, 49, 0], [0, 21, 47, 9, 31, 38, 50, 37, 10, 13, 17, 0], [0, 25, 2, 34, 33, 43, 8, 7, 22, 46, 39, 0], [0, 44, 20, 40, 24, 6, 19, 29, 4, 32, 18, 0]]",8.009953737915438,0.25701736797710556,2.555669003843487,0.39614262977862374,0.1581726083352415,0.25295998191844793,0.8732764234706074,0.8983563584746483,1.0624626681193443
1.0,0.0,0,True,160437,5,"[[0, 27, 10, 37, 13, 17, 44, 20, 16, 1, 48, 0], [0, 49, 40, 5, 36, 7, 8, 43, 22, 46, 45, 0], [0, 15, 39, 11, 25, 2, 28, 26, 23, 30, 12, 0], [0, 35, 18, 34, 33, 50, 38, 31, 9, 3, 14, 0], [0, 21, 47, 29, 4, 32, 6, 19, 24, 41, 42, 0]]",3.5276024030195003,0.08162366805840779,1.1474854327290724,0.15078888716059557,0.2928758118966166,0.1365029909087552,0.8107319233101644,0.7912864073695571,0.8694689809079623
1.0,0.0,1,True,159982,5,"[[0, 27, 21, 47, 29, 4, 32, 6, 19, 24, 41, 0], [0, 12, 30, 23, 26, 28, 2, 25, 11, 45, 1, 0], [0, 40, 9, 31, 36, 7, 8, 43, 22, 46, 15, 0], [0, 39, 38, 50, 5, 33, 34, 18, 35, 10, 37, 0], [0, 48, 49, 13, 17, 44, 20, 16, 3, 14, 42, 0]]",3.437462203293408,0.07267642676178024,1.3858121998784658,0.169055405711149,0.3805453706611426,0.2262687751315256,0.810144750317146,0.7880497673707911,0.8694689809079623
1.0,0.0,2,True,160437,5,"[[0, 48, 27, 10, 37, 13, 17, 44, 20, 16, 42, 0], [0, 1, 41, 24, 19, 6, 32, 4, 29, 47, 21, 0], [0, 35, 18, 34, 33, 50, 38, 31, 9, 3, 14, 0], [0, 49, 40, 5, 36, 7, 8, 43, 22, 46, 45, 0], [0, 12, 30, 23, 26, 28, 2, 25, 11, 39, 15, 0]]",3.5274506865993507,0.08162366805840782,1.1281569457856184,0.15078888716059557,0.2885048491660509,0.13329098556085822,0.8108055963777814,0.7913204407697958,0.8694689809079623
1.0,0.0,3,True,160440,5,"[[0, 14, 3, 9, 31, 38, 50, 5, 36, 40, 49, 0], [0, 15, 11, 39, 25, 2, 28, 26, 23, 30, 12, 0], [0, 42, 41, 24, 19, 6, 32, 4, 29, 47, 21, 0], [0, 35, 18, 34, 33, 43, 8, 7, 22, 46, 45, 0], [0, 48, 1, 16, 20, 44, 17, 13, 37, 10, 27, 0]]",3.3541876950967993,0.0787002631958398,1.1477868564491303,0.15078888716059557,0.3326991390305123,0.16135308742343704,0.8035277637888782,0.7822525990319733,0.8694689809079623
1.0,0.0,4,True,159982,5,"[[0, 48, 42, 14, 3, 16, 20, 44, 17, 13, 49, 0], [0, 15, 46, 22, 43, 8, 7, 36, 31, 9, 40, 0], [0, 37, 10, 35, 18, 34, 33, 5, 50, 38, 39, 0], [0, 1, 11, 45, 25, 2, 28, 26, 23, 30, 12, 0], [0, 41, 24, 19, 6, 32, 4, 29, 47, 21, 27, 0]]",3.4377437431006324,0.07267642676178025,1.3858121998784663,0.16905540571114902,0.38051883245851714,0.22624820092629375,0.8119408995040003,0.7900236422273926,0.8694689809079623
1.0,0.0,5,True,159984,5,"[[0, 1, 45, 11, 25, 2, 28, 26, 23, 30, 12, 0], [0, 41, 24, 19, 6, 32, 4, 29, 47, 21, 27, 0], [0, 48, 42, 14, 3, 16, 20, 44, 17, 13, 49, 0], [0, 46, 22, 7, 8, 43, 5, 50, 38, 39, 15, 0], [0, 37, 10, 35, 18, 34, 33, 36, 31, 9, 40, 0]]",3.6131663217783685,0.0773945169180499,1.3858121998784663,0.16905540571114902,0.3377266243211585,0.20086461431260058,0.8185768468117713,0.7999820410503817,0.8694689809079623
1.0,0.0,6,True,160366,5,"[[0, 27, 21, 47, 29, 4, 32, 39, 45, 16, 1, 0], [0, 42, 41, 24, 6, 19, 20, 44, 17, 13, 49, 0], [0, 40, 9, 31, 36, 5, 43, 8, 7, 22, 46, 0], [0, 15, 11, 25, 2, 28, 26, 23, 30, 12, 48, 0], [0, 37, 10, 35, 18, 34, 33, 50, 38, 3, 14, 0]]",3.077373043281188,0.06679647374863323,1.0769838524317505,0.15078888716059557,0.3513198053286126,0.1597922264175494,0.7994594528132142,0.7683793627271143,0.8694689809079623
1.0,0.0,7,True,159985,5,"[[0, 1, 11, 45, 25, 2, 28, 26, 23, 30, 48, 0], [0, 49, 12, 13, 17, 44, 20, 16, 3, 14, 42, 0], [0, 41, 24, 19, 6, 32, 4, 29, 47, 21, 27, 0], [0, 37, 10, 35, 18, 34, 33, 36, 31, 9, 40, 0], [0, 46, 22, 7, 8, 43, 5, 50, 38, 39, 15, 0]]",3.61286489805831,0.07739451691804992,1.3858121998784663,0.16905540571114902,0.3378597347858756,0.2011292609511704,0.818722070633455,0.8000487840838458,0.8694689809079623
1.0,0.0,8,True,159982,5,"[[0, 15, 46, 22, 43, 8, 7, 36, 31, 9, 40, 0], [0, 48, 49, 13, 17, 44, 20, 16, 3, 14, 42, 0], [0, 41, 24, 19, 6, 32, 4, 29, 47, 21, 27, 0], [0, 1, 11, 45, 25, 2, 28, 26, 23, 30, 12, 0], [0, 37, 10, 35, 18, 34, 33, 5, 50, 38, 39, 0]]",3.4374423193805743,0.07267642676178025,1.3858121998784663,0.16905540571114902,0.38055219953536557,0.22627321399121855,0.8120929526200202,0.7900929181142435,0.8694689809079623
1.0,0.0,9,True,159982,5,"[[0, 1, 11, 45, 25, 2, 28, 26, 23, 30, 12, 0], [0, 27, 21, 47, 29, 4, 32, 6, 19, 24, 41, 0], [0, 48, 49, 13, 17, 44, 20, 16, 3, 14, 42, 0], [0, 15, 46, 22, 43, 8, 7, 36, 31, 9, 40, 0], [0, 39, 38, 50, 5, 33, 34, 18, 35, 10, 37, 0]]",3.437462203293408,0.07267642676178024,1.3858121998784658,0.169055405711149,0.3805453706611426,0.22626877513152555,0.810144750317146,0.7880497673707911,0.8694689809079623
