beta,lambda_concentration,seed,is_feasible,pyvrp_cost,num_routes,routes,global_risk,global_cvar90,max_vehicle_risk,max_vehicle_cvar90,vehicle_risk_gini,risk_variance,edge_burden_gini_used,top10_burden_share,max_edge_burden
0.0,0.0,0,True,133997,5,"[[0, 14, 42, 41, 1, 45, 11, 15, 3, 16, 48, 0], [0, 18, 32, 4, 29, 19, 6, 24, 40, 20, 44, 0], [0, 27, 35, 5, 36, 28, 26, 23, 30, 12, 49, 0], [0, 46, 22, 7, 8, 43, 33, 34, 2, 25, 39, 0], [0, 17, 13, 10, 37, 50, 38, 31, 9, 47, 21, 0]]",6.660630508988106,0.1994334841457506,2.2668516642879695,0.3470636795585354,0.17328527434124164,0.23669572239205575,0.8728624844283661,0.8943696375282364,0.9040157198905945
0.0,0.0,1,True,133997,5,"[[0, 17, 13, 10, 37, 50, 38, 31, 9, 47, 21, 0], [0, 18, 32, 4, 29, 6, 19, 24, 40, 20, 44, 0], [0, 14, 42, 41, 1, 11, 45, 15, 3, 16, 48, 0], [0, 46, 22, 7, 8, 43, 33, 34, 2, 25, 39, 0], [0, 27, 35, 5, 36, 28, 26, 23, 30, 12, 49, 0]]",6.660630508988106,0.1994334841457506,2.2668516642879695,0.3470636795585354,0.17328527434124164,0.23669572239205575,0.8728624844283661,0.8943696375282364,0.9040157198905945
0.0,0.0,2,True,133998,5,"[[0, 16, 3, 15, 45, 11, 1, 41, 42, 14, 48, 0], [0, 25, 2, 34, 33, 43, 8, 7, 22, 46, 39, 0], [0, 38, 31, 9, 47, 21, 27, 23, 30, 49, 12, 0], [0, 26, 28, 36, 5, 35, 10, 37, 50, 13, 17, 0], [0, 44, 20, 40, 24, 6, 19, 29, 4, 32, 18, 0]]",8.497965209673566,0.29874258316480196,2.470416798358201,0.4267653822898865,0.2535156509923602,0.6361109464907513,0.8761495917729643,0.8995215987346157,0.9040157198905945
1.0,0.0,0,True,157000,5,"[[0, 40, 9, 31, 36, 33, 34, 18, 35, 10, 37, 0], [0, 41, 24, 6, 19, 32, 4, 29, 47, 21, 27, 0], [0, 12, 30, 23, 26, 28, 2, 25, 11, 45, 48, 0], [0, 46, 22, 7, 8, 43, 5, 50, 38, 39, 1, 0], [0, 20, 44, 17, 13, 49, 14, 3, 15, 16, 42, 0]]",2.7251480313498178,0.055866575873407875,1.2468179704155773,0.1543252140815769,0.36388023618712406,0.14415562366221524,0.8060373421947553,0.7740330099460772,0.45203426480293274
1.0,0.0,1,True,156373,5,"[[0, 40, 9, 31, 36, 33, 34, 18, 35, 10, 37, 0], [0, 12, 49, 30, 23, 26, 28, 2, 25, 16, 1, 0], [0, 11, 45, 39, 32, 4, 29, 47, 21, 27, 48, 0], [0, 13, 17, 19, 6, 24, 41, 42, 14, 3, 15, 0], [0, 46, 22, 7, 8, 43, 5, 50, 38, 44, 20, 0]]",2.619707349105738,0.05388052597347843,0.8755247059161775,0.15204805620014666,0.2844797951581386,0.06972106726997863,0.8084183192726049,0.7770974919575299,0.45200785994529724
1.0,0.0,2,True,156373,5,"[[0, 13, 17, 19, 6, 24, 41, 42, 14, 3, 15, 0], [0, 48, 27, 21, 47, 29, 4, 32, 39, 45, 11, 0], [0, 20, 44, 38, 50, 5, 43, 8, 7, 22, 46, 0], [0, 40, 9, 31, 36, 33, 34, 18, 35, 10, 37, 0], [0, 49, 12, 30, 23, 26, 28, 2, 25, 16, 1, 0]]",2.1777303743874654,0.04338015245928152,0.7417191704153083,0.07447294646408409,0.2526696114711804,0.03881937263858069,0.7807608966484016,0.7356067327704158,0.45200785994529724
