beta,lambda_concentration,seed,is_feasible,pyvrp_cost,num_routes,routes,global_risk,global_cvar90,max_vehicle_risk,max_vehicle_cvar90,vehicle_risk_gini,risk_variance,edge_burden_gini_used,top10_burden_share,max_edge_burden
0.0,0.0,0,True,133997,5,"[[0, 14, 42, 41, 1, 45, 11, 15, 3, 16, 48, 0], [0, 18, 32, 4, 29, 19, 6, 24, 40, 20, 44, 0], [0, 27, 35, 5, 36, 28, 26, 23, 30, 12, 49, 0], [0, 46, 22, 7, 8, 43, 33, 34, 2, 25, 39, 0], [0, 17, 13, 10, 37, 50, 38, 31, 9, 47, 21, 0]]",11.301898406003602,0.2558959859423339,3.0412278610747308,0.37372359074652195,0.1089626925448215,0.20344154431922953,0.8526286286526001,0.8932870459584709,1.3868564367294312
0.0,0.0,1,True,133998,5,"[[0, 27, 35, 10, 37, 50, 38, 31, 9, 47, 21, 0], [0, 39, 25, 2, 36, 28, 26, 23, 30, 13, 17, 0], [0, 16, 3, 14, 42, 41, 1, 45, 11, 15, 48, 0], [0, 46, 22, 7, 8, 43, 5, 34, 33, 20, 44, 0], [0, 12, 29, 32, 4, 6, 19, 24, 40, 18, 49, 0]]",13.509843888459727,0.29666081523256643,3.424703943543136,0.583764111995697,0.1489406907633437,0.5927990288693797,0.8677791733526299,0.9119094450395393,1.999999761581421
0.0,0.0,2,True,133998,5,"[[0, 16, 3, 15, 45, 11, 1, 41, 42, 14, 48, 0], [0, 25, 2, 34, 33, 43, 8, 7, 22, 46, 39, 0], [0, 38, 31, 9, 47, 21, 27, 23, 30, 49, 12, 0], [0, 26, 28, 36, 5, 35, 10, 37, 50, 13, 17, 0], [0, 44, 20, 40, 24, 6, 19, 29, 4, 32, 18, 0]]",13.542128552100621,0.4707789868116379,3.4747075168415904,0.5695125818252563,0.1528684954924575,0.5913177106563496,0.8549158597802407,0.880337952662171,1.3868564367294312
0.0,0.0,3,True,133998,5,"[[0, 12, 49, 30, 23, 26, 28, 36, 5, 20, 44, 0], [0, 14, 42, 41, 1, 45, 11, 15, 3, 16, 48, 0], [0, 27, 35, 10, 37, 50, 38, 31, 9, 47, 21, 0], [0, 25, 2, 34, 33, 43, 8, 7, 22, 46, 39, 0], [0, 18, 32, 4, 29, 19, 6, 24, 40, 13, 17, 0]]",10.584014008403756,0.2382057761773467,2.6398354242555797,0.2700620450079441,0.12289641016590491,0.24147032924994027,0.8529522932916771,0.8889095424765131,1.3868564367294312
0.0,0.0,4,True,133997,5,"[[0, 48, 14, 42, 41, 1, 45, 11, 15, 3, 16, 0], [0, 44, 20, 40, 24, 19, 6, 4, 32, 29, 12, 0], [0, 25, 2, 34, 33, 43, 8, 7, 22, 46, 39, 0], [0, 27, 35, 5, 36, 28, 26, 23, 30, 18, 49, 0], [0, 17, 13, 10, 37, 50, 38, 31, 9, 47, 21, 0]]",12.126998965977691,0.27006428620619016,3.6876163368579,0.6780763089656829,0.15753210194567702,0.5089604592058583,0.8666270937686378,0.9023366595526393,1.999999761581421
0.0,0.0,5,True,133999,5,"[[0, 16, 3, 14, 42, 41, 1, 45, 39, 11, 15, 0], [0, 18, 32, 4, 29, 6, 19, 24, 40, 20, 44, 0], [0, 25, 2, 34, 33, 35, 10, 37, 50, 13, 17, 0], [0, 46, 22, 7, 8, 43, 5, 36, 28, 26, 12, 0], [0, 48, 38, 31, 9, 47, 21, 27, 23, 30, 49, 0]]",13.975660420255736,0.48702117284903157,3.3270240675192326,0.4613730549812317,0.09916262390041042,0.26193984412619786,0.8537209646446859,0.8748490126329427,1.3868564367294312
0.0,0.0,6,True,133997,5,"[[0, 16, 3, 14, 42, 41, 1, 45, 11, 39, 48, 0], [0, 15, 46, 22, 7, 8, 43, 17, 13, 18, 49, 0], [0, 27, 35, 10, 37, 50, 38, 31, 9, 47, 21, 0], [0, 12, 29, 4, 32, 6, 19, 24, 40, 20, 44, 0], [0, 25, 2, 34, 33, 5, 36, 28, 26, 23, 30, 0]]",12.294442227110267,0.2744461041307304,3.228365667629987,0.5808258503675461,0.11768889208255251,0.3127994848604181,0.8711385750276486,0.9079135161379601,1.999999761581421
0.0,0.0,7,True,133998,5,"[[0, 13, 17, 43, 33, 34, 5, 2, 25, 45, 11, 0], [0, 16, 1, 41, 42, 12, 49, 14, 3, 15, 48, 0], [0, 44, 20, 40, 24, 19, 6, 29, 4, 32, 18, 0], [0, 30, 23, 26, 28, 36, 8, 7, 22, 46, 39, 0], [0, 21, 47, 9, 31, 38, 50, 37, 10, 35, 27, 0]]",12.625722552184016,0.26381946714933624,3.7244108277373016,0.48785314708948135,0.1828159293985916,0.673647961589122,0.8526951043952877,0.8845658346056822,1.3868564367294312
0.0,0.0,8,True,133998,5,"[[0, 48, 14, 42, 41, 1, 45, 11, 15, 3, 16, 0], [0, 49, 18, 12, 29, 32, 4, 6, 19, 24, 40, 0], [0, 44, 20, 34, 33, 5, 36, 28, 26, 23, 30, 0], [0, 17, 13, 37, 10, 35, 22, 43, 8, 7, 46, 0], [0, 27, 21, 47, 9, 31, 38, 50, 2, 25, 39, 0]]",12.126164746587165,0.251879628366706,3.252185434103012,0.583764111995697,0.11444080173467985,0.2882283044309388,0.8656503533913515,0.8982810212476029,1.999999761581421
0.0,0.0,9,True,133997,5,"[[0, 48, 15, 45, 11, 1, 41, 42, 14, 3, 16, 0], [0, 27, 35, 5, 36, 28, 26, 23, 30, 12, 49, 0], [0, 21, 47, 9, 31, 38, 50, 37, 10, 13, 17, 0], [0, 25, 2, 34, 33, 43, 8, 7, 22, 46, 39, 0], [0, 44, 20, 40, 24, 6, 19, 29, 4, 32, 18, 0]]",10.595155461225659,0.25080561549647856,3.0879553062841296,0.37372359074652195,0.1359561996174481,0.2912789424578618,0.8546383169552842,0.8900873069407069,1.3868564367294312
1.5,1.0,0,True,187173,5,"[[0, 20, 36, 5, 33, 34, 18, 35, 10, 37, 49, 0], [0, 46, 22, 7, 8, 43, 50, 38, 31, 9, 40, 0], [0, 12, 19, 6, 24, 41, 4, 29, 44, 17, 13, 0], [0, 27, 21, 47, 32, 39, 11, 45, 25, 1, 42, 0], [0, 48, 2, 28, 26, 23, 30, 14, 3, 16, 15, 0]]",4.035099690780044,0.07741794261980701,1.2649775135796517,0.1326191619038582,0.29563031744268686,0.19214797351666796,0.7428481639097888,0.7192667456284128,0.9572955369949341
1.5,1.0,1,True,188089,5,"[[0, 46, 22, 7, 8, 43, 50, 38, 31, 9, 40, 0], [0, 48, 20, 36, 5, 33, 34, 18, 35, 10, 37, 0], [0, 19, 6, 24, 41, 4, 29, 44, 17, 13, 49, 0], [0, 27, 21, 47, 32, 39, 11, 45, 16, 3, 14, 0], [0, 12, 30, 23, 26, 28, 2, 42, 1, 25, 15, 0]]",4.038633585325442,0.07396061221758525,1.887293011881411,0.16039794646203517,0.38314208602655997,0.34676194203261207,0.7475026449379234,0.7235895410380614,0.9572955369949341
1.5,1.0,2,True,187173,5,"[[0, 15, 16, 3, 14, 30, 23, 26, 28, 2, 48, 0], [0, 20, 36, 5, 33, 34, 18, 35, 10, 37, 49, 0], [0, 46, 22, 7, 8, 43, 50, 38, 31, 9, 40, 0], [0, 42, 1, 25, 45, 11, 39, 32, 47, 21, 27, 0], [0, 12, 19, 6, 24, 41, 4, 29, 44, 17, 13, 0]]",4.035099690780044,0.07741794261980701,1.2649775135796517,0.1326191619038582,0.29563031744268686,0.19214797351666796,0.7428481639097888,0.7192667456284128,0.9572955369949341
1.5,1.0,3,True,187194,5,"[[0, 48, 2, 28, 26, 23, 30, 14, 3, 16, 15, 0], [0, 40, 9, 31, 38, 50, 43, 8, 7, 22, 46, 0], [0, 19, 6, 24, 41, 4, 29, 44, 17, 13, 49, 0], [0, 42, 1, 25, 45, 11, 39, 32, 47, 21, 27, 0], [0, 20, 36, 5, 33, 34, 18, 35, 10, 37, 12, 0]]",3.4177500219084322,0.059509685949275366,1.2649775135796517,0.1280090669170022,0.3588733644761215,0.22737203580897686,0.7053432182231909,0.6727283146148211,0.9572955369949341
1.5,1.0,4,True,188103,5,"[[0, 48, 13, 17, 44, 29, 4, 41, 24, 6, 19, 0], [0, 27, 21, 47, 32, 39, 45, 11, 16, 3, 14, 0], [0, 40, 9, 31, 38, 50, 43, 8, 7, 22, 46, 0], [0, 20, 36, 5, 33, 34, 18, 35, 10, 37, 49, 0], [0, 1, 42, 2, 28, 26, 23, 30, 12, 25, 15, 0]]",3.435818067402579,0.059509685949275366,1.887293011881411,0.16039794646203517,0.42991196555290423,0.38078334349611337,0.7003111227949301,0.6673852529006293,0.9572955369949341
1.5,1.0,5,True,187377,5,"[[0, 49, 37, 10, 35, 18, 34, 33, 5, 36, 20, 0], [0, 27, 21, 47, 32, 39, 11, 45, 25, 15, 48, 0], [0, 46, 22, 7, 8, 43, 50, 38, 31, 9, 40, 0], [0, 12, 19, 6, 24, 41, 4, 29, 44, 17, 13, 0], [0, 30, 23, 26, 28, 2, 42, 1, 16, 3, 14, 0]]",4.033658138359897,0.07741794261980701,1.8741877138381824,0.19799743313342333,0.381998828196642,0.34143786577175944,0.7491627522969606,0.7244820761173285,0.9572955369949341
1.5,1.0,6,True,187173,5,"[[0, 20, 5, 36, 33, 34, 18, 35, 10, 37, 49, 0], [0, 12, 19, 6, 24, 41, 4, 29, 44, 17, 13, 0], [0, 27, 21, 47, 32, 39, 11, 45, 25, 1, 42, 0], [0, 48, 2, 28, 26, 23, 30, 14, 3, 16, 15, 0], [0, 46, 22, 7, 8, 43, 50, 38, 31, 9, 40, 0]]",4.035099690780044,0.07741794261980701,1.2649775135796517,0.1326191619038582,0.29563031744268686,0.19214797351666799,0.7428481639097888,0.7192667456284128,0.9572955369949341
1.5,1.0,7,True,187377,5,"[[0, 30, 23, 26, 28, 2, 42, 1, 16, 3, 14, 0], [0, 27, 21, 47, 32, 39, 11, 45, 25, 15, 48, 0], [0, 12, 19, 6, 24, 41, 4, 29, 44, 17, 13, 0], [0, 49, 37, 10, 35, 18, 34, 33, 36, 5, 20, 0], [0, 40, 9, 31, 38, 50, 43, 8, 7, 22, 46, 0]]",3.416793286683969,0.062260224069986075,1.8741877138381824,0.19799743313342333,0.4311181722554598,0.37661914357194565,0.7104909821018883,0.6769547102545908,0.9572955369949341
1.5,1.0,8,True,187173,5,"[[0, 40, 9, 31, 38, 50, 43, 8, 7, 22, 46, 0], [0, 27, 21, 47, 32, 39, 11, 45, 25, 1, 42, 0], [0, 49, 37, 10, 35, 18, 34, 33, 36, 5, 20, 0], [0, 12, 19, 6, 24, 41, 4, 29, 44, 17, 13, 0], [0, 48, 2, 28, 26, 23, 30, 14, 3, 16, 15, 0]]",3.4162920031230897,0.062260224069986075,1.2649775135796517,0.1280090669170022,0.3597927466617281,0.22776510633565392,0.706333593433236,0.6730154242996031,0.9572955369949341
1.5,1.0,9,True,187377,5,"[[0, 20, 36, 5, 33, 34, 18, 35, 10, 37, 49, 0], [0, 46, 22, 7, 8, 43, 50, 38, 31, 9, 40, 0], [0, 12, 19, 6, 24, 41, 4, 29, 44, 17, 13, 0], [0, 27, 21, 47, 32, 39, 11, 45, 25, 15, 48, 0], [0, 30, 23, 26, 28, 2, 42, 1, 16, 3, 14, 0]]",4.035600974340923,0.07741794261980701,1.8741877138381824,0.19799743313342333,0.38142978535332017,0.34097719490326633,0.7464118320316777,0.7225962474457904,0.9572955369949341
2.0,1.0,0,True,195404,5,"[[0, 48, 2, 28, 26, 23, 30, 14, 3, 16, 15, 0], [0, 27, 21, 47, 32, 39, 45, 11, 25, 1, 42, 0], [0, 20, 5, 36, 33, 34, 18, 35, 10, 37, 49, 0], [0, 12, 19, 6, 24, 41, 4, 29, 44, 17, 13, 0], [0, 40, 9, 31, 38, 50, 43, 8, 7, 22, 46, 0]]",3.418234839104116,0.062260224069986075,1.2649775135796517,0.1280090669170022,0.3591335505605795,0.22740039075844107,0.703054385378109,0.6708182491156732,0.9572955369949341
2.0,1.0,1,True,195404,5,"[[0, 49, 37, 10, 35, 18, 34, 33, 36, 5, 20, 0], [0, 27, 21, 47, 32, 39, 11, 45, 25, 1, 42, 0], [0, 12, 19, 6, 24, 41, 4, 29, 44, 17, 13, 0], [0, 40, 9, 31, 38, 50, 43, 8, 7, 22, 46, 0], [0, 48, 2, 28, 26, 23, 30, 14, 3, 16, 15, 0]]",3.4162920031230897,0.062260224069986075,1.2649775135796517,0.1280090669170022,0.3597927466617281,0.22776510633565392,0.706333593433236,0.6730154242996031,0.9572955369949341
2.0,1.0,2,True,195404,5,"[[0, 12, 19, 6, 24, 41, 4, 29, 44, 17, 13, 0], [0, 46, 22, 7, 8, 43, 50, 38, 31, 9, 40, 0], [0, 49, 37, 10, 35, 18, 34, 33, 36, 5, 20, 0], [0, 27, 21, 47, 32, 39, 45, 11, 25, 1, 42, 0], [0, 48, 2, 28, 26, 23, 30, 14, 3, 16, 15, 0]]",4.033156854799017,0.07741794261980701,1.2649775135796517,0.1326191619038582,0.2961581000406035,0.19260856647222213,0.745631420785803,0.7211334846287125,0.9572955369949341
2.0,1.0,3,True,195404,5,"[[0, 15, 16, 3, 14, 30, 23, 26, 28, 2, 48, 0], [0, 27, 21, 47, 32, 39, 11, 45, 25, 1, 42, 0], [0, 20, 5, 36, 33, 34, 18, 35, 10, 37, 49, 0], [0, 12, 19, 6, 24, 41, 4, 29, 44, 17, 13, 0], [0, 46, 22, 7, 8, 43, 50, 38, 31, 9, 40, 0]]",4.035099690780044,0.07741794261980701,1.2649775135796517,0.1326191619038582,0.29563031744268686,0.19214797351666796,0.7428481639097888,0.7192667456284128,0.9572955369949341
2.0,1.0,4,True,195404,5,"[[0, 20, 5, 36, 33, 34, 18, 35, 10, 37, 49, 0], [0, 15, 16, 3, 14, 30, 23, 26, 28, 2, 48, 0], [0, 42, 1, 25, 11, 45, 39, 32, 47, 21, 27, 0], [0, 40, 9, 31, 38, 50, 43, 8, 7, 22, 46, 0], [0, 12, 19, 6, 24, 41, 4, 29, 44, 17, 13, 0]]",3.418234839104116,0.062260224069986075,1.2649775135796517,0.1280090669170022,0.3591335505605795,0.22740039075844107,0.703054385378109,0.6708182491156732,0.9572955369949341
2.0,1.0,5,True,195404,5,"[[0, 49, 37, 10, 35, 18, 34, 33, 36, 5, 20, 0], [0, 40, 9, 31, 38, 50, 43, 8, 7, 22, 46, 0], [0, 42, 1, 25, 11, 45, 39, 32, 47, 21, 27, 0], [0, 15, 16, 3, 14, 30, 23, 26, 28, 2, 48, 0], [0, 13, 17, 44, 29, 4, 41, 24, 6, 19, 12, 0]]",3.4298565196804702,0.059509685949275366,1.2649775135796517,0.1280090669170022,0.35836982571990017,0.22615343381592404,0.7045372923594406,0.6721414241869851,0.9572955369949341
2.0,1.0,6,True,195455,5,"[[0, 20, 5, 36, 33, 34, 18, 35, 10, 37, 49, 0], [0, 13, 17, 44, 29, 4, 41, 24, 6, 19, 12, 0], [0, 14, 3, 16, 1, 42, 2, 28, 26, 23, 30, 0], [0, 27, 21, 47, 32, 39, 45, 11, 25, 15, 48, 0], [0, 46, 22, 7, 8, 43, 50, 38, 31, 9, 40, 0]]",4.049165490898304,0.07396061221758525,1.8741877138381824,0.19799743313342333,0.37881203182220835,0.3386934722399989,0.744714958070841,0.7217074799721823,0.9572955369949341
2.0,1.0,7,True,195455,5,"[[0, 30, 23, 26, 28, 2, 42, 1, 16, 3, 14, 0], [0, 48, 27, 21, 47, 32, 39, 45, 11, 25, 15, 0], [0, 12, 19, 6, 24, 41, 4, 29, 44, 17, 13, 0], [0, 20, 5, 36, 33, 34, 18, 35, 10, 37, 49, 0], [0, 46, 22, 7, 8, 43, 50, 38, 31, 9, 40, 0]]",4.035600974340923,0.07741794261980701,1.8741877138381824,0.19799743313342333,0.38142978535332017,0.3409771949032662,0.7464118320316777,0.7225962474457904,0.9572955369949341
2.0,1.0,8,True,195404,5,"[[0, 13, 17, 44, 29, 4, 41, 24, 6, 19, 12, 0], [0, 46, 22, 7, 8, 43, 50, 38, 31, 9, 40, 0], [0, 48, 2, 28, 26, 23, 30, 14, 3, 16, 15, 0], [0, 20, 5, 36, 33, 34, 18, 35, 10, 37, 49, 0], [0, 27, 21, 47, 32, 39, 11, 45, 25, 1, 42, 0]]",4.048664207337424,0.07396061221758525,1.2649775135796517,0.1326191619038582,0.29329969962022906,0.1898647948269335,0.7410264661471109,0.7183713708547133,0.9572955369949341
2.0,1.0,9,True,195404,5,"[[0, 46, 22, 7, 8, 43, 50, 38, 31, 9, 40, 0], [0, 42, 1, 25, 11, 45, 39, 32, 47, 21, 27, 0], [0, 49, 37, 10, 35, 18, 34, 33, 36, 5, 20, 0], [0, 15, 16, 3, 14, 30, 23, 26, 28, 2, 48, 0], [0, 12, 19, 6, 24, 41, 4, 29, 44, 17, 13, 0]]",4.033156854799017,0.07741794261980701,1.2649775135796517,0.1326191619038582,0.2961581000406035,0.19260856647222213,0.745631420785803,0.7211334846287125,0.9572955369949341
