beta,lambda_concentration,seed,is_feasible,pyvrp_cost,num_routes,routes,global_risk,global_cvar90,max_vehicle_risk,max_vehicle_cvar90,vehicle_risk_gini,risk_variance,edge_burden_gini_used,top10_burden_share,max_edge_burden
0.0,0.0,0,True,133997,5,"[[0, 14, 42, 41, 1, 45, 11, 15, 3, 16, 48, 0], [0, 18, 32, 4, 29, 19, 6, 24, 40, 20, 44, 0], [0, 27, 35, 5, 36, 28, 26, 23, 30, 12, 49, 0], [0, 46, 22, 7, 8, 43, 33, 34, 2, 25, 39, 0], [0, 17, 13, 10, 37, 50, 38, 31, 9, 47, 21, 0]]",4.227034531999379,0.11767837233268298,1.2057875022292137,0.1637051448536416,0.16156137376363544,0.07271835434020443,0.6857741167444305,0.7197583865984276,0.34982848167419434
0.0,0.0,1,True,133997,5,"[[0, 17, 13, 10, 37, 50, 38, 31, 9, 47, 21, 0], [0, 18, 32, 4, 29, 6, 19, 24, 40, 20, 44, 0], [0, 14, 42, 41, 1, 11, 45, 15, 3, 16, 48, 0], [0, 46, 22, 7, 8, 43, 33, 34, 2, 25, 39, 0], [0, 27, 35, 5, 36, 28, 26, 23, 30, 12, 49, 0]]",4.227034531999379,0.11767837233268298,1.2057875022292137,0.1637051448536416,0.16156137376363544,0.07271835434020443,0.6857741167444305,0.7197583865984276,0.34982848167419434
0.0,0.0,2,True,133998,5,"[[0, 16, 3, 15, 45, 11, 1, 41, 42, 14, 48, 0], [0, 25, 2, 34, 33, 43, 8, 7, 22, 46, 39, 0], [0, 38, 31, 9, 47, 21, 27, 23, 30, 49, 12, 0], [0, 26, 28, 36, 5, 35, 10, 37, 50, 13, 17, 0], [0, 44, 20, 40, 24, 6, 19, 29, 4, 32, 18, 0]]",4.664970735087991,0.13061587713085687,1.3424843666143715,0.14930607083564004,0.1742230261116382,0.08595923511190924,0.6956429384270049,0.6890480533211636,0.34982848167419434
1.0,0.0,0,True,168769,5,"[[0, 45, 39, 32, 29, 4, 19, 6, 24, 41, 42, 0], [0, 15, 46, 22, 7, 8, 43, 50, 38, 3, 14, 0], [0, 49, 12, 18, 35, 10, 37, 13, 17, 44, 20, 0], [0, 1, 16, 11, 25, 2, 28, 26, 23, 30, 48, 0], [0, 27, 21, 47, 9, 31, 36, 5, 33, 34, 40, 0]]",2.8930083294399083,0.04750346840434783,0.912090350408107,0.07784536853432655,0.15486998907003402,0.031249898732630906,0.5907534401276529,0.6001914160799973,0.31663867831230164
1.0,0.0,1,True,168039,5,"[[0, 49, 40, 30, 23, 26, 28, 2, 25, 11, 15, 0], [0, 48, 20, 44, 17, 13, 12, 14, 3, 16, 1, 0], [0, 35, 10, 37, 50, 38, 31, 9, 47, 21, 27, 0], [0, 18, 34, 33, 5, 36, 7, 8, 43, 22, 46, 0], [0, 45, 39, 32, 29, 4, 19, 6, 24, 41, 42, 0]]",2.8023710548877716,0.04519276950206306,0.912090350408107,0.07784536853432655,0.16457664154889717,0.034780755677807265,0.5794504367068742,0.5872920234577912,0.31663867831230164
1.0,0.0,2,True,168039,5,"[[0, 42, 41, 24, 6, 19, 4, 29, 32, 39, 45, 0], [0, 46, 22, 43, 8, 7, 36, 5, 33, 34, 18, 0], [0, 15, 11, 25, 2, 28, 26, 23, 30, 40, 12, 0], [0, 48, 20, 44, 17, 13, 49, 14, 3, 16, 1, 0], [0, 35, 10, 37, 50, 38, 31, 9, 47, 21, 27, 0]]",2.8023710548877716,0.04519276950206306,0.912090350408107,0.07784536853432655,0.1645766586973203,0.03478075708149387,0.5794504367068742,0.5872920234577912,0.31663867831230164
