beta,lambda_concentration,seed,is_feasible,pyvrp_cost,num_routes,routes,global_risk,global_cvar90,max_vehicle_risk,max_vehicle_cvar90,vehicle_risk_gini,risk_variance,edge_burden_gini_used,top10_burden_share,max_edge_burden
0.0,0.0,0,True,133997,5,"[[0, 14, 42, 41, 1, 45, 11, 15, 3, 16, 48, 0], [0, 18, 32, 4, 29, 19, 6, 24, 40, 20, 44, 0], [0, 27, 35, 5, 36, 28, 26, 23, 30, 12, 49, 0], [0, 46, 22, 7, 8, 43, 33, 34, 2, 25, 39, 0], [0, 17, 13, 10, 37, 50, 38, 31, 9, 47, 21, 0]]",8.031827110069571,0.2762169954725183,2.365506660542451,0.3656887939820687,0.12533058826276844,0.16143116971092214,0.8609607763365021,0.8939020529563383,0.9047213792800903
0.0,0.0,1,True,133997,5,"[[0, 17, 13, 10, 37, 50, 38, 31, 9, 47, 21, 0], [0, 18, 32, 4, 29, 6, 19, 24, 40, 20, 44, 0], [0, 14, 42, 41, 1, 11, 45, 15, 3, 16, 48, 0], [0, 46, 22, 7, 8, 43, 33, 34, 2, 25, 39, 0], [0, 27, 35, 5, 36, 28, 26, 23, 30, 12, 49, 0]]",8.031827110069571,0.2762169954725183,2.365506660542451,0.3656887939820687,0.12533058826276844,0.16143116971092214,0.8609607763365021,0.8939020529563383,0.9047213792800903
0.0,0.0,2,True,133998,5,"[[0, 16, 3, 15, 45, 11, 1, 41, 42, 14, 48, 0], [0, 25, 2, 34, 33, 43, 8, 7, 22, 46, 39, 0], [0, 38, 31, 9, 47, 21, 27, 23, 30, 49, 12, 0], [0, 26, 28, 36, 5, 35, 10, 37, 50, 13, 17, 0], [0, 44, 20, 40, 24, 6, 19, 29, 4, 32, 18, 0]]",9.673095931735588,0.33794392301486087,2.5311285805655643,0.4871383458375931,0.14674420286624068,0.27173230456485536,0.8625064094935468,0.8847389122816,0.9047213792800903
0.0,0.0,3,True,133998,5,"[[0, 12, 49, 30, 23, 26, 28, 36, 5, 20, 44, 0], [0, 14, 42, 41, 1, 45, 11, 15, 3, 16, 48, 0], [0, 27, 35, 10, 37, 50, 38, 31, 9, 47, 21, 0], [0, 25, 2, 34, 33, 43, 8, 7, 22, 46, 39, 0], [0, 18, 32, 4, 29, 19, 6, 24, 40, 13, 17, 0]]",7.5784007579495665,0.2058769945958347,2.1766577231464908,0.25154402991756797,0.15898787047805363,0.19642102050607116,0.8619400741651082,0.8904923915340109,0.9047213792800903
0.0,0.0,4,True,133997,5,"[[0, 48, 14, 42, 41, 1, 45, 11, 15, 3, 16, 0], [0, 44, 20, 40, 24, 19, 6, 4, 32, 29, 12, 0], [0, 25, 2, 34, 33, 43, 8, 7, 22, 46, 39, 0], [0, 27, 35, 5, 36, 28, 26, 23, 30, 18, 49, 0], [0, 17, 13, 10, 37, 50, 38, 31, 9, 47, 21, 0]]",8.801232803467428,0.30592542177496046,3.072790181497112,0.5714907467365264,0.18852317102320937,0.4684535000390276,0.8768554161398305,0.9055550829598533,1.7382985353469849
0.0,0.0,5,True,133999,5,"[[0, 16, 3, 14, 42, 41, 1, 45, 39, 11, 15, 0], [0, 18, 32, 4, 29, 6, 19, 24, 40, 20, 44, 0], [0, 25, 2, 34, 33, 35, 10, 37, 50, 13, 17, 0], [0, 46, 22, 7, 8, 43, 5, 36, 28, 26, 12, 0], [0, 48, 38, 31, 9, 47, 21, 27, 23, 30, 49, 0]]",10.001610696519492,0.34843476632466686,2.3699075317708775,0.3656887939820687,0.10121218998140913,0.13975668462402885,0.8607132631973562,0.8754694904980138,0.9047213792800903
0.0,0.0,6,True,133997,5,"[[0, 16, 3, 14, 42, 41, 1, 45, 11, 39, 48, 0], [0, 15, 46, 22, 7, 8, 43, 17, 13, 18, 49, 0], [0, 27, 35, 10, 37, 50, 38, 31, 9, 47, 21, 0], [0, 12, 29, 4, 32, 6, 19, 24, 40, 20, 44, 0], [0, 25, 2, 34, 33, 5, 36, 28, 26, 23, 30, 0]]",9.155712240957655,0.3198560829489277,2.1396222116891295,0.49213363975286484,0.11202428686828214,0.18956980498600132,0.8832791308665506,0.9137721222575903,1.7382985353469849
0.0,0.0,7,True,133998,5,"[[0, 13, 17, 43, 33, 34, 5, 2, 25, 45, 11, 0], [0, 16, 1, 41, 42, 12, 49, 14, 3, 15, 48, 0], [0, 44, 20, 40, 24, 19, 6, 29, 4, 32, 18, 0], [0, 30, 23, 26, 28, 36, 8, 7, 22, 46, 39, 0], [0, 21, 47, 9, 31, 38, 50, 37, 10, 35, 27, 0]]",8.993071301898453,0.2350741099034037,2.422593674971722,0.37228983206053573,0.17703745522904657,0.3348371532632193,0.8636042155858239,0.8933100264410955,0.9047213792800903
0.0,0.0,8,True,133998,5,"[[0, 48, 14, 42, 41, 1, 45, 11, 15, 3, 16, 0], [0, 49, 18, 12, 29, 32, 4, 6, 19, 24, 40, 0], [0, 44, 20, 34, 33, 5, 36, 28, 26, 23, 30, 0], [0, 17, 13, 37, 10, 35, 22, 43, 8, 7, 46, 0], [0, 27, 21, 47, 9, 31, 38, 50, 2, 25, 39, 0]]",8.870748195709893,0.2968996737704233,2.6959736922290176,0.4742985337972641,0.17428485230125013,0.31987510833609506,0.8768161334303566,0.9027407360827976,1.7382985353469849
0.0,0.0,9,True,133997,5,"[[0, 48, 15, 45, 11, 1, 41, 42, 14, 3, 16, 0], [0, 27, 35, 5, 36, 28, 26, 23, 30, 12, 49, 0], [0, 21, 47, 9, 31, 38, 50, 37, 10, 13, 17, 0], [0, 25, 2, 34, 33, 43, 8, 7, 22, 46, 39, 0], [0, 44, 20, 40, 24, 6, 19, 29, 4, 32, 18, 0]]",7.656818861345528,0.22157086017391375,2.399000017903745,0.37228983206053573,0.12797646890216163,0.191412185005274,0.8637169651851828,0.8934058868828891,0.9047213792800903
1.0,0.0,0,True,160437,5,"[[0, 1, 11, 45, 39, 25, 2, 28, 26, 23, 30, 0], [0, 27, 35, 18, 34, 33, 50, 38, 3, 14, 48, 0], [0, 21, 47, 29, 32, 4, 19, 6, 24, 41, 42, 0], [0, 12, 49, 37, 10, 13, 17, 44, 20, 16, 15, 0], [0, 46, 22, 7, 8, 43, 5, 36, 31, 9, 40, 0]]",3.831246711924905,0.11182946249566696,1.3599879178509582,0.16838116651134832,0.27787162693224965,0.15325413907619873,0.8160675963902824,0.8074052275925372,0.9047213792800903
1.0,0.0,1,True,160328,5,"[[0, 27, 35, 18, 34, 33, 5, 50, 38, 39, 1, 0], [0, 15, 16, 11, 45, 25, 2, 28, 26, 23, 30, 0], [0, 48, 12, 49, 40, 10, 37, 13, 17, 44, 20, 0], [0, 21, 47, 29, 32, 4, 19, 6, 24, 41, 42, 0], [0, 46, 22, 43, 8, 7, 36, 31, 9, 3, 14, 0]]",3.61624625037075,0.1046856229228002,1.3599879178509582,0.16838116651134832,0.2944164971611942,0.1713682923065298,0.811111980037712,0.7973891735124825,0.9047213792800903
1.0,0.0,2,True,159725,5,"[[0, 13, 17, 19, 6, 24, 41, 42, 14, 3, 15, 0], [0, 1, 16, 25, 2, 28, 26, 23, 30, 49, 12, 0], [0, 48, 11, 45, 39, 32, 4, 29, 47, 21, 27, 0], [0, 40, 9, 31, 36, 5, 43, 8, 7, 22, 46, 0], [0, 20, 44, 38, 50, 33, 34, 18, 35, 10, 37, 0]]",3.4363729063188657,0.09715410459924627,1.1128899196628481,0.0975499504711479,0.2669620103214212,0.10598633253560912,0.8048472569168466,0.7915512692876351,0.9047213792800903
1.0,0.0,3,True,159819,5,"[[0, 1, 46, 22, 43, 8, 7, 36, 31, 9, 40, 0], [0, 41, 24, 6, 19, 4, 32, 29, 47, 21, 27, 0], [0, 48, 15, 11, 45, 25, 2, 28, 26, 23, 30, 0], [0, 49, 12, 13, 17, 44, 20, 16, 3, 14, 42, 0], [0, 37, 10, 35, 18, 34, 33, 5, 50, 38, 39, 0]]",3.648313763056649,0.10473757520042083,1.2143399720371235,0.156669940178593,0.3094062107968496,0.1628431755298138,0.8124524090235394,0.7997911207354611,0.9047213792800903
1.0,0.0,4,True,160262,5,"[[0, 37, 10, 35, 18, 32, 4, 29, 47, 21, 27, 0], [0, 15, 16, 42, 41, 24, 6, 19, 40, 12, 49, 0], [0, 30, 23, 26, 28, 2, 25, 11, 45, 39, 1, 0], [0, 14, 3, 9, 31, 38, 50, 13, 17, 44, 20, 0], [0, 34, 33, 5, 36, 7, 8, 43, 22, 46, 48, 0]]",3.8553631800750736,0.10860245575063995,1.090814946568571,0.156669940178593,0.18815833783596259,0.07012218675614461,0.8113819666464428,0.8030052862722686,0.9047213792800903
1.0,0.0,5,True,159820,5,"[[0, 48, 49, 13, 17, 44, 20, 16, 3, 14, 42, 0], [0, 1, 46, 22, 43, 8, 7, 36, 31, 9, 40, 0], [0, 15, 11, 45, 25, 2, 28, 26, 23, 30, 12, 0], [0, 41, 24, 6, 19, 4, 32, 29, 47, 21, 27, 0], [0, 39, 38, 50, 5, 33, 34, 18, 35, 10, 37, 0]]",3.647936977999052,0.10473757520042083,1.2143399720371235,0.148298105224967,0.3095088070263208,0.1629180669340224,0.810948877078483,0.7983186333043863,0.9047213792800903
1.0,0.0,6,True,160329,5,"[[0, 48, 49, 12, 40, 10, 37, 13, 17, 44, 20, 0], [0, 15, 16, 45, 11, 25, 2, 28, 26, 23, 30, 0], [0, 39, 9, 31, 36, 7, 8, 43, 22, 46, 1, 0], [0, 21, 47, 29, 32, 4, 19, 6, 24, 41, 42, 0], [0, 14, 3, 38, 50, 5, 33, 34, 18, 35, 27, 0]]",3.6161105106875766,0.1046856229228002,1.3599879178509582,0.16838116651134832,0.2955153484360129,0.17150108562120817,0.8106007486540954,0.7974191054942232,0.9047213792800903
1.0,0.0,7,True,159819,5,"[[0, 40, 9, 31, 36, 7, 8, 43, 22, 46, 1, 0], [0, 42, 14, 3, 16, 20, 44, 17, 13, 12, 49, 0], [0, 37, 10, 35, 18, 34, 33, 5, 50, 38, 39, 0], [0, 30, 23, 26, 28, 2, 25, 45, 11, 15, 48, 0], [0, 41, 24, 6, 19, 4, 32, 29, 47, 21, 27, 0]]",3.648313763056649,0.10473757520042083,1.2143399720371235,0.156669940178593,0.3094062107968496,0.1628431755298138,0.8124524090235394,0.7997911207354611,0.9047213792800903
1.0,0.0,8,True,160262,5,"[[0, 15, 16, 42, 41, 24, 6, 19, 40, 49, 12, 0], [0, 1, 11, 45, 39, 25, 2, 28, 26, 23, 30, 0], [0, 20, 44, 17, 13, 50, 38, 31, 9, 3, 14, 0], [0, 48, 46, 22, 43, 8, 7, 36, 5, 33, 34, 0], [0, 37, 10, 35, 18, 32, 4, 29, 47, 21, 27, 0]]",3.8553631800750736,0.10860245575063995,1.090814946568571,0.156669940178593,0.18815833783596259,0.07012218675614461,0.8113819666464428,0.8030052862722686,0.9047213792800903
1.0,0.0,9,True,160313,5,"[[0, 46, 22, 7, 8, 43, 33, 34, 18, 35, 27, 0], [0, 21, 47, 29, 32, 4, 19, 6, 24, 41, 1, 0], [0, 15, 16, 45, 11, 25, 2, 28, 26, 23, 30, 0], [0, 42, 14, 3, 9, 31, 36, 5, 50, 38, 39, 0], [0, 48, 12, 49, 40, 37, 10, 13, 17, 44, 20, 0]]",3.8052458319289144,0.1118199710768682,1.0756409546593204,0.156669940178593,0.18963047978720393,0.06622470018727225,0.8174320448243946,0.8091373043800686,0.9047213792800903
