beta,lambda_concentration,seed,is_feasible,pyvrp_cost,num_routes,routes,global_risk,global_cvar90,max_vehicle_risk,max_vehicle_cvar90,vehicle_risk_gini,risk_variance,edge_burden_gini_used,top10_burden_share,max_edge_burden
0.0,0.0,0,True,133997,5,"[[0, 14, 42, 41, 1, 45, 11, 15, 3, 16, 48, 0], [0, 18, 32, 4, 29, 19, 6, 24, 40, 20, 44, 0], [0, 27, 35, 5, 36, 28, 26, 23, 30, 12, 49, 0], [0, 46, 22, 7, 8, 43, 33, 34, 2, 25, 39, 0], [0, 17, 13, 10, 37, 50, 38, 31, 9, 47, 21, 0]]",7.557039690960664,0.2430855229696525,2.3669848368153907,0.3664128005815049,0.1681292675128334,0.22639024218427184,0.8739839463130563,0.898621991000038,0.9630203247070312
0.0,0.0,1,True,133997,5,"[[0, 17, 13, 10, 37, 50, 38, 31, 9, 47, 21, 0], [0, 18, 32, 4, 29, 6, 19, 24, 40, 20, 44, 0], [0, 14, 42, 41, 1, 11, 45, 15, 3, 16, 48, 0], [0, 46, 22, 7, 8, 43, 33, 34, 2, 25, 39, 0], [0, 27, 35, 5, 36, 28, 26, 23, 30, 12, 49, 0]]",7.557039690960664,0.2430855229696525,2.3669848368153907,0.3664128005815049,0.1681292675128334,0.22639024218427184,0.8739839463130563,0.898621991000038,0.9630203247070312
0.0,0.0,2,True,133998,5,"[[0, 16, 3, 15, 45, 11, 1, 41, 42, 14, 48, 0], [0, 25, 2, 34, 33, 43, 8, 7, 22, 46, 39, 0], [0, 38, 31, 9, 47, 21, 27, 23, 30, 49, 12, 0], [0, 26, 28, 36, 5, 35, 10, 37, 50, 13, 17, 0], [0, 44, 20, 40, 24, 6, 19, 29, 4, 32, 18, 0]]",9.56466047296999,0.3376421318031274,2.752801164286211,0.5091604143381119,0.1676937654673727,0.3278682726917118,0.8765928737983768,0.9005599670379227,0.9630203247070312
1.0,0.0,0,True,159195,5,"[[0, 48, 30, 23, 26, 28, 2, 25, 16, 3, 15, 0], [0, 12, 49, 13, 17, 6, 19, 24, 41, 42, 14, 0], [0, 1, 45, 11, 39, 32, 4, 29, 47, 21, 27, 0], [0, 40, 9, 31, 36, 33, 34, 18, 35, 10, 37, 0], [0, 20, 44, 38, 50, 5, 43, 8, 7, 22, 46, 0]]",3.113400280002679,0.08284155032115764,1.150527204037644,0.19883380364626646,0.2866266156218322,0.1039489338075548,0.8227491974010519,0.7915385183594453,0.9630203247070312
1.0,0.0,1,True,159403,5,"[[0, 40, 34, 33, 36, 7, 8, 43, 22, 46, 45, 0], [0, 37, 10, 35, 18, 32, 4, 29, 47, 21, 27, 0], [0, 1, 16, 3, 14, 42, 41, 24, 6, 19, 12, 0], [0, 13, 17, 44, 20, 5, 50, 38, 31, 9, 39, 0], [0, 48, 15, 11, 25, 2, 28, 26, 23, 30, 49, 0]]",3.278003527837427,0.08062174933729693,1.1461423881119117,0.12726262537762523,0.23529067524657932,0.0802367322822047,0.8242299479668924,0.8038236445163599,0.9630203247070312
1.0,0.0,2,True,159269,5,"[[0, 48, 27, 10, 37, 13, 17, 44, 20, 16, 1, 0], [0, 49, 30, 23, 26, 28, 2, 25, 11, 39, 45, 0], [0, 21, 47, 29, 4, 32, 6, 19, 24, 41, 42, 0], [0, 12, 40, 5, 36, 7, 8, 43, 22, 46, 15, 0], [0, 14, 3, 9, 31, 38, 50, 33, 34, 18, 35, 0]]",3.237869029824651,0.06885335192476448,1.130496745754499,0.12726262537762523,0.3159324783871327,0.13464298446670533,0.822087016363461,0.7982639159199642,0.9630203247070312
