beta,lambda_concentration,seed,is_feasible,pyvrp_cost,num_routes,routes,global_risk,global_cvar90,max_vehicle_risk,max_vehicle_cvar90,vehicle_risk_gini,risk_variance,edge_burden_gini_used,top10_burden_share,max_edge_burden
0.0,0.0,0,True,133997,5,"[[0, 14, 42, 41, 1, 45, 11, 15, 3, 16, 48, 0], [0, 18, 32, 4, 29, 19, 6, 24, 40, 20, 44, 0], [0, 27, 35, 5, 36, 28, 26, 23, 30, 12, 49, 0], [0, 46, 22, 7, 8, 43, 33, 34, 2, 25, 39, 0], [0, 17, 13, 10, 37, 50, 38, 31, 9, 47, 21, 0]]",9.101617163512856,0.20305388016489948,2.806763954460621,0.3270133414771408,0.1292824603539815,0.25353606097452347,0.865470454576134,0.8982150032508555,1.1840318441390991
0.0,0.0,1,True,133997,5,"[[0, 17, 13, 10, 37, 50, 38, 31, 9, 47, 21, 0], [0, 18, 32, 4, 29, 6, 19, 24, 40, 20, 44, 0], [0, 14, 42, 41, 1, 11, 45, 15, 3, 16, 48, 0], [0, 46, 22, 7, 8, 43, 33, 34, 2, 25, 39, 0], [0, 27, 35, 5, 36, 28, 26, 23, 30, 12, 49, 0]]",9.101617163512856,0.20305388016489948,2.806763954460621,0.3270133414771408,0.1292824603539815,0.25353606097452347,0.865470454576134,0.8982150032508555,1.1840318441390991
0.0,0.0,2,True,133998,5,"[[0, 16, 3, 15, 45, 11, 1, 41, 42, 14, 48, 0], [0, 25, 2, 34, 33, 43, 8, 7, 22, 46, 39, 0], [0, 38, 31, 9, 47, 21, 27, 23, 30, 49, 12, 0], [0, 26, 28, 36, 5, 35, 10, 37, 50, 13, 17, 0], [0, 44, 20, 40, 24, 6, 19, 29, 4, 32, 18, 0]]",10.802676054066978,0.3652467907026962,3.0151840472826734,0.5168243169784545,0.20945784159715441,0.725722853565405,0.8657560601589387,0.8828854895977015,1.1840318441390991
1.0,0.0,0,True,158474,5,"[[0, 48, 20, 44, 17, 13, 10, 37, 40, 12, 49, 0], [0, 14, 3, 38, 50, 5, 33, 34, 18, 35, 27, 0], [0, 30, 23, 26, 28, 2, 25, 45, 11, 16, 1, 0], [0, 46, 22, 43, 8, 7, 36, 31, 9, 47, 21, 0], [0, 15, 39, 32, 4, 29, 6, 19, 24, 41, 42, 0]]",3.652929153351579,0.08635274196664493,1.2392295999452472,0.13455416250508279,0.2371077371346466,0.09817891785614885,0.791995828438874,0.7798213329150844,0.5920159220695496
1.0,0.0,1,True,159171,5,"[[0, 15, 11, 45, 25, 2, 28, 26, 23, 30, 49, 0], [0, 14, 3, 9, 31, 38, 50, 36, 5, 33, 34, 0], [0, 27, 21, 47, 29, 4, 32, 18, 35, 10, 37, 0], [0, 1, 41, 24, 6, 19, 40, 44, 20, 16, 42, 0], [0, 48, 39, 46, 22, 7, 8, 43, 17, 13, 12, 0]]",3.7100415334571153,0.07842296855272474,1.196968695963733,0.12344498734455556,0.24911915433572474,0.10954979019701774,0.783559359988673,0.7737317475205787,0.5920159220695496
1.0,0.0,2,True,158708,5,"[[0, 46, 22, 7, 8, 43, 33, 34, 18, 35, 27, 0], [0, 42, 41, 24, 19, 6, 29, 4, 32, 39, 1, 0], [0, 14, 3, 16, 20, 44, 17, 13, 10, 37, 40, 0], [0, 21, 47, 9, 31, 38, 50, 5, 36, 12, 49, 0], [0, 15, 45, 11, 25, 2, 28, 26, 23, 30, 48, 0]]",4.094712511636317,0.0886390484064012,1.2626098591135815,0.14704570919275284,0.2189034266363823,0.10754769696593007,0.8055643787483695,0.7978084075509664,0.7878876328468323
