beta,lambda_concentration,seed,is_feasible,pyvrp_cost,num_routes,routes,global_risk,global_cvar90,max_vehicle_risk,max_vehicle_cvar90,vehicle_risk_gini,risk_variance,edge_burden_gini_used,top10_burden_share,max_edge_burden
0.0,0.0,0,True,133997,5,"[[0, 14, 42, 41, 1, 45, 11, 15, 3, 16, 48, 0], [0, 18, 32, 4, 29, 19, 6, 24, 40, 20, 44, 0], [0, 27, 35, 5, 36, 28, 26, 23, 30, 12, 49, 0], [0, 46, 22, 7, 8, 43, 33, 34, 2, 25, 39, 0], [0, 17, 13, 10, 37, 50, 38, 31, 9, 47, 21, 0]]",6.791532107890816,0.17940958148306785,1.8451659453567117,0.25433097733184695,0.09875965466975112,0.0681776174688029,0.8711577568382507,0.8883174357055219,0.9429735541343689
0.0,0.0,1,True,133997,5,"[[0, 17, 13, 10, 37, 50, 38, 31, 9, 47, 21, 0], [0, 18, 32, 4, 29, 6, 19, 24, 40, 20, 44, 0], [0, 14, 42, 41, 1, 11, 45, 15, 3, 16, 48, 0], [0, 46, 22, 7, 8, 43, 33, 34, 2, 25, 39, 0], [0, 27, 35, 5, 36, 28, 26, 23, 30, 12, 49, 0]]",6.791532107890816,0.17940958148306785,1.8451659453567117,0.25433097733184695,0.09875965466975112,0.0681776174688029,0.8711577568382507,0.8883174357055219,0.9429735541343689
0.0,0.0,2,True,133998,5,"[[0, 16, 3, 15, 45, 11, 1, 41, 42, 14, 48, 0], [0, 25, 2, 34, 33, 43, 8, 7, 22, 46, 39, 0], [0, 38, 31, 9, 47, 21, 27, 23, 30, 49, 12, 0], [0, 26, 28, 36, 5, 35, 10, 37, 50, 13, 17, 0], [0, 44, 20, 40, 24, 6, 19, 29, 4, 32, 18, 0]]",8.735688010317972,0.30544963822915006,2.4445482880691998,0.4354909539222717,0.17912737337276163,0.3159890565604274,0.8757073849764414,0.8946455316409987,0.9429735541343689
0.0,0.0,3,True,133998,5,"[[0, 12, 49, 30, 23, 26, 28, 36, 5, 20, 44, 0], [0, 14, 42, 41, 1, 45, 11, 15, 3, 16, 48, 0], [0, 27, 35, 10, 37, 50, 38, 31, 9, 47, 21, 0], [0, 25, 2, 34, 33, 43, 8, 7, 22, 46, 39, 0], [0, 18, 32, 4, 29, 19, 6, 24, 40, 13, 17, 0]]",6.520781685394468,0.1820574640587438,1.7055968648055568,0.2619374864734709,0.14870860258547425,0.12753917323466007,0.8732979152773315,0.888289481706744,0.9429735541343689
0.0,0.0,4,True,133997,5,"[[0, 48, 14, 42, 41, 1, 45, 11, 15, 3, 16, 0], [0, 44, 20, 40, 24, 19, 6, 4, 32, 29, 12, 0], [0, 25, 2, 34, 33, 43, 8, 7, 22, 46, 39, 0], [0, 27, 35, 5, 36, 28, 26, 23, 30, 18, 49, 0], [0, 17, 13, 10, 37, 50, 38, 31, 9, 47, 21, 0]]",7.901481988228625,0.20092695804002383,2.6307346966059413,0.4972419083118439,0.19866064466499367,0.3475184487146131,0.8888268143311351,0.9069793636543393,1.4983851909637451
0.0,0.0,5,True,133999,5,"[[0, 16, 3, 14, 42, 41, 1, 45, 39, 11, 15, 0], [0, 18, 32, 4, 29, 6, 19, 24, 40, 20, 44, 0], [0, 25, 2, 34, 33, 35, 10, 37, 50, 13, 17, 0], [0, 46, 22, 7, 8, 43, 5, 36, 28, 26, 12, 0], [0, 48, 38, 31, 9, 47, 21, 27, 23, 30, 49, 0]]",8.82256241721916,0.3085512596254165,2.046319054730702,0.3691663059871644,0.08019737527973736,0.06592475194103081,0.8741688195357618,0.892814704573185,0.9429735541343689
0.0,0.0,6,True,133997,5,"[[0, 16, 3, 14, 42, 41, 1, 45, 11, 39, 48, 0], [0, 15, 46, 22, 7, 8, 43, 17, 13, 18, 49, 0], [0, 27, 35, 10, 37, 50, 38, 31, 9, 47, 21, 0], [0, 12, 29, 4, 32, 6, 19, 24, 40, 20, 44, 0], [0, 25, 2, 34, 33, 5, 36, 28, 26, 23, 30, 0]]",7.973766482635256,0.21444671012132482,2.0495765446685255,0.4000973515212536,0.12615459912758387,0.14105261985014,0.8911871503426338,0.9119678627303424,1.4983851909637451
0.0,0.0,7,True,133998,5,"[[0, 13, 17, 43, 33, 34, 5, 2, 25, 45, 11, 0], [0, 16, 1, 41, 42, 12, 49, 14, 3, 15, 48, 0], [0, 44, 20, 40, 24, 19, 6, 29, 4, 32, 18, 0], [0, 30, 23, 26, 28, 36, 8, 7, 22, 46, 39, 0], [0, 21, 47, 9, 31, 38, 50, 37, 10, 35, 27, 0]]",7.832096713795181,0.20457493745322738,2.4821108255709987,0.32932359592190813,0.19453409034563252,0.31675009458009357,0.8747064144963665,0.8913922377602713,0.9429735541343689
0.0,0.0,8,True,133998,5,"[[0, 48, 14, 42, 41, 1, 45, 11, 15, 3, 16, 0], [0, 49, 18, 12, 29, 32, 4, 6, 19, 24, 40, 0], [0, 44, 20, 34, 33, 5, 36, 28, 26, 23, 30, 0], [0, 17, 13, 37, 10, 35, 22, 43, 8, 7, 46, 0], [0, 27, 21, 47, 9, 31, 38, 50, 2, 25, 39, 0]]",7.799527146766195,0.2704395884289764,2.523343202046817,0.45895745158195494,0.19059520788050466,0.3047285274848663,0.8881172796731831,0.900935287196854,1.4983851909637451
0.0,0.0,9,True,133997,5,"[[0, 48, 15, 45, 11, 1, 41, 42, 14, 3, 16, 0], [0, 27, 35, 5, 36, 28, 26, 23, 30, 12, 49, 0], [0, 21, 47, 9, 31, 38, 50, 37, 10, 13, 17, 0], [0, 25, 2, 34, 33, 43, 8, 7, 22, 46, 39, 0], [0, 44, 20, 40, 24, 6, 19, 29, 4, 32, 18, 0]]",6.569119187101023,0.1837184258911293,1.9326637695194222,0.25433097733184695,0.14224750514884876,0.122168183401926,0.8749039662052875,0.8898441930778627,0.9429735541343689
3.0,1.0,0,True,197086,5,"[[0, 12, 19, 6, 24, 41, 4, 29, 44, 17, 13, 0], [0, 42, 14, 3, 16, 1, 2, 28, 26, 23, 30, 0], [0, 46, 22, 7, 8, 43, 50, 38, 31, 9, 40, 0], [0, 49, 37, 10, 35, 18, 34, 33, 5, 36, 20, 0], [0, 15, 25, 45, 11, 39, 32, 47, 21, 27, 48, 0]]",2.1275098234291363,0.0389278165089923,1.0230837599083316,0.10552914452273399,0.3698408455638966,0.09845778531242172,0.7521042336935075,0.6933985484418239,0.6989073157310486
3.0,1.0,1,True,197086,5,"[[0, 12, 19, 6, 24, 41, 4, 29, 44, 17, 13, 0], [0, 27, 21, 47, 32, 39, 11, 45, 25, 15, 48, 0], [0, 30, 23, 26, 28, 2, 1, 16, 3, 14, 42, 0], [0, 46, 22, 7, 8, 43, 50, 38, 31, 9, 40, 0], [0, 49, 37, 10, 35, 18, 34, 33, 5, 36, 20, 0]]",2.1275098234291363,0.0389278165089923,1.0230837599083316,0.10552914452273399,0.3698408455638966,0.09845778531242173,0.7521042336935075,0.6933985484418239,0.6989073157310486
3.0,1.0,2,True,197086,5,"[[0, 20, 36, 5, 33, 34, 18, 35, 10, 37, 49, 0], [0, 30, 23, 26, 28, 2, 1, 16, 3, 14, 42, 0], [0, 13, 17, 44, 29, 4, 41, 24, 6, 19, 12, 0], [0, 40, 9, 31, 38, 50, 43, 8, 7, 22, 46, 0], [0, 48, 15, 25, 45, 11, 39, 32, 47, 21, 27, 0]]",1.8956730159807194,0.03067796069663018,1.0230837599083316,0.10552914452273399,0.4114835632538989,0.10837734936379166,0.7234733774267486,0.653681244411462,0.6989073157310486
3.0,1.0,3,True,197086,5,"[[0, 20, 36, 5, 33, 34, 18, 35, 10, 37, 49, 0], [0, 46, 22, 7, 8, 43, 50, 38, 31, 9, 40, 0], [0, 15, 25, 45, 11, 39, 32, 47, 21, 27, 48, 0], [0, 30, 23, 26, 28, 2, 1, 16, 3, 14, 42, 0], [0, 12, 19, 6, 24, 41, 4, 29, 44, 17, 13, 0]]",2.1275894349782902,0.0389278165089923,1.0230837599083316,0.10552914452273399,0.3697970716851362,0.09844801119396747,0.7492392421807852,0.6903443781751637,0.6989073157310486
3.0,1.0,4,True,197674,5,"[[0, 20, 5, 33, 34, 18, 35, 10, 37, 40, 49, 0], [0, 9, 31, 38, 50, 36, 7, 8, 43, 22, 46, 0], [0, 27, 21, 47, 32, 39, 11, 45, 25, 15, 48, 0], [0, 30, 23, 26, 28, 2, 1, 16, 3, 14, 42, 0], [0, 13, 17, 44, 29, 4, 41, 24, 6, 19, 12, 0]]",2.0143140488326026,0.0329423185846791,1.0230837599083316,0.10552914452273399,0.36582039602012806,0.1003884401527648,0.741184378364067,0.6754578881597068,0.6989073157310486
3.0,1.0,5,True,197086,5,"[[0, 46, 22, 7, 8, 43, 50, 38, 31, 9, 40, 0], [0, 15, 25, 45, 11, 39, 32, 47, 21, 27, 48, 0], [0, 20, 36, 5, 33, 34, 18, 35, 10, 37, 49, 0], [0, 30, 23, 26, 28, 2, 1, 16, 3, 14, 42, 0], [0, 12, 19, 6, 24, 41, 4, 29, 44, 17, 13, 0]]",2.1275894349782902,0.0389278165089923,1.0230837599083316,0.10552914452273399,0.3697970716851362,0.09844801119396747,0.7492392421807852,0.6903443781751637,0.6989073157310486
3.0,1.0,6,True,197086,5,"[[0, 20, 36, 5, 33, 34, 18, 35, 10, 37, 49, 0], [0, 13, 17, 44, 29, 4, 41, 24, 6, 19, 12, 0], [0, 27, 21, 47, 32, 39, 11, 45, 25, 15, 48, 0], [0, 30, 23, 26, 28, 2, 1, 16, 3, 14, 42, 0], [0, 46, 22, 7, 8, 43, 50, 38, 31, 9, 40, 0]]",2.1378145039889205,0.03589526316287314,1.0230837599083316,0.10552914452273399,0.3661151674939751,0.097775285412345,0.7495562715574011,0.6900562329467351,0.6989073157310486
3.0,1.0,7,True,197086,5,"[[0, 40, 9, 31, 38, 50, 43, 8, 7, 22, 46, 0], [0, 12, 19, 6, 24, 41, 4, 29, 44, 17, 13, 0], [0, 30, 23, 26, 28, 2, 1, 16, 3, 14, 42, 0], [0, 49, 37, 10, 35, 18, 34, 33, 5, 36, 20, 0], [0, 48, 15, 25, 45, 11, 39, 32, 47, 21, 27, 0]]",1.8853683354209352,0.0332150513616701,1.0230837599083316,0.10552914452273399,0.413766351096146,0.1088602340091328,0.7260440372574075,0.6572540085684854,0.6989073157310486
3.0,1.0,8,True,197086,5,"[[0, 48, 15, 25, 45, 11, 39, 32, 47, 21, 27, 0], [0, 49, 37, 10, 35, 18, 34, 33, 5, 36, 20, 0], [0, 46, 22, 7, 8, 43, 50, 38, 31, 9, 40, 0], [0, 12, 19, 6, 24, 41, 4, 29, 44, 17, 13, 0], [0, 30, 23, 26, 28, 2, 1, 16, 3, 14, 42, 0]]",2.1275098234291363,0.0389278165089923,1.0230837599083316,0.10552914452273399,0.3698408455638966,0.09845778531242173,0.7521042336935075,0.6933985484418239,0.6989073157310486
3.0,1.0,9,True,197086,5,"[[0, 12, 19, 6, 24, 41, 4, 29, 44, 17, 13, 0], [0, 49, 37, 10, 35, 18, 34, 33, 5, 36, 20, 0], [0, 46, 22, 7, 8, 43, 50, 38, 31, 9, 40, 0], [0, 48, 15, 25, 45, 11, 39, 32, 47, 21, 27, 0], [0, 42, 14, 3, 16, 1, 2, 28, 26, 23, 30, 0]]",2.1275098234291363,0.0389278165089923,1.0230837599083316,0.10552914452273399,0.3698408455638966,0.09845778531242173,0.7521042336935075,0.6933985484418239,0.6989073157310486
