beta,lambda_concentration,seed,is_feasible,pyvrp_cost,num_routes,routes,global_risk,global_cvar90,max_vehicle_risk,max_vehicle_cvar90,vehicle_risk_gini,risk_variance,edge_burden_gini_used,top10_burden_share,max_edge_burden
0.0,0.0,0,True,133997,5,"[[0, 14, 42, 41, 1, 45, 11, 15, 3, 16, 48, 0], [0, 18, 32, 4, 29, 19, 6, 24, 40, 20, 44, 0], [0, 27, 35, 5, 36, 28, 26, 23, 30, 12, 49, 0], [0, 46, 22, 7, 8, 43, 33, 34, 2, 25, 39, 0], [0, 17, 13, 10, 37, 50, 38, 31, 9, 47, 21, 0]]",8.049024220155843,0.2409732994933923,2.2444736434554216,0.3446727053572734,0.10387332260574755,0.11159063679203893,0.8700251794862195,0.8949190705129474,1.1597681045532227
0.0,0.0,1,True,133997,5,"[[0, 17, 13, 10, 37, 50, 38, 31, 9, 47, 21, 0], [0, 18, 32, 4, 29, 6, 19, 24, 40, 20, 44, 0], [0, 14, 42, 41, 1, 11, 45, 15, 3, 16, 48, 0], [0, 46, 22, 7, 8, 43, 33, 34, 2, 25, 39, 0], [0, 27, 35, 5, 36, 28, 26, 23, 30, 12, 49, 0]]",8.049024220155843,0.2409732994933923,2.2444736434554216,0.3446727053572734,0.10387332260574755,0.11159063679203893,0.8700251794862195,0.8949190705129474,1.1597681045532227
0.0,0.0,2,True,133998,5,"[[0, 16, 3, 15, 45, 11, 1, 41, 42, 14, 48, 0], [0, 25, 2, 34, 33, 43, 8, 7, 22, 46, 39, 0], [0, 38, 31, 9, 47, 21, 27, 23, 30, 49, 12, 0], [0, 26, 28, 36, 5, 35, 10, 37, 50, 13, 17, 0], [0, 44, 20, 40, 24, 6, 19, 29, 4, 32, 18, 0]]",9.925973155863176,0.3483840311662509,2.8106879306724295,0.5100891664624214,0.18741512455173837,0.45643015728589453,0.8711227556233399,0.8953405817574954,1.1597681045532227
0.0,0.0,3,True,133998,5,"[[0, 12, 49, 30, 23, 26, 28, 36, 5, 20, 44, 0], [0, 14, 42, 41, 1, 45, 11, 15, 3, 16, 48, 0], [0, 27, 35, 10, 37, 50, 38, 31, 9, 47, 21, 0], [0, 25, 2, 34, 33, 43, 8, 7, 22, 46, 39, 0], [0, 18, 32, 4, 29, 19, 6, 24, 40, 13, 17, 0]]",7.573294002075272,0.2254080783575773,2.08689005341148,0.2382382615469396,0.17089461658667338,0.2177143392799039,0.8707975711593876,0.8917562550797223,1.1597681045532227
0.0,0.0,4,True,133997,5,"[[0, 48, 14, 42, 41, 1, 45, 11, 15, 3, 16, 0], [0, 44, 20, 40, 24, 19, 6, 4, 32, 29, 12, 0], [0, 25, 2, 34, 33, 43, 8, 7, 22, 46, 39, 0], [0, 27, 35, 5, 36, 28, 26, 23, 30, 18, 49, 0], [0, 17, 13, 10, 37, 50, 38, 31, 9, 47, 21, 0]]",8.720431013010966,0.25513131087345464,3.022895717280335,0.569381034374237,0.19775681204091944,0.4777082933925031,0.8827311293209179,0.9049700345443041,1.7263656854629517
0.0,0.0,5,True,133999,5,"[[0, 16, 3, 14, 42, 41, 1, 45, 39, 11, 15, 0], [0, 18, 32, 4, 29, 6, 19, 24, 40, 20, 44, 0], [0, 25, 2, 34, 33, 35, 10, 37, 50, 13, 17, 0], [0, 46, 22, 7, 8, 43, 5, 36, 28, 26, 12, 0], [0, 48, 38, 31, 9, 47, 21, 27, 23, 30, 49, 0]]",10.328320688895474,0.362059018932856,2.3793301035184413,0.3446727053572734,0.08234217295034973,0.10253566722442672,0.8685213579788507,0.8849033134146501,1.1597681045532227
0.0,0.0,6,True,133997,5,"[[0, 16, 3, 14, 42, 41, 1, 45, 11, 39, 48, 0], [0, 15, 46, 22, 7, 8, 43, 17, 13, 18, 49, 0], [0, 27, 35, 10, 37, 50, 38, 31, 9, 47, 21, 0], [0, 12, 29, 4, 32, 6, 19, 24, 40, 20, 44, 0], [0, 25, 2, 34, 33, 5, 36, 28, 26, 23, 30, 0]]",9.004934553468047,0.2565318609122187,2.3864334467434674,0.4064045436680317,0.1390542588192738,0.20350072883878983,0.8875868714288835,0.9116026019835421,1.7263656854629517
0.0,0.0,7,True,133998,5,"[[0, 13, 17, 43, 33, 34, 5, 2, 25, 45, 11, 0], [0, 16, 1, 41, 42, 12, 49, 14, 3, 15, 48, 0], [0, 44, 20, 40, 24, 19, 6, 29, 4, 32, 18, 0], [0, 30, 23, 26, 28, 36, 8, 7, 22, 46, 39, 0], [0, 21, 47, 9, 31, 38, 50, 37, 10, 35, 27, 0]]",8.979969645853998,0.24138884903753505,2.7854587124384125,0.35187418572604656,0.19994365642001677,0.41920432787915785,0.872466116885573,0.9011244872092712,1.1597681045532227
0.0,0.0,8,True,133998,5,"[[0, 48, 14, 42, 41, 1, 45, 11, 15, 3, 16, 0], [0, 49, 18, 12, 29, 32, 4, 6, 19, 24, 40, 0], [0, 44, 20, 34, 33, 5, 36, 28, 26, 23, 30, 0], [0, 17, 13, 37, 10, 35, 22, 43, 8, 7, 46, 0], [0, 27, 21, 47, 9, 31, 38, 50, 2, 25, 39, 0]]",8.737518613728753,0.3025217900195947,2.456002336970414,0.4285114824771881,0.13111718372849634,0.17784142105389833,0.882262518227863,0.9021640571148499,1.7263656854629517
0.0,0.0,9,True,133997,5,"[[0, 48, 15, 45, 11, 1, 41, 42, 14, 3, 16, 0], [0, 27, 35, 5, 36, 28, 26, 23, 30, 12, 49, 0], [0, 21, 47, 9, 31, 38, 50, 37, 10, 13, 17, 0], [0, 25, 2, 34, 33, 43, 8, 7, 22, 46, 39, 0], [0, 44, 20, 40, 24, 6, 19, 29, 4, 32, 18, 0]]",7.648004257127468,0.23554891168043532,2.279864429088775,0.35187418572604656,0.15658104883786939,0.19670060653242383,0.8709791830074758,0.8920246585317725,1.1597681045532227
3.0,1.0,0,True,197475,5,"[[0, 30, 23, 26, 28, 2, 1, 42, 16, 3, 14, 0], [0, 46, 22, 7, 8, 43, 50, 38, 31, 9, 40, 0], [0, 49, 37, 10, 35, 18, 34, 33, 5, 36, 20, 0], [0, 13, 17, 44, 29, 4, 41, 24, 6, 19, 12, 0], [0, 27, 21, 47, 32, 39, 11, 45, 25, 15, 48, 0]]",2.507251293700392,0.04793821445533208,0.9908582836505957,0.09629428992047906,0.3167614067129332,0.08330893418516415,0.7515334091636674,0.6935939696934997,0.5600594878196716
3.0,1.0,1,True,197475,5,"[[0, 13, 17, 44, 29, 4, 41, 24, 6, 19, 12, 0], [0, 15, 25, 45, 11, 39, 32, 47, 21, 27, 48, 0], [0, 49, 37, 10, 35, 18, 34, 33, 36, 5, 20, 0], [0, 40, 9, 31, 38, 50, 43, 8, 7, 22, 46, 0], [0, 30, 23, 26, 28, 2, 1, 42, 16, 3, 14, 0]]",2.070176760036702,0.036363178754554075,0.9908582836505957,0.09629428992047906,0.3674338010394338,0.09224116986091405,0.7062689252075081,0.6317260039795499,0.5600594878196716
3.0,1.0,2,True,197475,5,"[[0, 30, 23, 26, 28, 2, 1, 42, 16, 3, 14, 0], [0, 20, 5, 36, 33, 34, 18, 35, 10, 37, 49, 0], [0, 12, 19, 6, 24, 41, 4, 29, 44, 17, 13, 0], [0, 27, 21, 47, 32, 39, 11, 45, 25, 15, 48, 0], [0, 40, 9, 31, 38, 50, 43, 8, 7, 22, 46, 0]]",2.0456719994072046,0.038096388103440404,0.9908582836505957,0.09629428992047906,0.37176400976080015,0.09346781250474498,0.709172465763011,0.6321381592010359,0.5600594878196716
3.0,1.0,3,True,197536,5,"[[0, 12, 19, 6, 24, 41, 4, 29, 44, 17, 13, 0], [0, 40, 9, 31, 38, 50, 43, 8, 7, 22, 46, 0], [0, 20, 36, 5, 33, 34, 18, 35, 10, 37, 49, 0], [0, 27, 21, 47, 32, 39, 11, 45, 25, 1, 42, 0], [0, 48, 2, 28, 26, 23, 30, 14, 3, 16, 15, 0]]",2.0470071342824667,0.038096388103440404,0.7857051383398357,0.07647152990102768,0.33169401787103103,0.06452876267685508,0.7038882594356319,0.62701157248899,0.5600594878196716
3.0,1.0,4,True,197475,5,"[[0, 12, 19, 6, 24, 41, 4, 29, 44, 17, 13, 0], [0, 48, 15, 25, 45, 11, 39, 32, 47, 21, 27, 0], [0, 20, 5, 36, 33, 34, 18, 35, 10, 37, 49, 0], [0, 14, 3, 16, 42, 1, 2, 28, 26, 23, 30, 0], [0, 40, 9, 31, 38, 50, 43, 8, 7, 22, 46, 0]]",2.0456719994072046,0.038096388103440404,0.9908582836505957,0.09629428992047906,0.37176400976080015,0.09346781250474498,0.709172465763011,0.6321381592010359,0.5600594878196716
3.0,1.0,5,True,197475,5,"[[0, 40, 9, 31, 38, 50, 43, 8, 7, 22, 46, 0], [0, 13, 17, 44, 29, 4, 41, 24, 6, 19, 12, 0], [0, 27, 21, 47, 32, 39, 11, 45, 25, 15, 48, 0], [0, 14, 3, 16, 42, 1, 2, 28, 26, 23, 30, 0], [0, 20, 5, 36, 33, 34, 18, 35, 10, 37, 49, 0]]",2.070358873297664,0.036363178754554075,0.9908582836505957,0.09629428992047906,0.3673311110279547,0.0922227987665131,0.7024753283855762,0.6282873917152904,0.5600594878196716
3.0,1.0,6,True,197475,5,"[[0, 12, 19, 6, 24, 41, 4, 29, 44, 17, 13, 0], [0, 14, 3, 16, 42, 1, 2, 28, 26, 23, 30, 0], [0, 27, 21, 47, 32, 39, 11, 45, 25, 15, 48, 0], [0, 40, 9, 31, 38, 50, 43, 8, 7, 22, 46, 0], [0, 49, 37, 10, 35, 18, 34, 33, 5, 36, 20, 0]]",2.0454898861462425,0.038096388103440404,0.9908582836505957,0.09629428992047906,0.37186833379893924,0.09348582393457741,0.7129007143809445,0.6359260855938496,0.5600594878196716
3.0,1.0,7,True,197475,5,"[[0, 20, 5, 36, 33, 34, 18, 35, 10, 37, 49, 0], [0, 27, 21, 47, 32, 39, 11, 45, 25, 15, 48, 0], [0, 30, 23, 26, 28, 2, 1, 42, 16, 3, 14, 0], [0, 12, 19, 6, 24, 41, 4, 29, 44, 17, 13, 0], [0, 46, 22, 7, 8, 43, 50, 38, 31, 9, 40, 0]]",2.4827465330708947,0.05032041962399627,0.9908582836505957,0.09629428992047906,0.3238065162972541,0.08539240937496932,0.7545570336626977,0.6947975249902448,0.5600594878196716
3.0,1.0,8,True,197475,5,"[[0, 13, 17, 44, 29, 4, 41, 24, 6, 19, 12, 0], [0, 46, 22, 7, 8, 43, 50, 38, 31, 9, 40, 0], [0, 20, 36, 5, 33, 34, 18, 35, 10, 37, 49, 0], [0, 30, 23, 26, 28, 2, 1, 42, 16, 3, 14, 0], [0, 27, 21, 47, 32, 39, 11, 45, 25, 15, 48, 0]]",2.507433406961354,0.04793821445533208,0.9908582836505957,0.09629428992047906,0.31668029705676903,0.08328419532527448,0.7484149702290759,0.6907502537366454,0.5600594878196716
3.0,1.0,9,True,197475,5,"[[0, 14, 3, 16, 42, 1, 2, 28, 26, 23, 30, 0], [0, 49, 37, 10, 35, 18, 34, 33, 5, 36, 20, 0], [0, 48, 27, 21, 47, 32, 39, 11, 45, 25, 15, 0], [0, 12, 19, 6, 24, 41, 4, 29, 44, 17, 13, 0], [0, 40, 9, 31, 38, 50, 43, 8, 7, 22, 46, 0]]",2.0454898861462425,0.038096388103440404,0.9908582836505957,0.09629428992047906,0.37186833379893924,0.09348582393457741,0.7129007143809445,0.6359260855938496,0.5600594878196716
