beta,lambda_concentration,seed,is_feasible,pyvrp_cost,num_routes,routes,global_risk,global_cvar90,max_vehicle_risk,max_vehicle_cvar90,vehicle_risk_gini,risk_variance,edge_burden_gini_used,top10_burden_share,max_edge_burden
0.0,0.0,0,True,133997,5,"[[0, 14, 42, 41, 1, 45, 11, 15, 3, 16, 48, 0], [0, 18, 32, 4, 29, 19, 6, 24, 40, 20, 44, 0], [0, 27, 35, 5, 36, 28, 26, 23, 30, 12, 49, 0], [0, 46, 22, 7, 8, 43, 33, 34, 2, 25, 39, 0], [0, 17, 13, 10, 37, 50, 38, 31, 9, 47, 21, 0]]",6.665527825942263,0.20000261499856908,2.1225320079829544,0.32828222106521326,0.16263310492678285,0.1793207423482173,0.8578653664049474,0.8949403403931913,0.847045361995697
0.0,0.0,1,True,133997,5,"[[0, 17, 13, 10, 37, 50, 38, 31, 9, 47, 21, 0], [0, 18, 32, 4, 29, 6, 19, 24, 40, 20, 44, 0], [0, 14, 42, 41, 1, 11, 45, 15, 3, 16, 48, 0], [0, 46, 22, 7, 8, 43, 33, 34, 2, 25, 39, 0], [0, 27, 35, 5, 36, 28, 26, 23, 30, 12, 49, 0]]",6.665527825942263,0.20000261499856908,2.1225320079829544,0.32828222106521326,0.16263310492678285,0.1793207423482173,0.8578653664049474,0.8949403403931913,0.847045361995697
0.0,0.0,2,True,133998,5,"[[0, 16, 3, 15, 45, 11, 1, 41, 42, 14, 48, 0], [0, 25, 2, 34, 33, 43, 8, 7, 22, 46, 39, 0], [0, 38, 31, 9, 47, 21, 27, 23, 30, 49, 12, 0], [0, 26, 28, 36, 5, 35, 10, 37, 50, 13, 17, 0], [0, 44, 20, 40, 24, 6, 19, 29, 4, 32, 18, 0]]",8.054661787115037,0.28199798269913745,2.302131772041321,0.3911574423313141,0.1934212285282193,0.3090272354758339,0.8596406406597688,0.879952532314135,0.847045361995697
1.0,0.0,0,True,159806,5,"[[0, 48, 40, 37, 10, 13, 17, 44, 20, 16, 1, 0], [0, 21, 47, 29, 32, 4, 19, 6, 24, 41, 42, 0], [0, 27, 35, 18, 34, 33, 5, 50, 38, 39, 45, 0], [0, 11, 25, 2, 28, 26, 23, 30, 12, 49, 14, 0], [0, 15, 3, 9, 31, 36, 7, 8, 43, 22, 46, 0]]",2.887746456603054,0.06315318901195294,1.1250364014995284,0.1375856190653784,0.2763853766901483,0.09451072112046952,0.7826351970125547,0.7769551595061364,0.5188161730766296
1.0,0.0,1,True,158923,5,"[[0, 37, 10, 35, 18, 34, 33, 36, 31, 9, 40, 0], [0, 20, 44, 38, 50, 5, 43, 8, 7, 22, 46, 0], [0, 14, 3, 15, 25, 2, 28, 26, 23, 30, 49, 0], [0, 42, 16, 1, 41, 24, 6, 19, 17, 13, 12, 0], [0, 48, 27, 21, 47, 29, 4, 32, 39, 45, 11, 0]]",2.6745550583000295,0.07366191157726226,0.7498853671131656,0.08047425840049982,0.2136371637639709,0.04513730199216221,0.7771720628427665,0.7705774796503975,0.5188161730766296
1.0,0.0,2,True,159463,5,"[[0, 48, 39, 32, 4, 29, 6, 19, 24, 41, 42, 0], [0, 49, 30, 23, 26, 28, 2, 25, 11, 45, 1, 0], [0, 14, 3, 38, 50, 5, 33, 34, 18, 35, 27, 0], [0, 21, 47, 9, 31, 36, 7, 8, 43, 22, 46, 0], [0, 12, 40, 37, 10, 13, 17, 44, 20, 16, 15, 0]]",2.9398995001101866,0.07023363060910594,0.8996358734439127,0.09680521953850985,0.20304019435626142,0.045148573986545405,0.7914426420284804,0.7889098630344101,0.5188161730766296
