beta,lambda_concentration,seed,is_feasible,pyvrp_cost,num_routes,routes,global_risk,global_cvar90,max_vehicle_risk,max_vehicle_cvar90,vehicle_risk_gini,risk_variance,edge_burden_gini_used,top10_burden_share,max_edge_burden
0.0,0.0,0,True,145999,5,"[[0, 44, 14, 3, 15, 41, 11, 1, 37, 38, 50, 0], [0, 42, 7, 8, 34, 17, 9, 47, 43, 26, 33, 0], [0, 45, 12, 13, 24, 32, 46, 23, 10, 18, 19, 0], [0, 40, 25, 20, 35, 4, 16, 28, 30, 21, 29, 0], [0, 36, 31, 6, 22, 2, 48, 5, 39, 49, 27, 0]]",7.9363897597904725,0.2311174417094838,3.119944781472441,0.41543345366205486,0.2925233997744048,0.759048926173175,0.8831305156270062,0.898382612817202,0.905780017375946
0.0,0.0,1,True,145999,5,"[[0, 6, 22, 5, 2, 48, 43, 9, 47, 31, 36, 0], [0, 12, 45, 13, 24, 32, 46, 23, 10, 18, 19, 0], [0, 27, 49, 39, 17, 34, 8, 7, 30, 21, 29, 0], [0, 33, 26, 28, 16, 4, 35, 20, 25, 40, 44, 0], [0, 14, 3, 15, 42, 41, 11, 1, 37, 38, 50, 0]]",9.060779520044889,0.24438265984987512,2.842836582509335,0.5137463793158531,0.27000125002308395,0.7758227295118592,0.8943983509417237,0.9121981949134851,1.734793782234192
0.0,0.0,2,True,146664,5,"[[0, 27, 49, 39, 17, 34, 8, 7, 16, 12, 45, 0], [0, 35, 4, 6, 22, 5, 43, 47, 9, 31, 36, 0], [0, 33, 26, 28, 30, 48, 2, 20, 25, 40, 19, 0], [0, 14, 3, 15, 42, 41, 11, 1, 37, 38, 50, 0], [0, 29, 21, 18, 10, 23, 46, 32, 24, 13, 44, 0]]",7.40573574435075,0.22961119809669667,2.744717252877308,0.464510852098465,0.2598593297938592,0.5203851208910436,0.8840091665206582,0.8990799723042606,0.905780017375946
0.0,0.0,3,True,146664,5,"[[0, 44, 50, 38, 37, 1, 41, 11, 15, 3, 14, 0], [0, 19, 18, 21, 29, 10, 23, 46, 32, 24, 13, 0], [0, 45, 12, 42, 7, 8, 34, 17, 39, 49, 27, 0], [0, 16, 35, 4, 6, 22, 5, 30, 28, 26, 33, 0], [0, 40, 25, 20, 2, 48, 43, 47, 9, 31, 36, 0]]",8.767523536060253,0.22864732526774917,3.1619757059088442,0.498591810464859,0.3198179419494078,1.1013971261925373,0.8805809898199171,0.9038495958635709,0.905780017375946
0.0,0.0,4,True,147330,5,"[[0, 36, 31, 9, 47, 43, 48, 2, 20, 25, 40, 0], [0, 45, 12, 13, 24, 32, 46, 23, 10, 29, 44, 0], [0, 14, 3, 15, 42, 11, 41, 1, 37, 38, 50, 0], [0, 21, 35, 4, 6, 22, 5, 30, 28, 26, 33, 0], [0, 27, 49, 39, 17, 34, 8, 7, 16, 18, 19, 0]]",7.496854226376275,0.2046501769712477,2.8637296610395424,0.3744697521130244,0.288608235080251,0.6381218832286788,0.8794402147165115,0.8973143917231403,0.905780017375946
0.0,0.0,5,True,147330,5,"[[0, 27, 49, 39, 48, 2, 43, 9, 47, 31, 36, 0], [0, 14, 3, 15, 42, 11, 41, 1, 37, 38, 50, 0], [0, 33, 26, 28, 30, 8, 17, 34, 7, 16, 45, 0], [0, 12, 35, 4, 6, 22, 5, 20, 25, 40, 44, 0], [0, 29, 21, 13, 24, 32, 46, 23, 10, 18, 19, 0]]",8.292651967054553,0.2670824079375182,3.2072817287407815,0.3976075783371925,0.29460889287136927,0.8341721981473562,0.8763917182857486,0.8905605560111838,0.905780017375946
0.0,0.0,6,True,147330,5,"[[0, 50, 38, 37, 1, 41, 11, 15, 3, 14, 45, 0], [0, 36, 31, 9, 47, 43, 2, 48, 39, 49, 27, 0], [0, 40, 25, 20, 5, 22, 6, 4, 35, 16, 12, 0], [0, 13, 24, 32, 46, 23, 10, 29, 21, 18, 19, 0], [0, 42, 7, 34, 17, 8, 30, 28, 26, 33, 44, 0]]",8.778803586677896,0.22278681684595844,2.808480568928644,0.39095259706179303,0.2635376078065268,0.6787528075247751,0.8816192223378807,0.9047009137928781,0.905780017375946
0.0,0.0,7,True,146664,5,"[[0, 19, 18, 10, 23, 46, 32, 24, 13, 21, 29, 0], [0, 33, 26, 28, 30, 5, 22, 6, 4, 35, 44, 0], [0, 12, 45, 16, 7, 8, 34, 17, 39, 49, 27, 0], [0, 40, 25, 20, 2, 48, 43, 47, 9, 31, 36, 0], [0, 14, 3, 15, 42, 11, 41, 1, 37, 38, 50, 0]]",7.9602273101008905,0.23186876369459974,2.866685801593121,0.3744697521130244,0.2579521185205502,0.5592812719398593,0.8778331957538346,0.8975276384563547,0.905780017375946
0.0,0.0,8,True,147330,5,"[[0, 14, 3, 15, 42, 11, 41, 1, 37, 38, 50, 0], [0, 12, 45, 13, 46, 23, 10, 29, 21, 18, 19, 0], [0, 32, 24, 6, 22, 5, 48, 2, 20, 25, 40, 0], [0, 36, 31, 47, 9, 43, 30, 28, 26, 33, 44, 0], [0, 27, 49, 39, 17, 34, 8, 7, 16, 4, 35, 0]]",8.813570969165085,0.2865664506597178,2.9897906700207386,0.39930847766143934,0.23034302012627617,0.5535033680100707,0.8844484202315368,0.9055293130166864,0.905780017375946
0.0,0.0,9,True,145999,5,"[[0, 14, 3, 15, 42, 41, 11, 1, 37, 38, 50, 0], [0, 27, 49, 39, 17, 34, 8, 7, 30, 21, 29, 0], [0, 12, 45, 13, 24, 32, 46, 23, 10, 18, 19, 0], [0, 44, 40, 25, 20, 35, 4, 16, 28, 26, 33, 0], [0, 6, 22, 5, 48, 2, 43, 47, 9, 31, 36, 0]]",9.059103037197929,0.24438265984987512,2.842836582509335,0.5137463793158531,0.2699771923792347,0.7753520782514196,0.8941493246420844,0.9123670068389617,1.734793782234192
1.0,0.0,0,True,172515,5,"[[0, 12, 45, 6, 22, 34, 17, 39, 49, 37, 27, 0], [0, 1, 41, 11, 42, 15, 3, 14, 38, 50, 44, 0], [0, 36, 31, 47, 9, 2, 48, 5, 46, 32, 24, 0], [0, 13, 10, 23, 8, 7, 16, 28, 30, 26, 33, 0], [0, 29, 43, 4, 35, 20, 40, 25, 21, 18, 19, 0]]",3.349731061616694,0.08937046670451246,0.9776795245634275,0.11898848476509254,0.21227871069360593,0.06635824435308471,0.8255151047168743,0.7860300098314633,0.5478038191795349
1.0,0.0,1,True,173410,5,"[[0, 45, 13, 23, 10, 46, 32, 24, 37, 49, 27, 0], [0, 35, 4, 6, 22, 5, 20, 25, 40, 31, 36, 0], [0, 1, 11, 42, 41, 15, 3, 14, 38, 50, 44, 0], [0, 19, 18, 16, 7, 8, 39, 17, 34, 2, 48, 0], [0, 12, 21, 29, 43, 9, 47, 28, 30, 26, 33, 0]]",3.4642254423036896,0.07119058425991963,1.225365657970542,0.12606251006945968,0.2630935578393787,0.10818060430464023,0.8245264631189739,0.7910139779551472,0.4207201302051544
1.0,0.0,2,True,173765,5,"[[0, 50, 38, 14, 13, 46, 32, 24, 37, 49, 27, 0], [0, 29, 43, 4, 35, 20, 40, 25, 21, 12, 44, 0], [0, 36, 31, 47, 9, 48, 2, 5, 22, 6, 45, 0], [0, 15, 3, 34, 17, 39, 8, 23, 10, 18, 19, 0], [0, 1, 41, 11, 42, 7, 16, 28, 30, 26, 33, 0]]",3.20143642741823,0.08147864459703366,0.9002956048279884,0.11893989176799853,0.2147223389622599,0.06465514252024047,0.8170199576769415,0.7792459909203957,0.4207201302051544
1.0,0.0,3,True,173304,5,"[[0, 50, 38, 14, 12, 13, 23, 10, 18, 19, 44, 0], [0, 45, 6, 22, 5, 46, 32, 24, 37, 49, 27, 0], [0, 15, 3, 34, 17, 39, 8, 16, 7, 42, 1, 0], [0, 41, 11, 2, 48, 47, 9, 28, 30, 26, 33, 0], [0, 21, 29, 43, 4, 35, 20, 25, 40, 31, 36, 0]]",2.696870903888339,0.050604758644476534,1.0166763724555494,0.11934221243219716,0.302361077203283,0.08726142887909129,0.7937162366651827,0.7391146021356932,0.4207201302051544
1.0,0.0,4,True,173410,5,"[[0, 44, 50, 38, 14, 3, 15, 11, 42, 41, 1, 0], [0, 19, 18, 16, 7, 8, 39, 17, 34, 2, 48, 0], [0, 35, 4, 6, 22, 5, 20, 25, 40, 31, 36, 0], [0, 33, 26, 30, 28, 9, 47, 43, 29, 21, 45, 0], [0, 12, 13, 23, 10, 46, 32, 24, 37, 49, 27, 0]]",3.460513059786866,0.07119058425991963,1.2208417654182995,0.12606251006945968,0.2624237710004995,0.10726683113083497,0.8253472666084019,0.7918625649743517,0.4207201302051544
1.0,0.0,5,True,173392,5,"[[0, 50, 38, 14, 45, 21, 20, 25, 40, 31, 36, 0], [0, 41, 11, 42, 5, 22, 6, 4, 35, 43, 29, 0], [0, 1, 2, 48, 9, 47, 28, 30, 26, 33, 44, 0], [0, 15, 3, 34, 17, 39, 8, 7, 16, 18, 19, 0], [0, 12, 13, 10, 23, 46, 32, 24, 37, 49, 27, 0]]",2.9297071332788285,0.0575646847868577,1.0593376518518198,0.11934804863163403,0.2929253039627626,0.09728222554515019,0.8033417772097589,0.7557509762312493,0.4207201302051544
1.0,0.0,6,True,173410,5,"[[0, 45, 13, 10, 23, 46, 32, 24, 37, 49, 27, 0], [0, 12, 21, 29, 43, 9, 47, 28, 30, 26, 33, 0], [0, 44, 1, 42, 11, 41, 15, 3, 14, 38, 50, 0], [0, 2, 48, 34, 17, 39, 8, 7, 16, 18, 19, 0], [0, 36, 31, 40, 25, 20, 5, 22, 6, 4, 35, 0]]",3.4610836382874943,0.07119058425991963,1.225365657970542,0.12606251006945968,0.2636954820402524,0.10838072782657313,0.8254621238790678,0.791732022114876,0.4207201302051544
1.0,0.0,7,True,173392,5,"[[0, 50, 38, 14, 12, 21, 20, 25, 40, 31, 36, 0], [0, 15, 3, 34, 17, 39, 8, 7, 16, 18, 19, 0], [0, 27, 49, 37, 24, 32, 46, 23, 10, 13, 45, 0], [0, 41, 11, 42, 5, 22, 6, 4, 35, 43, 29, 0], [0, 44, 1, 2, 48, 9, 47, 28, 30, 26, 33, 0]]",2.9297071332788285,0.0575646847868577,1.0593376518518198,0.11934804863163403,0.2927037091074407,0.09712389602428866,0.8033417772097589,0.7557509762312493,0.4207201302051544
1.0,0.0,8,True,172495,5,"[[0, 44, 1, 11, 42, 41, 15, 3, 14, 38, 50, 0], [0, 19, 18, 16, 7, 8, 23, 10, 13, 12, 45, 0], [0, 21, 25, 40, 20, 34, 17, 39, 49, 37, 27, 0], [0, 24, 32, 46, 5, 22, 6, 4, 35, 43, 29, 0], [0, 33, 26, 30, 28, 2, 48, 47, 9, 31, 36, 0]]",3.080883394383239,0.06024424913339317,1.0929390763121773,0.13362844847142696,0.31990546408156284,0.133242893982532,0.820278493742159,0.7769507549737108,0.5478038191795349
1.0,0.0,9,True,173488,5,"[[0, 27, 49, 37, 24, 32, 46, 5, 22, 6, 12, 0], [0, 15, 3, 34, 17, 39, 8, 23, 10, 13, 44, 0], [0, 36, 31, 40, 25, 20, 35, 4, 43, 29, 19, 0], [0, 1, 41, 2, 48, 47, 9, 28, 30, 26, 33, 0], [0, 11, 42, 7, 16, 18, 21, 45, 14, 38, 50, 0]]",2.681183080069207,0.050604758644476534,1.051953326939838,0.11934221243219716,0.31886501055204697,0.09875699289971111,0.8007956569183861,0.7434392227655343,0.4207201302051544
1.0,0.5,0,True,178615,5,"[[0, 1, 41, 2, 48, 47, 9, 28, 30, 26, 33, 0], [0, 44, 36, 31, 40, 25, 20, 35, 4, 43, 29, 0], [0, 21, 6, 22, 5, 46, 32, 24, 37, 49, 27, 0], [0, 15, 3, 34, 17, 39, 8, 16, 7, 42, 11, 0], [0, 19, 18, 10, 23, 13, 12, 45, 14, 38, 50, 0]]",2.680208457455592,0.0528112443065957,1.051953326939838,0.11934221243219716,0.32487866052334224,0.09989117194202164,0.7951951694884309,0.7422037988756812,0.4207201302051544
1.0,0.5,1,True,178665,5,"[[0, 45, 6, 22, 5, 46, 32, 24, 37, 49, 27, 0], [0, 33, 26, 30, 28, 9, 47, 4, 35, 43, 29, 0], [0, 48, 2, 34, 17, 39, 8, 7, 16, 18, 19, 0], [0, 12, 13, 10, 23, 21, 20, 25, 40, 31, 36, 0], [0, 1, 41, 11, 42, 15, 3, 14, 38, 50, 44, 0]]",2.6946227797692366,0.05252958500855848,0.9494937364652287,0.09172491380013525,0.26197562216263237,0.06612360052554983,0.7934201138397075,0.7389345200870087,0.4207201302051544
1.0,0.5,2,True,178488,5,"[[0, 29, 43, 35, 4, 6, 22, 5, 46, 32, 24, 0], [0, 36, 31, 47, 9, 2, 48, 28, 30, 26, 33, 0], [0, 21, 25, 40, 20, 34, 17, 39, 49, 37, 27, 0], [0, 44, 1, 41, 42, 11, 15, 3, 14, 38, 50, 0], [0, 19, 18, 16, 7, 8, 23, 10, 13, 12, 45, 0]]",3.0779272538296603,0.06024424913339317,1.0929390763121773,0.13362844847142696,0.31982853870736694,0.13279100471821734,0.8211983643703384,0.7776969635243037,0.5478038191795349
1.0,0.5,3,True,179415,5,"[[0, 50, 38, 14, 3, 15, 41, 1, 49, 37, 27, 0], [0, 29, 43, 4, 35, 20, 25, 40, 31, 36, 44, 0], [0, 12, 34, 17, 39, 8, 7, 16, 18, 21, 45, 0], [0, 6, 22, 5, 46, 32, 24, 13, 23, 10, 19, 0], [0, 42, 11, 2, 48, 9, 47, 28, 30, 26, 33, 0]]",2.7000325226366506,0.052003658878115505,1.0171050495264353,0.11934221243219716,0.31748119970580735,0.09932754782450318,0.8049387850346121,0.7542021005419927,0.4207201302051544
1.0,0.5,4,True,178615,5,"[[0, 1, 41, 2, 48, 47, 9, 28, 30, 26, 33, 0], [0, 15, 3, 34, 17, 39, 8, 16, 7, 42, 11, 0], [0, 36, 31, 40, 25, 20, 35, 4, 43, 29, 44, 0], [0, 19, 18, 10, 23, 13, 45, 12, 14, 38, 50, 0], [0, 21, 6, 22, 5, 46, 32, 24, 37, 49, 27, 0]]",2.680208457455592,0.0528112443065957,1.051953326939838,0.11934221243219716,0.32487866052334224,0.09989117194202164,0.7951951694884309,0.7422037988756812,0.4207201302051544
1.0,0.5,5,True,178568,5,"[[0, 11, 42, 7, 16, 18, 21, 12, 14, 38, 50, 0], [0, 45, 6, 22, 5, 46, 32, 24, 37, 49, 27, 0], [0, 15, 3, 34, 17, 39, 8, 23, 13, 10, 19, 0], [0, 36, 31, 40, 25, 20, 35, 4, 43, 29, 44, 0], [0, 33, 26, 30, 28, 47, 9, 2, 48, 41, 1, 0]]",2.668673506701783,0.0528112443065957,1.051953326939838,0.11934221243219716,0.32162022436295956,0.09948665390225135,0.8016091526019917,0.7454118661974491,0.4207201302051544
1.0,0.5,6,True,179414,5,"[[0, 44, 50, 38, 14, 3, 15, 11, 42, 41, 1, 0], [0, 27, 49, 37, 4, 35, 43, 29, 10, 23, 13, 0], [0, 45, 12, 34, 17, 39, 8, 7, 16, 18, 19, 0], [0, 36, 31, 9, 47, 2, 48, 28, 30, 26, 33, 0], [0, 6, 22, 5, 46, 32, 24, 20, 40, 25, 21, 0]]",2.5456235378900267,0.04831469512711733,0.9965645123447757,0.11934221243219716,0.3614612498184093,0.1264006608668073,0.8033450421444204,0.7490737528755913,0.4207201302051544
1.0,0.5,7,True,178688,5,"[[0, 44, 27, 49, 37, 24, 32, 46, 5, 22, 6, 0], [0, 1, 41, 2, 48, 9, 47, 28, 30, 26, 33, 0], [0, 21, 29, 43, 4, 35, 20, 25, 40, 31, 36, 0], [0, 50, 38, 14, 45, 12, 13, 23, 10, 18, 19, 0], [0, 15, 3, 34, 17, 39, 8, 16, 7, 42, 11, 0]]",2.696870903888339,0.050604758644476534,1.051953326939838,0.11934221243219716,0.32391772642343186,0.10031282940961125,0.7937162366651827,0.7391146021356932,0.4207201302051544
1.0,0.5,8,True,178615,5,"[[0, 44, 29, 43, 4, 35, 20, 25, 40, 31, 36, 0], [0, 1, 41, 48, 2, 9, 47, 28, 30, 26, 33, 0], [0, 11, 42, 7, 16, 8, 39, 17, 34, 3, 15, 0], [0, 27, 49, 37, 24, 32, 46, 5, 22, 6, 21, 0], [0, 19, 18, 10, 23, 13, 12, 45, 14, 38, 50, 0]]",2.8535480077225657,0.055912404965895876,1.051953326939838,0.11934221243219716,0.257868820218182,0.07664013624757726,0.8017833439694699,0.7533393891435882,0.4207201302051544
1.0,0.5,9,True,178615,5,"[[0, 1, 41, 2, 48, 47, 9, 28, 30, 26, 33, 0], [0, 36, 31, 40, 25, 20, 35, 4, 43, 29, 44, 0], [0, 15, 3, 34, 17, 39, 8, 16, 7, 42, 11, 0], [0, 19, 18, 10, 23, 13, 45, 12, 14, 38, 50, 0], [0, 27, 49, 37, 24, 32, 46, 5, 22, 6, 21, 0]]",2.680208457455592,0.0528112443065957,1.051953326939838,0.11934221243219716,0.32487866052334224,0.09989117194202164,0.7951951694884309,0.7422037988756812,0.4207201302051544
1.0,1.0,0,True,184485,5,"[[0, 12, 45, 13, 21, 18, 16, 7, 42, 11, 15, 0], [0, 6, 22, 5, 46, 32, 24, 37, 49, 27, 44, 0], [0, 29, 43, 4, 35, 20, 25, 40, 31, 36, 50, 0], [0, 38, 14, 3, 34, 17, 39, 8, 23, 10, 19, 0], [0, 1, 41, 48, 2, 9, 47, 28, 30, 26, 33, 0]]",2.750315604524406,0.05105051003033068,1.051953326939838,0.11934221243219716,0.29013832397516537,0.08908828119925381,0.8042146650928288,0.7495240535091305,0.4207201302051544
1.0,1.0,1,True,183990,5,"[[0, 1, 41, 2, 48, 9, 47, 28, 30, 26, 33, 0], [0, 15, 3, 34, 17, 39, 8, 16, 7, 42, 11, 0], [0, 19, 18, 10, 23, 13, 45, 12, 14, 38, 50, 0], [0, 21, 6, 22, 5, 46, 32, 24, 37, 49, 27, 0], [0, 44, 29, 43, 4, 35, 20, 25, 40, 31, 36, 0]]",2.6833502614717872,0.0528112443065957,1.051953326939838,0.11934221243219716,0.3249666164378042,0.10000460392969787,0.7940526514270081,0.7413347886277,0.4207201302051544
1.0,1.0,2,True,183990,5,"[[0, 1, 42, 7, 16, 8, 39, 17, 34, 3, 15, 0], [0, 19, 18, 10, 23, 13, 12, 45, 14, 38, 50, 0], [0, 44, 29, 43, 4, 35, 20, 25, 40, 31, 36, 0], [0, 33, 26, 30, 28, 9, 47, 2, 48, 41, 11, 0], [0, 27, 49, 37, 24, 32, 46, 5, 22, 6, 21, 0]]",2.8535480077225657,0.055912404965895876,1.0166763724555494,0.11934221243219716,0.24223305880014312,0.06646508326057098,0.8017833439694699,0.7533393891435882,0.4207201302051544
1.0,1.0,3,True,184599,5,"[[0, 33, 26, 30, 28, 9, 47, 2, 48, 41, 11, 0], [0, 21, 18, 16, 7, 8, 39, 17, 34, 12, 45, 0], [0, 6, 22, 5, 46, 32, 24, 13, 23, 10, 19, 0], [0, 27, 37, 49, 1, 42, 15, 3, 14, 38, 50, 0], [0, 36, 31, 40, 25, 20, 35, 4, 43, 29, 44, 0]]",2.6968907186204554,0.052003658878115505,1.0166763724555494,0.11934221243219716,0.31778747569772814,0.09915930328920718,0.8060473090756768,0.7550807253865754,0.4207201302051544
1.0,1.0,4,True,184098,5,"[[0, 1, 42, 7, 16, 8, 39, 17, 34, 3, 15, 0], [0, 19, 18, 10, 23, 13, 12, 14, 38, 50, 44, 0], [0, 29, 43, 35, 4, 21, 20, 25, 40, 31, 36, 0], [0, 45, 6, 22, 5, 46, 32, 24, 37, 49, 27, 0], [0, 33, 26, 30, 28, 9, 47, 48, 2, 11, 41, 0]]",2.80245728522641,0.05586454164432852,1.0166763724555494,0.11934221243219716,0.23882585552298408,0.06526764328836397,0.7995197913660534,0.7512286480990993,0.4207201302051544
1.0,1.0,5,True,184078,5,"[[0, 36, 31, 46, 32, 24, 37, 27, 49, 1, 44, 0], [0, 42, 7, 16, 5, 22, 6, 4, 35, 43, 29, 0], [0, 15, 3, 34, 17, 39, 8, 23, 10, 13, 12, 0], [0, 19, 18, 21, 20, 25, 40, 45, 14, 38, 50, 0], [0, 41, 11, 2, 48, 47, 9, 28, 30, 26, 33, 0]]",2.6496343986152624,0.05267827222878869,1.0166763724555494,0.11934221243219716,0.2791975612502242,0.07687331848935089,0.7926485588265277,0.7354380839398557,0.4207201302051544
1.0,1.0,6,True,183824,5,"[[0, 1, 11, 2, 48, 9, 47, 28, 30, 26, 33, 0], [0, 6, 22, 5, 46, 32, 24, 37, 49, 27, 44, 0], [0, 50, 38, 14, 12, 21, 18, 16, 7, 42, 41, 0], [0, 19, 29, 43, 4, 35, 20, 25, 40, 31, 36, 0], [0, 45, 13, 10, 23, 8, 39, 17, 34, 3, 15, 0]]",2.6843248840854024,0.050604758644476534,1.0390212983620586,0.11934221243219716,0.31431884612925964,0.09529917197127044,0.7996886354935604,0.7425690820647091,0.4207201302051544
1.0,1.0,7,True,183990,5,"[[0, 50, 38, 14, 12, 45, 13, 23, 10, 18, 19, 0], [0, 33, 26, 30, 28, 47, 9, 2, 48, 41, 11, 0], [0, 44, 29, 43, 4, 35, 20, 25, 40, 31, 36, 0], [0, 21, 6, 22, 5, 46, 32, 24, 37, 49, 27, 0], [0, 1, 42, 7, 16, 8, 39, 17, 34, 3, 15, 0]]",2.853572360760154,0.055912404965895876,1.0166763724555494,0.11934221243219716,0.2422241641454268,0.06646245903143004,0.8018244565972164,0.7533329599733618,0.4207201302051544
1.0,1.0,8,True,183824,5,"[[0, 15, 3, 34, 17, 39, 8, 23, 10, 13, 45, 0], [0, 36, 31, 40, 25, 20, 35, 4, 43, 29, 19, 0], [0, 6, 22, 5, 46, 32, 24, 37, 49, 27, 44, 0], [0, 1, 42, 7, 16, 18, 21, 12, 14, 38, 50, 0], [0, 33, 26, 30, 28, 47, 9, 48, 2, 41, 11, 0]]",2.681183080069207,0.050604758644476534,1.0166763724555494,0.11934221243219716,0.30421766927099925,0.08832149883328053,0.8007956569183861,0.7434392227655343,0.4207201302051544
1.0,1.0,9,True,183712,5,"[[0, 1, 11, 2, 48, 9, 47, 28, 30, 26, 33, 0], [0, 12, 6, 22, 5, 46, 32, 24, 37, 49, 27, 0], [0, 15, 3, 34, 17, 39, 8, 23, 13, 10, 19, 0], [0, 36, 31, 40, 25, 20, 35, 4, 43, 29, 44, 0], [0, 50, 38, 14, 45, 21, 18, 16, 7, 42, 41, 0]]",2.668673506701783,0.0528112443065957,1.0390212983620586,0.11934221243219716,0.3159268226631968,0.09544338463697573,0.8016091526019917,0.7454118661974491,0.4207201302051544
1.0,2.0,0,True,194276,5,"[[0, 50, 38, 14, 20, 25, 40, 4, 35, 43, 29, 0], [0, 27, 49, 37, 24, 32, 46, 5, 22, 6, 21, 0], [0, 1, 11, 41, 42, 7, 16, 18, 10, 19, 44, 0], [0, 36, 31, 47, 9, 48, 2, 28, 30, 26, 33, 0], [0, 15, 3, 34, 17, 39, 8, 23, 13, 45, 12, 0]]",2.52370164137243,0.046359636215493084,0.9965645123447757,0.11934221243219716,0.31953927706360963,0.09041247937574244,0.7947666901766204,0.7356052132635139,0.4207201302051544
1.0,2.0,1,True,193504,5,"[[0, 44, 1, 41, 11, 42, 15, 3, 14, 38, 50, 0], [0, 13, 23, 21, 20, 25, 40, 4, 35, 43, 29, 0], [0, 19, 10, 18, 16, 7, 8, 39, 17, 34, 12, 0], [0, 36, 31, 9, 47, 2, 48, 28, 30, 26, 33, 0], [0, 27, 49, 37, 24, 32, 46, 5, 22, 6, 45, 0]]",2.5239606367962217,0.048342694381349964,0.9965645123447757,0.11934221243219716,0.306208725068835,0.08216116324889405,0.7951546642327998,0.7381752525432878,0.4207201302051544
1.0,2.0,2,True,193797,5,"[[0, 1, 49, 27, 37, 24, 32, 46, 31, 36, 44, 0], [0, 50, 38, 14, 20, 40, 25, 21, 18, 10, 19, 0], [0, 15, 3, 34, 17, 39, 8, 23, 13, 45, 12, 0], [0, 41, 11, 48, 2, 9, 47, 28, 30, 26, 33, 0], [0, 42, 7, 16, 5, 22, 6, 4, 35, 43, 29, 0]]",2.47332944812365,0.050652963774544854,1.0166763724555494,0.11934221243219716,0.3286724116140356,0.08999680815564182,0.78738757399556,0.7265448738198111,0.4207201302051544
1.0,2.0,3,True,194172,5,"[[0, 6, 22, 5, 46, 32, 24, 37, 49, 27, 44, 0], [0, 36, 31, 47, 9, 48, 2, 28, 30, 26, 33, 0], [0, 1, 41, 11, 15, 42, 7, 16, 18, 10, 19, 0], [0, 29, 43, 35, 4, 40, 25, 20, 21, 12, 45, 0], [0, 50, 38, 14, 3, 34, 17, 39, 8, 23, 13, 0]]",2.512632062147862,0.046359636215493084,0.9965645123447757,0.11934221243219716,0.31195504915680394,0.08381240676445613,0.7998314219822789,0.7436477382775442,0.4207201302051544
1.0,2.0,4,True,194001,5,"[[0, 50, 44, 27, 49, 37, 24, 32, 46, 31, 36, 0], [0, 38, 14, 3, 34, 17, 39, 8, 7, 16, 19, 0], [0, 45, 12, 13, 23, 10, 18, 21, 25, 40, 20, 0], [0, 15, 41, 42, 5, 22, 6, 4, 35, 43, 29, 0], [0, 1, 11, 48, 2, 9, 47, 28, 30, 26, 33, 0]]",2.6195590470164127,0.050504744003869985,1.0390212983620586,0.11934221243219716,0.286829144933201,0.08045239967115399,0.7938923712762229,0.7358235083471307,0.4207201302051544
1.0,2.0,5,True,194001,5,"[[0, 19, 16, 7, 8, 39, 17, 34, 3, 14, 38, 0], [0, 44, 50, 36, 31, 46, 32, 24, 37, 49, 27, 0], [0, 45, 20, 40, 25, 21, 18, 10, 23, 13, 12, 0], [0, 15, 41, 42, 5, 22, 6, 4, 35, 43, 29, 0], [0, 1, 11, 48, 2, 47, 9, 28, 30, 26, 33, 0]]",2.4871025081669025,0.04837746188245915,1.0390212983620586,0.11934221243219716,0.32952354195371325,0.09394426434900902,0.7886156081121316,0.7280414250870021,0.4207201302051544
1.0,2.0,6,True,194001,5,"[[0, 50, 44, 27, 49, 37, 24, 32, 46, 31, 36, 0], [0, 20, 40, 25, 21, 18, 10, 23, 13, 12, 45, 0], [0, 29, 43, 35, 4, 6, 22, 5, 42, 11, 15, 0], [0, 19, 16, 7, 8, 39, 17, 34, 3, 14, 38, 0], [0, 1, 41, 2, 48, 9, 47, 28, 30, 26, 33, 0]]",2.490058648720481,0.04837746188245915,1.051953326939838,0.11934221243219716,0.3337619807484582,0.09704723799878598,0.7874797319826601,0.7271771109944445,0.4207201302051544
1.0,2.0,7,True,194001,5,"[[0, 50, 44, 36, 31, 46, 32, 24, 37, 49, 27, 0], [0, 20, 40, 25, 21, 18, 10, 23, 13, 45, 12, 0], [0, 29, 43, 35, 4, 6, 22, 5, 42, 11, 15, 0], [0, 1, 41, 48, 2, 9, 47, 28, 30, 26, 33, 0], [0, 38, 14, 3, 34, 17, 39, 8, 7, 16, 19, 0]]",2.4873725269284144,0.04837746188245915,1.051953326939838,0.11934221243219716,0.33360360543799716,0.09693395772853175,0.7884598228184563,0.7279623919539256,0.4207201302051544
1.0,2.0,8,True,194172,5,"[[0, 36, 31, 9, 47, 2, 48, 28, 30, 26, 33, 0], [0, 12, 6, 22, 5, 46, 32, 24, 37, 49, 27, 0], [0, 50, 38, 14, 3, 34, 17, 39, 8, 23, 13, 0], [0, 44, 45, 21, 20, 25, 40, 4, 35, 43, 29, 0], [0, 1, 41, 15, 11, 42, 7, 16, 18, 10, 19, 0]]",2.512632062147862,0.046359636215493084,0.9965645123447757,0.11934221243219716,0.31141069214619255,0.08370365854138187,0.7998314219822789,0.7436477382775442,0.4207201302051544
1.0,2.0,9,True,193797,5,"[[0, 50, 38, 14, 20, 40, 25, 21, 18, 10, 19, 0], [0, 1, 49, 27, 37, 24, 32, 46, 31, 36, 44, 0], [0, 33, 26, 30, 28, 9, 47, 2, 48, 11, 41, 0], [0, 29, 43, 35, 4, 6, 22, 5, 16, 7, 42, 0], [0, 45, 12, 13, 23, 8, 39, 17, 34, 3, 15, 0]]",2.47332944812365,0.050652963774544854,1.0166763724555494,0.11934221243219716,0.3286724116140356,0.0899968081556418,0.78738757399556,0.7265448738198111,0.4207201302051544
