beta,lambda_concentration,seed,is_feasible,pyvrp_cost,num_routes,routes,global_risk,global_cvar90,max_vehicle_risk,max_vehicle_cvar90,vehicle_risk_gini,risk_variance,edge_burden_gini_used,top10_burden_share,max_edge_burden
0.0,0.0,0,True,133997,5,"[[0, 14, 42, 41, 1, 45, 11, 15, 3, 16, 48, 0], [0, 18, 32, 4, 29, 19, 6, 24, 40, 20, 44, 0], [0, 27, 35, 5, 36, 28, 26, 23, 30, 12, 49, 0], [0, 46, 22, 7, 8, 43, 33, 34, 2, 25, 39, 0], [0, 17, 13, 10, 37, 50, 38, 31, 9, 47, 21, 0]]",6.8825487836729735,0.18051600961409736,1.9891867046244442,0.2987758591771126,0.12078131457998542,0.10661769046817615,0.825092555668874,0.8574996160158131,0.8556810021400452
0.0,0.0,1,True,133997,5,"[[0, 17, 13, 10, 37, 50, 38, 31, 9, 47, 21, 0], [0, 18, 32, 4, 29, 6, 19, 24, 40, 20, 44, 0], [0, 14, 42, 41, 1, 11, 45, 15, 3, 16, 48, 0], [0, 46, 22, 7, 8, 43, 33, 34, 2, 25, 39, 0], [0, 27, 35, 5, 36, 28, 26, 23, 30, 12, 49, 0]]",6.8825487836729735,0.18051600961409736,1.9891867046244442,0.2987758591771126,0.12078131457998542,0.10661769046817615,0.825092555668874,0.8574996160158131,0.8556810021400452
0.0,0.0,2,True,133998,5,"[[0, 16, 3, 15, 45, 11, 1, 41, 42, 14, 48, 0], [0, 25, 2, 34, 33, 43, 8, 7, 22, 46, 39, 0], [0, 38, 31, 9, 47, 21, 27, 23, 30, 49, 12, 0], [0, 26, 28, 36, 5, 35, 10, 37, 50, 13, 17, 0], [0, 44, 20, 40, 24, 6, 19, 29, 4, 32, 18, 0]]",8.519061278086156,0.28888409212231636,2.7003657484892756,0.4497468411922455,0.23784027222915993,0.5341032075829214,0.8376467544925645,0.8571243969793815,0.8566847443580627
0.0,0.0,3,True,133998,5,"[[0, 12, 49, 30, 23, 26, 28, 36, 5, 20, 44, 0], [0, 14, 42, 41, 1, 45, 11, 15, 3, 16, 48, 0], [0, 27, 35, 10, 37, 50, 38, 31, 9, 47, 21, 0], [0, 25, 2, 34, 33, 43, 8, 7, 22, 46, 39, 0], [0, 18, 32, 4, 29, 19, 6, 24, 40, 13, 17, 0]]",6.35378444311209,0.17490277808880614,2.172792781377211,0.3275248866217832,0.2383517509898816,0.29736872632349637,0.8223937565981747,0.8500426964964483,0.8556810021400452
0.0,0.0,4,True,133997,5,"[[0, 48, 14, 42, 41, 1, 45, 11, 15, 3, 16, 0], [0, 44, 20, 40, 24, 19, 6, 4, 32, 29, 12, 0], [0, 25, 2, 34, 33, 43, 8, 7, 22, 46, 39, 0], [0, 27, 35, 5, 36, 28, 26, 23, 30, 18, 49, 0], [0, 17, 13, 10, 37, 50, 38, 31, 9, 47, 21, 0]]",7.689167005359195,0.19388389574097736,3.049243457382545,0.5604017555713654,0.2715613484902326,0.6656037621813475,0.8484560245972532,0.8753472213813924,1.7113620042800903
0.0,0.0,5,True,133999,5,"[[0, 16, 3, 14, 42, 41, 1, 45, 39, 11, 15, 0], [0, 18, 32, 4, 29, 6, 19, 24, 40, 20, 44, 0], [0, 25, 2, 34, 33, 35, 10, 37, 50, 13, 17, 0], [0, 46, 22, 7, 8, 43, 5, 36, 28, 26, 12, 0], [0, 48, 38, 31, 9, 47, 21, 27, 23, 30, 49, 0]]",8.952442141948268,0.29454841243999974,2.0267960054334253,0.34602870009839537,0.08014002163848333,0.09379537744645457,0.8372105005972248,0.8530845780350848,0.8566847443580627
0.0,0.0,6,True,133997,5,"[[0, 16, 3, 14, 42, 41, 1, 45, 11, 39, 48, 0], [0, 15, 46, 22, 7, 8, 43, 17, 13, 18, 49, 0], [0, 27, 35, 10, 37, 50, 38, 31, 9, 47, 21, 0], [0, 12, 29, 4, 32, 6, 19, 24, 40, 20, 44, 0], [0, 25, 2, 34, 33, 5, 36, 28, 26, 23, 30, 0]]",8.030863088664773,0.21577728395773607,2.1298202654506895,0.38918828330934047,0.15452501609305735,0.205159995410975,0.8572653999377424,0.8855901705073562,1.7113620042800903
0.0,0.0,7,True,133998,5,"[[0, 13, 17, 43, 33, 34, 5, 2, 25, 45, 11, 0], [0, 16, 1, 41, 42, 12, 49, 14, 3, 15, 48, 0], [0, 44, 20, 40, 24, 19, 6, 29, 4, 32, 18, 0], [0, 30, 23, 26, 28, 36, 8, 7, 22, 46, 39, 0], [0, 21, 47, 9, 31, 38, 50, 37, 10, 35, 27, 0]]",7.858518203480344,0.20411648039760835,2.49386681325268,0.3134187680802175,0.2036506262318898,0.34039061114661445,0.8347334197087559,0.8621676076540068,0.8566847443580627
0.0,0.0,8,True,133998,5,"[[0, 48, 14, 42, 41, 1, 45, 11, 15, 3, 16, 0], [0, 49, 18, 12, 29, 32, 4, 6, 19, 24, 40, 0], [0, 44, 20, 34, 33, 5, 36, 28, 26, 23, 30, 0], [0, 17, 13, 37, 10, 35, 22, 43, 8, 7, 46, 0], [0, 27, 21, 47, 9, 31, 38, 50, 2, 25, 39, 0]]",7.754288089345209,0.19019373410588336,2.7811983133433387,0.5031667947769165,0.18971674324921262,0.39498789037740323,0.8477194998726747,0.8736579394129221,1.7113620042800903
0.0,0.0,9,True,133997,5,"[[0, 48, 15, 45, 11, 1, 41, 42, 14, 3, 16, 0], [0, 27, 35, 5, 36, 28, 26, 23, 30, 12, 49, 0], [0, 21, 47, 9, 31, 38, 50, 37, 10, 13, 17, 0], [0, 25, 2, 34, 33, 43, 8, 7, 22, 46, 39, 0], [0, 44, 20, 40, 24, 6, 19, 29, 4, 32, 18, 0]]",6.432282463181764,0.17750956253298827,1.9724691801238805,0.2987758591771126,0.18055351615337312,0.19091345751770122,0.8234000955234086,0.851501146889216,0.8556810021400452
0.5,0.0,0,True,149424,5,"[[0, 27, 21, 47, 9, 31, 38, 50, 37, 10, 35, 0], [0, 1, 16, 3, 14, 12, 49, 13, 17, 44, 20, 0], [0, 48, 18, 32, 4, 29, 19, 6, 24, 41, 42, 0], [0, 30, 23, 26, 28, 2, 25, 39, 11, 45, 15, 0], [0, 40, 33, 34, 5, 36, 7, 8, 43, 22, 46, 0]]",4.354227073134098,0.12571689500300973,2.0599473187467083,0.1859841298311949,0.3374404576329717,0.37770461640400826,0.7778783951241781,0.7896404132684832,0.8556810021400452
0.5,0.0,1,True,150495,5,"[[0, 46, 22, 7, 8, 43, 36, 20, 44, 17, 13, 0], [0, 30, 23, 26, 28, 2, 33, 34, 5, 40, 49, 0], [0, 42, 41, 24, 6, 19, 29, 4, 32, 18, 12, 0], [0, 1, 25, 39, 11, 45, 15, 16, 3, 14, 48, 0], [0, 35, 10, 37, 50, 38, 31, 9, 47, 21, 27, 0]]",4.693776895168412,0.13379177038690873,2.047564406064339,0.3023897831638654,0.3123941230610614,0.3479035683974053,0.7916810583224991,0.808631646005489,0.8556810021400452
0.5,0.0,2,True,149679,5,"[[0, 1, 16, 3, 14, 12, 49, 13, 17, 44, 20, 0], [0, 46, 22, 43, 8, 7, 36, 5, 33, 34, 40, 0], [0, 35, 18, 32, 4, 29, 19, 6, 24, 41, 42, 0], [0, 15, 45, 11, 39, 25, 2, 28, 26, 23, 30, 0], [0, 37, 10, 50, 38, 31, 9, 47, 21, 27, 48, 0]]",3.5219677216300624,0.0695093920160281,1.1861870773136616,0.14100380002387933,0.223421848584467,0.08735175645851259,0.7331475451810685,0.7381402929011496,0.3866737186908722
0.5,0.0,3,True,149424,5,"[[0, 1, 16, 3, 14, 12, 49, 13, 17, 44, 20, 0], [0, 48, 18, 32, 4, 29, 19, 6, 24, 41, 42, 0], [0, 35, 10, 37, 50, 38, 31, 9, 47, 21, 27, 0], [0, 15, 45, 39, 11, 25, 2, 28, 26, 23, 30, 0], [0, 40, 33, 34, 5, 36, 7, 8, 43, 22, 46, 0]]",4.354227073134098,0.12571689500300973,2.0599473187467083,0.1859841298311949,0.3374404576329717,0.37770461640400826,0.7778783951241781,0.7896404132684832,0.8556810021400452
0.5,0.0,4,True,149424,5,"[[0, 48, 18, 32, 4, 29, 19, 6, 24, 41, 42, 0], [0, 27, 21, 47, 9, 31, 38, 50, 37, 10, 35, 0], [0, 15, 11, 39, 45, 25, 2, 28, 26, 23, 30, 0], [0, 46, 22, 7, 8, 43, 33, 34, 5, 36, 40, 0], [0, 1, 16, 3, 14, 49, 12, 13, 17, 44, 20, 0]]",4.566813371020544,0.13361096230370026,2.0599473187467083,0.1859841298311949,0.3217325204309591,0.3554998581103954,0.7857705567270026,0.7995539090306819,0.8556810021400452
0.5,0.0,5,True,149424,5,"[[0, 42, 41, 24, 6, 19, 29, 4, 32, 18, 48, 0], [0, 15, 11, 45, 39, 25, 2, 28, 26, 23, 30, 0], [0, 27, 21, 47, 9, 31, 38, 50, 37, 10, 35, 0], [0, 40, 36, 5, 34, 33, 43, 8, 7, 22, 46, 0], [0, 1, 16, 3, 14, 49, 12, 13, 17, 44, 20, 0]]",4.129367494133476,0.08810270713591897,2.0476075095357373,0.1848606090992689,0.3805118100241742,0.408302627600614,0.771688259956556,0.7798190306521215,0.8556810021400452
0.5,0.0,6,True,149424,5,"[[0, 1, 16, 3, 14, 12, 13, 17, 44, 20, 48, 0], [0, 15, 11, 45, 39, 25, 2, 28, 26, 23, 30, 0], [0, 42, 41, 24, 6, 19, 29, 4, 32, 18, 49, 0], [0, 35, 10, 37, 50, 38, 31, 9, 47, 21, 27, 0], [0, 46, 22, 7, 8, 43, 36, 5, 33, 34, 40, 0]]",4.554473561809573,0.13319484351409805,2.0447558719897643,0.3023897831638654,0.3194349223921875,0.3479981780084775,0.7858656962067283,0.7992533551665838,0.8556810021400452
0.5,0.0,7,True,149424,5,"[[0, 15, 45, 39, 11, 25, 2, 28, 26, 23, 30, 0], [0, 40, 34, 33, 5, 36, 7, 8, 43, 22, 46, 0], [0, 35, 10, 37, 50, 38, 31, 9, 47, 21, 27, 0], [0, 1, 16, 3, 14, 12, 49, 13, 17, 44, 20, 0], [0, 48, 18, 32, 4, 29, 19, 6, 24, 41, 42, 0]]",4.354227073134098,0.12571689500300973,2.0599473187467083,0.1859841298311949,0.3374404576329717,0.37770461640400826,0.7778783951241781,0.7896404132684832,0.8556810021400452
0.5,0.0,8,True,149424,5,"[[0, 49, 18, 32, 4, 29, 19, 6, 24, 41, 42, 0], [0, 15, 45, 39, 11, 25, 2, 28, 26, 23, 30, 0], [0, 35, 10, 37, 50, 38, 31, 9, 47, 21, 27, 0], [0, 1, 16, 3, 14, 12, 13, 17, 44, 20, 48, 0], [0, 40, 33, 34, 5, 36, 43, 8, 7, 22, 46, 0]]",4.141707303344447,0.08840636138779086,2.0570956812007353,0.30426231771707535,0.38093541291228084,0.41247671217602927,0.7716546513838136,0.7802083361109177,0.8556810021400452
0.5,0.0,9,True,150015,5,"[[0, 40, 34, 33, 5, 36, 43, 8, 7, 22, 46, 0], [0, 18, 32, 4, 29, 19, 6, 24, 41, 42, 16, 0], [0, 48, 20, 44, 17, 13, 49, 12, 14, 3, 15, 0], [0, 30, 23, 26, 28, 2, 25, 39, 11, 45, 1, 0], [0, 35, 10, 37, 50, 38, 31, 9, 47, 21, 27, 0]]",4.150837627697911,0.11812302173563728,2.0476766956271604,0.30426231771707535,0.37958737133556,0.4060931369881026,0.76941575581123,0.7789365369776132,0.8556810021400452
1.0,0.0,0,True,158313,5,"[[0, 20, 44, 38, 50, 5, 43, 8, 7, 22, 46, 0], [0, 13, 17, 6, 19, 24, 41, 42, 16, 3, 14, 0], [0, 12, 49, 30, 23, 26, 28, 2, 25, 11, 15, 0], [0, 48, 27, 21, 47, 29, 4, 32, 39, 45, 1, 0], [0, 37, 10, 35, 18, 34, 33, 36, 31, 9, 40, 0]]",2.661144223064184,0.046690756553097776,0.7810102794319391,0.07924886207495417,0.2310232679044817,0.04953789463344085,0.677461466667808,0.6643385155787315,0.3866737186908722
1.0,0.0,1,True,158736,5,"[[0, 35, 18, 34, 33, 36, 31, 9, 47, 21, 27, 0], [0, 20, 44, 17, 13, 37, 10, 40, 12, 14, 48, 0], [0, 45, 39, 32, 4, 29, 19, 6, 24, 41, 42, 0], [0, 46, 22, 7, 8, 43, 5, 50, 38, 3, 15, 0], [0, 1, 16, 11, 25, 2, 28, 26, 23, 30, 49, 0]]",3.161001979766297,0.06625931660699494,1.0149090205086395,0.13446179249634346,0.17666128599966746,0.04571525450855031,0.7143177823576456,0.7046743068433621,0.4305855333805084
1.0,0.0,2,True,158769,5,"[[0, 12, 36, 5, 50, 38, 31, 9, 47, 21, 27, 0], [0, 14, 3, 16, 20, 44, 17, 13, 37, 10, 40, 0], [0, 15, 46, 22, 7, 8, 43, 33, 34, 18, 35, 0], [0, 42, 41, 24, 6, 19, 29, 4, 32, 39, 11, 0], [0, 48, 49, 30, 23, 26, 28, 2, 25, 45, 1, 0]]",3.1674812583223684,0.06450054996779987,1.0137490440392867,0.13446179249634346,0.1853699133891853,0.04825945858029516,0.7198195878654479,0.7128218330391275,0.4305855333805084
1.0,0.0,3,True,158868,5,"[[0, 49, 30, 23, 26, 28, 2, 25, 15, 3, 14, 0], [0, 48, 27, 10, 37, 13, 17, 44, 20, 16, 1, 0], [0, 45, 46, 22, 7, 8, 43, 33, 34, 18, 35, 0], [0, 12, 40, 5, 36, 50, 38, 31, 9, 47, 21, 0], [0, 42, 41, 24, 6, 19, 29, 4, 32, 39, 11, 0]]",3.299325389780279,0.08645448412884164,1.0137490440392867,0.13446179249634346,0.12147978438048068,0.0319228479110079,0.7264296355356428,0.7214107508563413,0.4305855333805084
1.0,0.0,4,True,158661,5,"[[0, 35, 18, 34, 33, 36, 31, 9, 47, 21, 27, 0], [0, 30, 23, 26, 28, 2, 25, 11, 45, 16, 1, 0], [0, 20, 44, 17, 13, 37, 10, 40, 12, 49, 48, 0], [0, 42, 41, 24, 6, 19, 29, 4, 32, 39, 15, 0], [0, 46, 22, 7, 8, 43, 5, 50, 38, 3, 14, 0]]",3.1468812550156144,0.0678910795937885,1.0164967376040295,0.10251351038459688,0.18154238905027653,0.04755036421822902,0.7192342519649182,0.7099077724255161,0.4305855333805084
1.0,0.0,5,True,159036,5,"[[0, 27, 21, 47, 29, 4, 32, 18, 35, 10, 37, 0], [0, 1, 16, 42, 41, 24, 19, 6, 40, 44, 20, 0], [0, 34, 33, 36, 5, 50, 38, 31, 9, 3, 14, 0], [0, 45, 46, 22, 7, 8, 43, 17, 13, 12, 49, 0], [0, 30, 23, 26, 28, 2, 25, 11, 39, 15, 48, 0]]",2.9423370069052908,0.07227806277849057,0.9040194392437115,0.11777149606496096,0.24849990862111726,0.07180257879082452,0.6906083246762451,0.6821011379761838,0.3866737186908722
1.0,0.0,6,True,158661,5,"[[0, 46, 22, 7, 8, 43, 5, 50, 38, 3, 14, 0], [0, 35, 18, 34, 33, 36, 31, 9, 47, 21, 27, 0], [0, 30, 23, 26, 28, 2, 25, 45, 11, 16, 1, 0], [0, 42, 41, 24, 6, 19, 29, 4, 32, 39, 15, 0], [0, 48, 49, 12, 40, 10, 37, 13, 17, 44, 20, 0]]",3.1468812550156144,0.0678910795937885,1.0164967376040295,0.10251351038459688,0.18154238905027653,0.04755036421822902,0.7192342519649182,0.7099077724255161,0.4305855333805084
1.0,0.0,7,True,158661,5,"[[0, 12, 49, 40, 10, 37, 13, 17, 44, 20, 48, 0], [0, 30, 23, 26, 28, 2, 25, 45, 11, 16, 1, 0], [0, 27, 21, 47, 9, 31, 36, 33, 34, 18, 35, 0], [0, 15, 39, 32, 4, 29, 19, 6, 24, 41, 42, 0], [0, 46, 22, 7, 8, 43, 5, 50, 38, 3, 14, 0]]",3.149864982740837,0.0678910795937885,1.0176013394957408,0.10251351038459688,0.18188959719832543,0.04772166511984401,0.7175929764798565,0.7092353082041788,0.4305855333805084
1.0,0.0,8,True,159105,5,"[[0, 42, 41, 24, 6, 19, 4, 29, 47, 21, 27, 0], [0, 14, 3, 38, 50, 36, 31, 9, 40, 12, 49, 0], [0, 20, 44, 17, 13, 37, 10, 35, 18, 32, 39, 0], [0, 30, 23, 26, 28, 2, 25, 11, 45, 15, 48, 0], [0, 34, 33, 5, 43, 8, 7, 22, 46, 16, 1, 0]]",2.458939308875415,0.046473287497506,1.0025240181712434,0.10956843170736517,0.29883382757264143,0.07898229310395352,0.6432237878846139,0.6220423238796191,0.3866737186908722
1.0,0.0,9,True,158307,5,"[[0, 14, 3, 16, 15, 25, 2, 28, 26, 23, 30, 0], [0, 46, 22, 7, 8, 43, 5, 50, 38, 44, 20, 0], [0, 40, 9, 31, 36, 33, 34, 18, 35, 10, 37, 0], [0, 1, 11, 45, 39, 32, 4, 29, 47, 21, 27, 0], [0, 42, 41, 24, 19, 6, 17, 13, 12, 49, 48, 0]]",3.0887185053434223,0.07785750180482864,0.8155815105419606,0.1321541156619787,0.1931952560013963,0.05457147948297656,0.712776801630123,0.7062386909717207,0.4305855333805084
1.5,0.0,0,True,166321,5,"[[0, 14, 3, 38, 50, 5, 36, 31, 9, 40, 12, 0], [0, 39, 32, 18, 35, 10, 37, 13, 17, 44, 20, 0], [0, 34, 33, 43, 8, 7, 22, 46, 11, 16, 1, 0], [0, 48, 15, 45, 25, 2, 28, 26, 23, 30, 49, 0], [0, 27, 21, 47, 29, 4, 6, 19, 24, 41, 42, 0]]",2.450687829281378,0.04613282666964964,1.0036286200629547,0.10956843170736517,0.29841440768598426,0.07926257450237986,0.6400848523946987,0.6195522320351076,0.3866737186908722
1.5,0.0,1,True,166651,5,"[[0, 20, 44, 17, 13, 37, 10, 35, 18, 32, 39, 0], [0, 40, 9, 31, 43, 8, 7, 22, 46, 11, 15, 0], [0, 30, 23, 26, 28, 2, 25, 45, 16, 1, 48, 0], [0, 14, 3, 38, 50, 5, 33, 34, 36, 49, 12, 0], [0, 27, 21, 47, 29, 4, 6, 19, 24, 41, 42, 0]]",2.6341266779854777,0.04994096081046497,1.0036286200629547,0.10956843170736517,0.25862327072687785,0.06768507033871425,0.663136129421392,0.6452634768019276,0.3866737186908722
1.5,0.0,2,True,166576,5,"[[0, 27, 21, 47, 29, 4, 19, 6, 24, 41, 42, 0], [0, 20, 44, 17, 13, 37, 10, 35, 18, 32, 39, 0], [0, 15, 45, 25, 2, 28, 26, 23, 30, 12, 14, 0], [0, 1, 16, 3, 38, 50, 5, 36, 33, 34, 48, 0], [0, 49, 40, 9, 31, 43, 8, 7, 22, 46, 11, 0]]",2.6252983501108247,0.04994182003771558,1.0036286200629547,0.10956843170736517,0.25657168995928004,0.06718893340697796,0.6552241155037346,0.6383117005274146,0.3866737186908722
1.5,0.0,3,True,166562,5,"[[0, 1, 11, 45, 25, 2, 28, 26, 23, 30, 48, 0], [0, 46, 22, 33, 34, 37, 10, 35, 18, 32, 39, 0], [0, 14, 3, 15, 16, 20, 44, 17, 13, 49, 12, 0], [0, 36, 7, 8, 43, 5, 50, 38, 31, 9, 40, 0], [0, 27, 21, 47, 29, 4, 19, 6, 24, 41, 42, 0]]",2.9130132564969244,0.053883772091688334,1.0036286200629547,0.10956843170736517,0.22415802539926388,0.058058236575315315,0.696389634544208,0.6838462488764848,0.4305855333805084
1.5,0.0,4,True,167027,5,"[[0, 39, 32, 18, 35, 10, 37, 13, 17, 44, 20, 0], [0, 15, 45, 11, 25, 2, 28, 26, 23, 30, 49, 0], [0, 42, 41, 24, 19, 6, 4, 29, 47, 21, 27, 0], [0, 12, 40, 9, 31, 36, 7, 8, 43, 22, 46, 0], [0, 34, 33, 5, 50, 38, 14, 3, 16, 1, 48, 0]]",2.6667847921999055,0.05117144106942065,1.0025240181712434,0.10956843170736517,0.2348988170492845,0.0620535077296699,0.6643895227753878,0.6500265245640541,0.3866737186908722
1.5,0.0,5,True,166580,5,"[[0, 48, 42, 41, 24, 6, 19, 4, 29, 44, 20, 0], [0, 14, 49, 12, 30, 23, 26, 28, 2, 25, 1, 0], [0, 40, 9, 31, 36, 33, 34, 18, 35, 10, 37, 0], [0, 46, 22, 7, 8, 43, 5, 50, 38, 17, 13, 0], [0, 27, 21, 47, 32, 39, 45, 11, 16, 3, 15, 0]]",2.7566678170114756,0.06232262396120599,0.8846777830040082,0.09296657033264637,0.2168278679231399,0.048005570891343545,0.668024023358621,0.6528775461922484,0.4305855333805084
1.5,0.0,6,True,166321,5,"[[0, 20, 44, 17, 13, 37, 10, 35, 18, 32, 39, 0], [0, 1, 16, 11, 45, 25, 2, 28, 26, 23, 30, 0], [0, 42, 41, 24, 19, 6, 4, 29, 47, 21, 27, 0], [0, 48, 34, 33, 5, 36, 31, 9, 40, 49, 12, 0], [0, 15, 46, 22, 7, 8, 43, 50, 38, 3, 14, 0]]",2.884045376551512,0.05777070649406489,1.0025240181712434,0.10956843170736517,0.23342449249401565,0.061930049162470066,0.6900130816802936,0.6763026628848391,0.4305855333805084
1.5,0.0,7,True,167221,5,"[[0, 1, 16, 42, 41, 24, 6, 19, 40, 44, 20, 0], [0, 14, 3, 9, 31, 38, 50, 5, 36, 33, 34, 0], [0, 49, 12, 13, 17, 43, 8, 7, 22, 46, 48, 0], [0, 30, 23, 26, 28, 2, 25, 45, 11, 39, 15, 0], [0, 37, 10, 35, 18, 32, 4, 29, 47, 21, 27, 0]]",2.951693088391039,0.07269418156809276,0.9040194392437115,0.1196440306181709,0.24847687187465506,0.07284626526657094,0.694132950881746,0.6861769233242172,0.3866737186908722
1.5,0.0,8,True,166470,5,"[[0, 27, 21, 47, 29, 4, 6, 19, 24, 41, 42, 0], [0, 39, 32, 18, 35, 10, 37, 13, 17, 44, 20, 0], [0, 12, 49, 40, 9, 31, 38, 50, 5, 33, 34, 0], [0, 36, 7, 8, 43, 22, 46, 11, 45, 1, 48, 0], [0, 14, 3, 16, 15, 25, 2, 28, 26, 23, 30, 0]]",2.6805871059113997,0.04880396162884103,1.0036286200629547,0.10956843170736517,0.23904357961732559,0.06479933412284876,0.6668578584133973,0.6530600821693366,0.3866737186908722
1.5,0.0,9,True,166457,5,"[[0, 49, 30, 23, 26, 28, 2, 25, 11, 45, 1, 0], [0, 14, 3, 16, 20, 44, 17, 13, 37, 10, 35, 0], [0, 46, 22, 7, 8, 43, 50, 38, 31, 9, 40, 0], [0, 12, 36, 5, 33, 34, 18, 32, 39, 15, 48, 0], [0, 42, 41, 24, 19, 6, 4, 29, 47, 21, 27, 0]]",2.9007179364489275,0.05503660119656059,1.0025240181712434,0.10956843170736517,0.2194345148441661,0.056150144929275815,0.6947939013435103,0.6804387610088394,0.4305855333805084
2.0,0.0,0,True,173424,5,"[[0, 14, 40, 9, 31, 36, 43, 8, 7, 22, 46, 0], [0, 48, 12, 19, 6, 24, 41, 4, 29, 47, 21, 0], [0, 1, 11, 45, 25, 2, 28, 26, 23, 30, 49, 0], [0, 27, 35, 10, 37, 13, 17, 44, 20, 16, 42, 0], [0, 39, 32, 18, 34, 33, 5, 50, 38, 3, 15, 0]]",2.0875387808700907,0.03479153634698102,0.6507583438578877,0.06954728253185749,0.21110368502208643,0.024978366947794643,0.5834211299240497,0.5519483329990876,0.2914634943008423
2.0,0.0,1,True,173267,5,"[[0, 27, 21, 47, 29, 4, 41, 24, 6, 19, 12, 0], [0, 39, 32, 18, 34, 33, 5, 50, 38, 3, 14, 0], [0, 1, 45, 11, 25, 2, 28, 26, 23, 30, 49, 0], [0, 42, 16, 20, 44, 17, 13, 37, 10, 35, 48, 0], [0, 40, 9, 31, 36, 7, 8, 43, 22, 46, 15, 0]]",2.300700820160273,0.03915053999849728,0.545198017032817,0.0428530543576926,0.07748493335334028,0.00418101372915812,0.6217132062173385,0.5975534095178565,0.2914634943008423
2.0,0.0,2,True,173280,5,"[[0, 39, 32, 18, 35, 10, 37, 13, 17, 44, 20, 0], [0, 48, 1, 46, 22, 7, 8, 43, 5, 33, 34, 0], [0, 15, 11, 45, 25, 2, 28, 26, 23, 30, 49, 0], [0, 42, 16, 3, 38, 50, 36, 31, 9, 40, 14, 0], [0, 27, 21, 47, 29, 4, 41, 24, 6, 19, 12, 0]]",2.515455154927622,0.045240249059029986,0.6490673553198576,0.06885653734207153,0.09898047739630744,0.00832834501145962,0.6452462889250499,0.6248075765873893,0.4305855333805084
2.0,0.0,3,True,173280,5,"[[0, 14, 40, 9, 31, 36, 50, 38, 3, 16, 42, 0], [0, 34, 33, 5, 43, 8, 7, 22, 46, 15, 48, 0], [0, 39, 32, 18, 35, 10, 37, 13, 17, 44, 20, 0], [0, 27, 21, 47, 29, 4, 41, 24, 6, 19, 12, 0], [0, 49, 30, 23, 26, 28, 2, 25, 11, 45, 1, 0]]",2.0914536891432363,0.03390656422604533,0.545198017032817,0.050909459280471005,0.16450599609383199,0.01652273432041202,0.5782616119045396,0.5500661823891809,0.2914634943008423
2.0,0.0,4,True,173536,5,"[[0, 20, 44, 17, 13, 37, 10, 35, 18, 32, 39, 0], [0, 15, 11, 45, 25, 2, 28, 26, 23, 30, 49, 0], [0, 1, 16, 46, 22, 7, 8, 43, 5, 33, 34, 0], [0, 42, 41, 24, 19, 6, 4, 29, 47, 21, 27, 0], [0, 14, 3, 38, 50, 36, 31, 9, 40, 12, 48, 0]]",2.884045376551512,0.05777070649406489,1.0025240181712434,0.10956843170736517,0.2300704292206246,0.060485579324892305,0.6900130816802936,0.6763026628848391,0.4305855333805084
2.0,0.0,5,True,173280,5,"[[0, 14, 40, 9, 31, 36, 50, 38, 3, 16, 42, 0], [0, 39, 32, 18, 35, 10, 37, 13, 17, 44, 20, 0], [0, 27, 21, 47, 29, 4, 41, 24, 6, 19, 12, 0], [0, 49, 30, 23, 26, 28, 2, 25, 45, 11, 1, 0], [0, 34, 33, 5, 43, 8, 7, 22, 46, 15, 48, 0]]",2.0914536891432363,0.03390656422604533,0.545198017032817,0.050909459280471005,0.16450599609383199,0.01652273432041202,0.5782616119045396,0.5500661823891809,0.2914634943008423
2.0,0.0,6,True,173280,5,"[[0, 49, 30, 23, 26, 28, 2, 25, 45, 15, 48, 0], [0, 42, 16, 3, 38, 50, 36, 31, 9, 40, 14, 0], [0, 20, 44, 17, 13, 37, 10, 35, 18, 32, 39, 0], [0, 12, 19, 6, 24, 41, 4, 29, 47, 21, 27, 0], [0, 1, 11, 46, 22, 7, 8, 43, 5, 33, 34, 0]]",2.5094766159236315,0.04780394854870709,0.6452983692288399,0.09297241307795048,0.09554437794767878,0.007915554456846541,0.6496250396255749,0.6273796030142659,0.4305855333805084
2.0,0.0,7,True,173428,5,"[[0, 40, 9, 31, 36, 5, 43, 8, 7, 22, 46, 0], [0, 14, 3, 15, 11, 45, 39, 32, 47, 21, 27, 0], [0, 1, 16, 25, 2, 28, 26, 23, 30, 49, 12, 0], [0, 13, 17, 38, 50, 33, 34, 18, 35, 10, 37, 0], [0, 20, 44, 29, 4, 6, 19, 24, 41, 42, 48, 0]]",2.3319353085244074,0.0363366582359259,0.8857823848957196,0.0812871172092855,0.294589888503374,0.06501502088481603,0.6195799442135932,0.5944867512965984,0.3866737186908722
2.0,0.0,8,True,173375,5,"[[0, 39, 32, 18, 35, 10, 37, 13, 17, 44, 20, 0], [0, 48, 1, 25, 45, 11, 15, 16, 3, 14, 42, 0], [0, 34, 33, 36, 31, 9, 2, 28, 26, 23, 30, 0], [0, 49, 40, 38, 50, 5, 43, 8, 7, 22, 46, 0], [0, 12, 19, 6, 24, 41, 4, 29, 47, 21, 27, 0]]",2.0846177475687,0.03549092379398644,0.5076810671016574,0.05429000438501438,0.13120542575648675,0.012778221432201201,0.586665287112468,0.559768822978485,0.2914634943008423
2.0,0.0,9,True,173280,5,"[[0, 20, 44, 17, 13, 37, 10, 35, 18, 32, 39, 0], [0, 15, 46, 22, 7, 8, 43, 5, 33, 34, 48, 0], [0, 49, 30, 23, 26, 28, 2, 25, 45, 11, 1, 0], [0, 42, 16, 3, 38, 50, 36, 31, 9, 40, 14, 0], [0, 27, 21, 47, 29, 4, 41, 24, 6, 19, 12, 0]]",2.5248112364133704,0.045561254982437405,0.6169736688025296,0.06885653734207153,0.09047666565230106,0.006854542430015415,0.6476207979030262,0.626942174470219,0.4305855333805084
3.0,0.0,0,True,185035,5,"[[0, 48, 42, 16, 3, 15, 39, 32, 47, 21, 27, 0], [0, 20, 5, 33, 34, 18, 35, 10, 37, 40, 12, 0], [0, 46, 22, 7, 8, 43, 9, 31, 38, 50, 36, 0], [0, 45, 25, 2, 28, 26, 23, 30, 49, 11, 1, 0], [0, 19, 6, 24, 41, 4, 29, 44, 17, 13, 14, 0]]",2.0395246083353413,0.02763618235476315,0.6100082123884931,0.04553890414535999,0.20959577376383254,0.023430635704616416,0.5680105736497914,0.5269033289715932,0.2914634943008423
3.0,0.0,1,True,184041,5,"[[0, 48, 30, 23, 26, 28, 2, 25, 45, 11, 1, 0], [0, 12, 19, 6, 24, 41, 4, 29, 44, 17, 13, 0], [0, 46, 22, 7, 8, 43, 9, 31, 38, 50, 36, 0], [0, 27, 21, 47, 32, 39, 15, 16, 3, 14, 42, 0], [0, 49, 40, 37, 10, 35, 18, 34, 33, 5, 20, 0]]",2.0122829986939905,0.029078987401884956,0.6157543387962505,0.05428848105172316,0.22149992990627876,0.025295748104871275,0.5785761245613734,0.5458562693213345,0.2914634943008423
3.0,0.0,2,True,184156,5,"[[0, 36, 50, 38, 31, 9, 43, 8, 7, 22, 46, 0], [0, 48, 27, 21, 47, 32, 39, 15, 3, 16, 42, 0], [0, 1, 11, 45, 25, 2, 28, 26, 23, 30, 49, 0], [0, 20, 5, 33, 34, 18, 35, 10, 37, 40, 14, 0], [0, 13, 17, 44, 29, 4, 41, 24, 6, 19, 12, 0]]",2.036066961751203,0.02763618235476315,0.6111128142802045,0.04553890414535999,0.20725193451823376,0.0227535119554462,0.5710055769290128,0.5325387506730949,0.2914634943008423
3.0,0.0,3,True,184041,5,"[[0, 20, 5, 33, 34, 18, 35, 10, 37, 40, 48, 0], [0, 46, 22, 7, 8, 43, 9, 31, 38, 50, 36, 0], [0, 27, 21, 47, 32, 39, 15, 16, 3, 14, 42, 0], [0, 13, 17, 44, 29, 4, 41, 24, 6, 19, 12, 0], [0, 1, 45, 11, 25, 2, 28, 26, 23, 30, 49, 0]]",2.0294967450172408,0.028026568106351755,0.6157543387962505,0.0496792437043041,0.2141720258047275,0.024071872417235733,0.5756483828061434,0.5412334806229836,0.2914634943008423
3.0,0.0,4,True,183974,5,"[[0, 42, 16, 15, 45, 11, 39, 32, 47, 21, 27, 0], [0, 37, 10, 35, 18, 34, 33, 50, 38, 3, 14, 0], [0, 20, 5, 36, 31, 9, 43, 8, 7, 22, 46, 0], [0, 1, 25, 2, 28, 26, 23, 30, 12, 49, 48, 0], [0, 40, 19, 6, 24, 41, 4, 29, 44, 17, 13, 0]]",2.015189701683994,0.029078987401884956,0.60828952700831,0.05428848105172316,0.21352296384316438,0.0239567023731576,0.5767976162659201,0.5414156126320646,0.2914634943008423
3.0,0.0,5,True,185415,5,"[[0, 1, 11, 25, 2, 28, 26, 23, 30, 49, 14, 0], [0, 12, 19, 6, 24, 41, 4, 29, 47, 21, 27, 0], [0, 42, 16, 3, 38, 50, 36, 5, 33, 34, 48, 0], [0, 15, 45, 46, 22, 7, 8, 43, 31, 9, 40, 0], [0, 39, 32, 18, 35, 10, 37, 13, 17, 44, 20, 0]]",2.239395137752581,0.039397362280975685,0.5601233697962016,0.050909459280471005,0.10632594160627273,0.007142506326639629,0.6051755053424279,0.5750620459873721,0.2914634943008423
3.0,0.0,6,True,184041,5,"[[0, 42, 14, 3, 16, 15, 39, 32, 47, 21, 27, 0], [0, 46, 22, 7, 8, 43, 9, 31, 38, 50, 36, 0], [0, 12, 19, 6, 24, 41, 4, 29, 44, 17, 13, 0], [0, 20, 5, 33, 34, 18, 35, 10, 37, 40, 49, 0], [0, 48, 30, 23, 26, 28, 2, 25, 45, 11, 1, 0]]",2.0130575226357905,0.029078987401884956,0.6146497369045392,0.05428848105172316,0.22022895818777188,0.025041155932428817,0.5782221128901845,0.545646251105453,0.2914634943008423
3.0,0.0,7,True,185415,5,"[[0, 12, 19, 6, 24, 41, 4, 29, 47, 21, 27, 0], [0, 49, 30, 23, 26, 28, 2, 25, 11, 45, 1, 0], [0, 42, 16, 3, 38, 50, 36, 5, 33, 34, 48, 0], [0, 39, 32, 18, 35, 10, 37, 13, 17, 44, 20, 0], [0, 14, 40, 31, 9, 43, 8, 7, 22, 46, 15, 0]]",2.239395137752581,0.039397362280975685,0.545198017032817,0.050909459280471005,0.09832805726057581,0.00619710450979826,0.6051755053424279,0.5750620459873721,0.2914634943008423
3.0,0.0,8,True,183974,5,"[[0, 1, 25, 2, 28, 26, 23, 30, 49, 12, 48, 0], [0, 40, 19, 6, 24, 41, 4, 29, 44, 17, 13, 0], [0, 20, 5, 36, 31, 9, 43, 8, 7, 22, 46, 0], [0, 37, 10, 35, 18, 34, 33, 50, 38, 3, 14, 0], [0, 42, 16, 15, 45, 11, 39, 32, 47, 21, 27, 0]]",2.015189701683994,0.029078987401884956,0.60828952700831,0.05428848105172316,0.21352296384316438,0.023956702373157595,0.5767976162659201,0.5414156126320646,0.2914634943008423
3.0,0.0,9,True,185415,5,"[[0, 48, 34, 33, 5, 36, 50, 38, 3, 16, 42, 0], [0, 27, 21, 47, 29, 4, 41, 24, 6, 19, 12, 0], [0, 39, 32, 18, 35, 10, 37, 13, 17, 44, 20, 0], [0, 49, 30, 23, 26, 28, 2, 25, 11, 45, 1, 0], [0, 15, 46, 22, 7, 8, 43, 31, 9, 40, 14, 0]]",2.255834360134031,0.03763504507286208,0.545198017032817,0.050909459280471005,0.09993887139972557,0.006545169027755858,0.602108409130794,0.5745363279905663,0.2914634943008423
