beta,lambda_concentration,seed,is_feasible,pyvrp_cost,num_routes,routes,global_risk,global_cvar90,max_vehicle_risk,max_vehicle_cvar90,vehicle_risk_gini,risk_variance,edge_burden_gini_used,top10_burden_share,max_edge_burden
0.0,0.0,0,True,145999,5,"[[0, 44, 14, 3, 15, 41, 11, 1, 37, 38, 50, 0], [0, 42, 7, 8, 34, 17, 9, 47, 43, 26, 33, 0], [0, 45, 12, 13, 24, 32, 46, 23, 10, 18, 19, 0], [0, 40, 25, 20, 35, 4, 16, 28, 30, 21, 29, 0], [0, 36, 31, 6, 22, 2, 48, 5, 39, 49, 27, 0]]",8.663780761773523,0.24702587502542883,2.9488988876109943,0.38856000559670584,0.22111117245996037,0.4993164897183087,0.8786865743224848,0.9069895496168393,1.0187125205993652
0.0,0.0,1,True,145999,5,"[[0, 6, 22, 5, 2, 48, 43, 9, 47, 31, 36, 0], [0, 12, 45, 13, 24, 32, 46, 23, 10, 18, 19, 0], [0, 27, 49, 39, 17, 34, 8, 7, 30, 21, 29, 0], [0, 33, 26, 28, 16, 4, 35, 20, 25, 40, 44, 0], [0, 14, 3, 15, 42, 41, 11, 1, 37, 38, 50, 0]]",9.425502134989074,0.30761260339724167,3.0520734676974826,0.4731070746978124,0.19407006377462,0.45582578243609156,0.8878546730832395,0.9145370189669846,1.5716731548309326
0.0,0.0,2,True,146664,5,"[[0, 27, 49, 39, 17, 34, 8, 7, 16, 12, 45, 0], [0, 35, 4, 6, 22, 5, 43, 47, 9, 31, 36, 0], [0, 33, 26, 28, 30, 48, 2, 20, 25, 40, 19, 0], [0, 14, 3, 15, 42, 41, 11, 1, 37, 38, 50, 0], [0, 29, 21, 18, 10, 23, 46, 32, 24, 13, 44, 0]]",7.388437018678815,0.22159439424673716,2.5144538626482245,0.3752412001291911,0.24794101887883002,0.4346243577582686,0.877049414254419,0.897519316268881,1.0187125205993652
0.0,0.0,3,True,146664,5,"[[0, 44, 50, 38, 37, 1, 41, 11, 15, 3, 14, 0], [0, 19, 18, 21, 29, 10, 23, 46, 32, 24, 13, 0], [0, 45, 12, 42, 7, 8, 34, 17, 39, 49, 27, 0], [0, 16, 35, 4, 6, 22, 5, 30, 28, 26, 33, 0], [0, 40, 25, 20, 2, 48, 43, 47, 9, 31, 36, 0]]",9.497814793234284,0.24308143618206182,2.844202433800092,0.4443396491309007,0.19394447684110583,0.46938571714304744,0.8761040014480854,0.911724653607133,1.0187125205993652
0.0,0.0,4,True,147330,5,"[[0, 36, 31, 9, 47, 43, 48, 2, 20, 25, 40, 0], [0, 45, 12, 13, 24, 32, 46, 23, 10, 29, 44, 0], [0, 14, 3, 15, 42, 11, 41, 1, 37, 38, 50, 0], [0, 21, 35, 4, 6, 22, 5, 30, 28, 26, 33, 0], [0, 27, 49, 39, 17, 34, 8, 7, 16, 18, 19, 0]]",8.93460906621658,0.24108035961056457,2.595180536271073,0.47495428919792176,0.22278141307113475,0.539240609230385,0.8847930233190446,0.9129364906006996,1.2239742279052734
0.0,0.0,5,True,147330,5,"[[0, 27, 49, 39, 48, 2, 43, 9, 47, 31, 36, 0], [0, 14, 3, 15, 42, 11, 41, 1, 37, 38, 50, 0], [0, 33, 26, 28, 30, 8, 17, 34, 7, 16, 45, 0], [0, 12, 35, 4, 6, 22, 5, 20, 25, 40, 44, 0], [0, 29, 21, 13, 24, 32, 46, 23, 10, 18, 19, 0]]",9.025607458439481,0.2930002153984138,3.164136962266639,0.3625868558883667,0.18615524724931598,0.488343634911948,0.8715390380108468,0.8909991113887875,1.0187125205993652
0.0,0.0,6,True,147330,5,"[[0, 50, 38, 37, 1, 41, 11, 15, 3, 14, 45, 0], [0, 36, 31, 9, 47, 43, 2, 48, 39, 49, 27, 0], [0, 40, 25, 20, 5, 22, 6, 4, 35, 16, 12, 0], [0, 13, 24, 32, 46, 23, 10, 29, 21, 18, 19, 0], [0, 42, 7, 34, 17, 8, 30, 28, 26, 33, 44, 0]]",9.314405202785565,0.3035585892253688,2.779407166526653,0.381948543091615,0.1878815883191738,0.41582589765390654,0.8762479015301365,0.9102465050775328,1.0187125205993652
0.0,0.0,7,True,146664,5,"[[0, 19, 18, 10, 23, 46, 32, 24, 13, 21, 29, 0], [0, 33, 26, 28, 30, 5, 22, 6, 4, 35, 44, 0], [0, 12, 45, 16, 7, 8, 34, 17, 39, 49, 27, 0], [0, 40, 25, 20, 2, 48, 43, 47, 9, 31, 36, 0], [0, 14, 3, 15, 42, 11, 41, 1, 37, 38, 50, 0]]",8.804263830192212,0.25117424270138144,2.5950790904462337,0.29642085305282045,0.12806131551150024,0.1996457566476552,0.874076182923945,0.9060703290976457,1.0187125205993652
0.0,0.0,8,True,147330,5,"[[0, 14, 3, 15, 42, 11, 41, 1, 37, 38, 50, 0], [0, 12, 45, 13, 46, 23, 10, 29, 21, 18, 19, 0], [0, 32, 24, 6, 22, 5, 48, 2, 20, 25, 40, 0], [0, 36, 31, 47, 9, 43, 30, 28, 26, 33, 44, 0], [0, 27, 49, 39, 17, 34, 8, 7, 16, 4, 35, 0]]",9.661993174297095,0.3159366524113076,2.2832186145242304,0.3413206039307018,0.0982365012316011,0.1324688959358093,0.8767785376674104,0.9069374935575634,1.0187125205993652
0.0,0.0,9,True,147329,5,"[[0, 44, 14, 3, 15, 41, 11, 1, 37, 38, 50, 0], [0, 32, 24, 5, 22, 6, 4, 35, 16, 7, 42, 0], [0, 40, 25, 20, 2, 48, 43, 47, 9, 31, 36, 0], [0, 27, 49, 39, 17, 34, 8, 30, 28, 26, 33, 0], [0, 12, 45, 13, 46, 23, 10, 29, 21, 18, 19, 0]]",9.941724848999002,0.3122980602342507,2.5950790904462337,0.4273474648594856,0.12724410881611004,0.2042756341571053,0.8745039411715794,0.8990684422074431,1.0187125205993652
0.25,0.0,0,True,157603,5,"[[0, 12, 35, 4, 6, 22, 5, 20, 25, 40, 19, 0], [0, 30, 28, 16, 7, 8, 34, 17, 39, 49, 27, 0], [0, 33, 26, 43, 9, 47, 2, 48, 31, 36, 44, 0], [0, 14, 3, 15, 11, 42, 41, 1, 37, 38, 50, 0], [0, 45, 13, 24, 32, 46, 23, 10, 18, 21, 29, 0]]",6.882667926875001,0.2044994747887055,2.3202661068353336,0.4290731281042099,0.23120394040064074,0.33355886893245545,0.8760816316417357,0.8923193058662318,1.0187125205993652
0.25,0.0,1,True,157603,5,"[[0, 36, 31, 2, 48, 9, 47, 43, 26, 33, 44, 0], [0, 12, 35, 4, 6, 22, 5, 20, 25, 40, 19, 0], [0, 27, 49, 39, 17, 34, 8, 7, 16, 28, 30, 0], [0, 45, 13, 24, 32, 46, 23, 10, 18, 21, 29, 0], [0, 14, 3, 15, 42, 11, 41, 1, 37, 38, 50, 0]]",6.8827693726998405,0.2044994747887055,2.3202661068353336,0.4290731281042099,0.2311946370227549,0.3335480257819987,0.8760577527334574,0.8923061538829091,1.0187125205993652
0.25,0.0,2,True,157609,5,"[[0, 45, 12, 35, 4, 6, 22, 20, 25, 40, 19, 0], [0, 33, 26, 9, 47, 43, 5, 2, 48, 31, 36, 0], [0, 50, 38, 37, 1, 11, 41, 42, 15, 3, 14, 0], [0, 13, 24, 32, 46, 23, 10, 18, 21, 29, 44, 0], [0, 30, 28, 16, 7, 8, 34, 17, 39, 49, 27, 0]]",7.357860166091996,0.20670513820368797,2.3202661068353336,0.4290731281042099,0.2045479194134867,0.31785305713891887,0.8735797978208582,0.8948605507229563,1.0187125205993652
0.25,0.0,3,True,157496,5,"[[0, 50, 38, 37, 1, 11, 41, 42, 15, 3, 14, 0], [0, 35, 4, 6, 22, 5, 43, 9, 47, 31, 36, 0], [0, 44, 27, 49, 39, 17, 34, 8, 7, 16, 12, 0], [0, 29, 21, 18, 10, 23, 46, 32, 24, 13, 45, 0], [0, 19, 40, 25, 20, 2, 48, 30, 28, 26, 33, 0]]",8.098646347825706,0.23007551161572337,3.2246631917951163,0.436030276119709,0.2964901664621453,0.8102810280207976,0.8771606321645045,0.9051174777702258,1.0187125205993652
0.25,0.0,4,True,157400,5,"[[0, 45, 12, 16, 7, 8, 34, 17, 39, 49, 27, 0], [0, 33, 26, 28, 30, 5, 43, 9, 47, 31, 36, 0], [0, 13, 24, 32, 46, 23, 10, 18, 21, 29, 44, 0], [0, 19, 40, 25, 20, 35, 4, 6, 22, 48, 2, 0], [0, 14, 3, 15, 11, 42, 41, 1, 37, 38, 50, 0]]",7.681886862272222,0.22382048757806902,2.27560383695527,0.3497340219716231,0.18590574994255937,0.3059627993211577,0.8771501338950172,0.8990297856158814,1.0187125205993652
0.25,0.0,5,True,157496,5,"[[0, 19, 40, 25, 20, 2, 48, 30, 28, 26, 33, 0], [0, 29, 21, 18, 10, 23, 46, 32, 24, 13, 45, 0], [0, 12, 16, 7, 8, 34, 17, 39, 49, 27, 44, 0], [0, 50, 38, 37, 1, 11, 42, 41, 15, 3, 14, 0], [0, 35, 4, 6, 22, 5, 43, 47, 9, 31, 36, 0]]",8.098646347825706,0.23007551161572337,3.2246631917951163,0.436030276119709,0.2964901664621453,0.8102810280207974,0.8771606321645045,0.9051174777702258,1.0187125205993652
0.25,0.0,6,True,157466,5,"[[0, 50, 38, 37, 1, 11, 41, 15, 3, 14, 44, 0], [0, 42, 7, 16, 28, 30, 9, 47, 43, 26, 33, 0], [0, 19, 29, 21, 18, 10, 46, 32, 24, 31, 36, 0], [0, 12, 45, 13, 23, 8, 34, 17, 39, 49, 27, 0], [0, 2, 48, 5, 22, 6, 4, 35, 20, 25, 40, 0]]",6.782001892199332,0.21525985122259175,1.7870355766790453,0.2689603449155887,0.1613470102087604,0.18695022648495355,0.8779337105607137,0.8908690437298955,1.0187125205993652
0.25,0.0,7,True,157400,5,"[[0, 50, 38, 37, 1, 41, 11, 42, 15, 3, 14, 0], [0, 19, 40, 25, 20, 35, 4, 6, 22, 2, 48, 0], [0, 12, 16, 7, 8, 34, 17, 39, 49, 27, 44, 0], [0, 45, 13, 24, 32, 46, 23, 10, 18, 21, 29, 0], [0, 36, 31, 9, 47, 43, 5, 30, 28, 26, 33, 0]]",7.681988308097061,0.22382048757806902,2.275705282780109,0.3497340219716231,0.18605769438519548,0.3064152084306726,0.877129198081591,0.8990179133226028,1.0187125205993652
0.25,0.0,8,True,157755,5,"[[0, 2, 48, 5, 22, 6, 4, 35, 20, 25, 40, 0], [0, 33, 26, 28, 30, 21, 18, 10, 29, 19, 44, 0], [0, 13, 23, 24, 32, 46, 43, 47, 9, 31, 36, 0], [0, 27, 49, 39, 17, 34, 8, 7, 16, 45, 12, 0], [0, 50, 38, 37, 1, 11, 42, 41, 15, 3, 14, 0]]",6.988097146335349,0.21511495858430862,1.7065426016633864,0.23501225685079893,0.11075050883751691,0.08452144119781735,0.8790716476275919,0.89159067247073,1.0187125205993652
0.25,0.0,9,True,157496,5,"[[0, 44, 27, 49, 39, 17, 34, 8, 7, 16, 45, 0], [0, 14, 3, 15, 11, 42, 41, 1, 37, 38, 50, 0], [0, 33, 26, 28, 30, 48, 2, 20, 25, 40, 19, 0], [0, 12, 13, 24, 32, 46, 23, 10, 18, 21, 29, 0], [0, 35, 4, 6, 22, 5, 43, 47, 9, 31, 36, 0]]",7.394432672015682,0.22159439424673716,2.5144538626482245,0.3752412001291911,0.24625373104546244,0.43006111358446797,0.8760528952883011,0.8967915775873382,1.0187125205993652
0.5,0.0,0,True,166673,5,"[[0, 27, 49, 39, 17, 34, 8, 7, 16, 12, 45, 0], [0, 40, 25, 20, 35, 4, 6, 22, 5, 48, 2, 0], [0, 14, 3, 15, 41, 11, 42, 1, 37, 38, 50, 0], [0, 13, 24, 32, 46, 23, 10, 18, 21, 29, 19, 0], [0, 36, 31, 9, 47, 43, 28, 30, 26, 33, 44, 0]]",6.226801459364651,0.1882491251774903,1.7065426016633864,0.23501225685079893,0.1946738311050662,0.21276606299763917,0.8709226827484544,0.8779213497833349,1.0187125205993652
0.5,0.0,1,True,166796,5,"[[0, 19, 10, 23, 8, 7, 16, 28, 30, 26, 33, 0], [0, 29, 21, 18, 4, 35, 20, 25, 40, 31, 36, 0], [0, 50, 38, 14, 3, 15, 11, 42, 41, 45, 12, 0], [0, 48, 2, 9, 47, 43, 5, 46, 32, 24, 13, 0], [0, 44, 6, 22, 34, 17, 39, 49, 27, 37, 1, 0]]",4.848722620990884,0.12797458528075367,1.890442701318534,0.21122401161119342,0.29028185340120083,0.28936854399070927,0.8524869775891419,0.848838092304601,0.7160996794700623
0.5,0.0,2,True,166673,5,"[[0, 44, 33, 26, 30, 28, 43, 9, 47, 31, 36, 0], [0, 14, 3, 15, 41, 11, 42, 1, 37, 38, 50, 0], [0, 45, 12, 16, 7, 8, 34, 17, 39, 49, 27, 0], [0, 13, 24, 32, 46, 23, 10, 18, 21, 29, 19, 0], [0, 40, 25, 20, 35, 4, 6, 22, 5, 2, 48, 0]]",6.226700013539812,0.1882491251774903,1.7065426016633864,0.23501225685079893,0.19468351957201913,0.21278347945709167,0.8709485051049817,0.8779356529383414,1.0187125205993652
0.5,0.0,3,True,167356,5,"[[0, 14, 3, 15, 11, 41, 42, 1, 37, 38, 50, 0], [0, 19, 29, 21, 18, 10, 23, 13, 12, 45, 44, 0], [0, 30, 28, 16, 7, 8, 34, 17, 39, 49, 27, 0], [0, 35, 4, 6, 22, 5, 20, 25, 40, 31, 36, 0], [0, 33, 26, 43, 9, 47, 2, 48, 46, 32, 24, 0]]",6.459813805682643,0.19010629517336686,2.3202661068353336,0.4290731281042099,0.2967830666091227,0.4841857073597395,0.8713796953940063,0.8804535078538258,1.0187125205993652
0.5,0.0,4,True,167625,5,"[[0, 27, 37, 49, 39, 17, 34, 8, 7, 16, 19, 0], [0, 1, 42, 45, 41, 11, 15, 3, 14, 38, 50, 0], [0, 35, 4, 6, 22, 5, 20, 25, 40, 31, 36, 0], [0, 2, 48, 47, 9, 43, 28, 30, 26, 33, 44, 0], [0, 12, 13, 24, 32, 46, 23, 10, 18, 21, 29, 0]]",4.441184344135763,0.12319578758130471,1.46856961208141,0.18992317986807652,0.220809662149146,0.13735725328646423,0.8454473068908559,0.8353635450661424,0.7160996794700623
0.5,0.0,5,True,166954,5,"[[0, 50, 38, 14, 3, 15, 41, 11, 42, 12, 45, 0], [0, 19, 16, 7, 8, 34, 17, 39, 49, 37, 27, 0], [0, 1, 48, 2, 9, 47, 43, 28, 30, 26, 33, 0], [0, 35, 4, 6, 22, 5, 20, 25, 40, 31, 36, 0], [0, 13, 24, 32, 46, 23, 10, 18, 21, 29, 44, 0]]",4.439942269136736,0.12319578758130471,1.46856961208141,0.18992317986807652,0.22802596702172329,0.14466701429433035,0.8460295465505514,0.837224011119954,0.7160996794700623
0.5,0.0,6,True,167055,5,"[[0, 50, 38, 14, 3, 15, 11, 1, 37, 49, 27, 0], [0, 42, 39, 17, 34, 8, 7, 16, 28, 30, 45, 0], [0, 29, 21, 18, 10, 23, 46, 32, 24, 13, 12, 0], [0, 33, 26, 43, 47, 9, 2, 48, 31, 36, 44, 0], [0, 41, 35, 4, 6, 22, 5, 20, 25, 40, 19, 0]]",6.1199835890802206,0.17970706087847552,1.817628256350872,0.2591018728911877,0.18765393554190601,0.17354766337402389,0.8683201939098129,0.8794887154286534,0.7858365774154663
0.5,0.0,7,True,166896,5,"[[0, 44, 50, 38, 14, 3, 15, 11, 41, 42, 1, 0], [0, 6, 22, 5, 2, 48, 46, 32, 24, 13, 12, 0], [0, 33, 26, 30, 28, 16, 7, 8, 23, 10, 19, 0], [0, 36, 31, 40, 25, 20, 35, 4, 18, 21, 45, 0], [0, 27, 37, 49, 39, 17, 34, 9, 47, 43, 29, 0]]",4.421104619577818,0.11461015569511801,1.8815307416953146,0.1872505803282062,0.29836358478286296,0.2870938337916352,0.84553375296552,0.8374543484009844,0.7160996794700623
0.5,0.0,8,True,166976,5,"[[0, 6, 22, 5, 48, 2, 47, 9, 43, 26, 33, 0], [0, 30, 28, 16, 7, 8, 34, 17, 39, 49, 27, 0], [0, 44, 50, 38, 37, 24, 32, 46, 23, 10, 19, 0], [0, 29, 21, 18, 4, 35, 20, 25, 40, 31, 36, 0], [0, 1, 42, 41, 11, 15, 3, 14, 45, 12, 13, 0]]",5.8552268010462285,0.1457810768059322,2.3202661068353336,0.4290731281042099,0.3354805599053696,0.5048936589906594,0.8591556425874787,0.8645218391657495,0.7858365774154663
0.5,0.0,9,True,167584,5,"[[0, 11, 42, 39, 17, 34, 6, 22, 2, 48, 44, 0], [0, 29, 21, 18, 4, 35, 20, 25, 40, 12, 45, 0], [0, 36, 31, 47, 9, 43, 5, 46, 32, 24, 13, 0], [0, 19, 10, 23, 8, 7, 16, 28, 30, 26, 33, 0], [0, 50, 38, 14, 3, 15, 41, 1, 37, 49, 27, 0]]",4.894314622455568,0.1378388745089372,1.8238943346659653,0.20888904971070588,0.23601792573133817,0.2039497722366069,0.8500288960802198,0.8493585565701948,0.70259028673172
1.0,0.0,0,True,178462,5,"[[0, 33, 26, 30, 28, 16, 7, 42, 41, 11, 1, 0], [0, 15, 2, 48, 34, 17, 39, 8, 23, 13, 12, 0], [0, 36, 31, 47, 9, 43, 35, 4, 18, 10, 19, 0], [0, 45, 6, 22, 5, 46, 32, 24, 37, 49, 27, 0], [0, 44, 29, 21, 20, 25, 40, 3, 14, 38, 50, 0]]",3.472821562238096,0.09002263428022464,0.9676436995723634,0.10501094295510224,0.1409946919319771,0.03435079225686922,0.8213136521040374,0.794191568957105,0.70259028673172
1.0,0.0,1,True,178753,5,"[[0, 19, 10, 18, 21, 29, 43, 47, 9, 31, 36, 0], [0, 48, 2, 5, 39, 17, 34, 20, 25, 40, 45, 0], [0, 44, 1, 11, 42, 41, 15, 3, 14, 38, 50, 0], [0, 35, 4, 6, 22, 46, 32, 24, 37, 49, 27, 0], [0, 12, 13, 23, 8, 7, 16, 28, 30, 26, 33, 0]]",3.691127245670941,0.09483361313299786,1.0850440199355944,0.11779376456979662,0.167647780335191,0.05353398422359128,0.8272507649229683,0.8074961169230812,0.70259028673172
1.0,0.0,2,True,178782,5,"[[0, 44, 36, 31, 40, 25, 20, 35, 4, 43, 29, 0], [0, 15, 3, 48, 2, 47, 9, 28, 30, 26, 33, 0], [0, 19, 16, 7, 8, 39, 17, 34, 22, 6, 45, 0], [0, 1, 41, 42, 5, 46, 32, 24, 37, 49, 27, 0], [0, 11, 21, 18, 10, 23, 13, 12, 14, 38, 50, 0]]",3.0633182091278286,0.07494650090173367,0.9650992621536716,0.09208538124544753,0.2239955243105931,0.06285532665522471,0.8106847286315968,0.7718752186536482,0.70259028673172
1.0,0.0,3,True,178777,5,"[[0, 50, 38, 14, 3, 34, 17, 39, 49, 37, 27, 0], [0, 12, 45, 23, 8, 7, 16, 28, 30, 26, 33, 0], [0, 13, 24, 32, 46, 5, 22, 6, 4, 35, 15, 0], [0, 19, 10, 18, 21, 20, 25, 40, 31, 36, 44, 0], [0, 29, 43, 47, 9, 2, 48, 41, 11, 42, 1, 0]]",3.8828228185375337,0.10150366658044438,1.7652224896010011,0.20103816804476082,0.3749391955817398,0.31068698961475816,0.8386492750846279,0.8229756737583229,0.7160996794700623
1.0,0.0,4,True,178039,5,"[[0, 29, 43, 9, 47, 2, 48, 28, 30, 26, 33, 0], [0, 45, 23, 10, 18, 21, 20, 25, 40, 31, 36, 0], [0, 35, 4, 6, 22, 5, 46, 32, 24, 13, 12, 0], [0, 27, 37, 49, 39, 17, 34, 8, 7, 16, 19, 0], [0, 50, 38, 14, 3, 15, 11, 41, 42, 1, 44, 0]]",3.7525744030008354,0.07551557513907915,1.46856961208141,0.18992317986807652,0.33638336875629427,0.22044373868073466,0.838444831256125,0.8180223142313326,0.7160996794700623
1.0,0.0,5,True,179197,5,"[[0, 3, 15, 11, 41, 42, 20, 25, 40, 31, 36, 0], [0, 29, 21, 18, 10, 23, 13, 12, 14, 38, 50, 0], [0, 45, 6, 22, 5, 46, 32, 24, 37, 49, 27, 0], [0, 35, 4, 43, 47, 9, 28, 30, 26, 33, 44, 0], [0, 19, 16, 7, 8, 39, 17, 34, 48, 2, 1, 0]]",3.3646656188520865,0.08702691824485859,0.9676436995723634,0.09236160293221474,0.16246196331947238,0.03902204175930742,0.8193005380230671,0.7897064583625002,0.70259028673172
1.0,0.0,6,True,178165,5,"[[0, 50, 38, 14, 3, 15, 41, 11, 42, 1, 44, 0], [0, 19, 16, 7, 8, 34, 17, 39, 5, 22, 6, 0], [0, 33, 26, 30, 28, 48, 2, 47, 9, 43, 29, 0], [0, 12, 45, 13, 24, 32, 46, 23, 10, 18, 21, 0], [0, 36, 31, 40, 25, 20, 35, 4, 37, 49, 27, 0]]",3.972472165909494,0.10419690236449242,1.2637033072896884,0.14270629186648875,0.2374289584608098,0.11808414836264403,0.8414628266317272,0.8251014739376241,0.70259028673172
1.0,0.0,7,True,178041,5,"[[0, 1, 48, 2, 47, 9, 43, 29, 21, 45, 12, 0], [0, 13, 23, 8, 39, 17, 34, 3, 14, 38, 50, 0], [0, 6, 22, 5, 46, 32, 24, 37, 49, 27, 44, 0], [0, 33, 26, 30, 28, 16, 7, 42, 41, 11, 15, 0], [0, 19, 10, 18, 4, 35, 20, 25, 40, 31, 36, 0]]",3.515294070712116,0.08892417909397234,1.028672434098553,0.11651875664080892,0.17880580125059065,0.05907655047772868,0.8244072593850906,0.7991239625369727,0.70259028673172
1.0,0.0,8,True,178039,5,"[[0, 44, 1, 42, 11, 41, 15, 3, 14, 38, 50, 0], [0, 12, 13, 24, 32, 46, 5, 22, 6, 4, 35, 0], [0, 27, 37, 49, 39, 17, 34, 8, 7, 16, 19, 0], [0, 45, 23, 10, 18, 21, 20, 25, 40, 31, 36, 0], [0, 33, 26, 30, 28, 48, 2, 47, 9, 43, 29, 0]]",3.7525744030008354,0.07551557513907915,1.46856961208141,0.18992317986807652,0.33638336875629427,0.22044373868073466,0.838444831256125,0.8180223142313326,0.7160996794700623
1.0,0.0,9,True,177932,5,"[[0, 36, 31, 40, 25, 20, 35, 4, 43, 29, 19, 0], [0, 33, 26, 30, 28, 9, 47, 2, 48, 41, 1, 0], [0, 15, 3, 34, 17, 39, 8, 16, 7, 42, 11, 0], [0, 50, 38, 14, 12, 21, 18, 10, 23, 13, 45, 0], [0, 6, 22, 5, 46, 32, 24, 37, 49, 27, 44, 0]]",3.0668187050396227,0.07494650090173367,0.9685644813507679,0.11651875664080892,0.24122181173656676,0.07630494719314936,0.8080289888006984,0.77266782876725,0.70259028673172
2.0,0.0,0,True,194896,5,"[[0, 19, 16, 7, 8, 39, 17, 34, 3, 14, 38, 0], [0, 29, 43, 35, 4, 6, 22, 5, 42, 41, 15, 0], [0, 36, 31, 46, 32, 24, 37, 49, 27, 50, 44, 0], [0, 1, 11, 2, 48, 47, 9, 28, 30, 26, 33, 0], [0, 45, 12, 20, 40, 25, 21, 18, 10, 23, 13, 0]]",2.8657638764580042,0.05362253190904129,0.9235287913979846,0.09214631499101718,0.22730816864832537,0.05681701283861862,0.8045222054903116,0.7638307905349279,0.70259028673172
2.0,0.0,1,True,195202,5,"[[0, 50, 38, 14, 12, 21, 18, 10, 23, 13, 45, 0], [0, 19, 29, 43, 4, 35, 20, 25, 40, 31, 36, 0], [0, 1, 41, 2, 48, 9, 47, 28, 30, 26, 33, 0], [0, 15, 3, 34, 17, 39, 8, 16, 7, 42, 11, 0], [0, 6, 22, 5, 46, 32, 24, 37, 49, 27, 44, 0]]",3.061623853027413,0.07494650090173367,0.9685644813507679,0.11651875664080892,0.24095240268098372,0.07608132168022233,0.8098825749207283,0.7739788634396089,0.70259028673172
2.0,0.0,2,True,194992,5,"[[0, 15, 3, 34, 17, 39, 8, 16, 7, 42, 1, 0], [0, 36, 31, 40, 25, 20, 35, 4, 43, 29, 44, 0], [0, 27, 49, 37, 24, 32, 46, 5, 22, 6, 45, 0], [0, 19, 21, 18, 10, 23, 13, 12, 14, 38, 50, 0], [0, 33, 26, 30, 28, 9, 47, 48, 2, 11, 41, 0]]",3.055379309145792,0.07493206765502691,0.9676436995723634,0.09236160293221474,0.23005372881658825,0.06697029437778511,0.8083500816140732,0.7738808092986981,0.70259028673172
2.0,0.0,3,True,195203,5,"[[0, 19, 29, 43, 4, 35, 20, 25, 40, 31, 36, 0], [0, 44, 50, 38, 14, 13, 23, 10, 18, 21, 45, 0], [0, 33, 26, 30, 28, 47, 9, 2, 48, 11, 41, 0], [0, 15, 3, 34, 17, 39, 8, 16, 7, 42, 1, 0], [0, 27, 49, 37, 24, 32, 46, 5, 22, 6, 12, 0]]",3.0633691254552105,0.07494650090173367,0.9737256856969907,0.09236160293221474,0.23138625204709506,0.06794831493716724,0.809557756779159,0.7735379097331704,0.70259028673172
2.0,0.0,4,True,194896,5,"[[0, 19, 16, 7, 8, 39, 17, 34, 3, 14, 38, 0], [0, 1, 11, 2, 48, 9, 47, 28, 30, 26, 33, 0], [0, 29, 43, 35, 4, 6, 22, 5, 42, 41, 15, 0], [0, 12, 20, 40, 25, 21, 18, 10, 23, 13, 45, 0], [0, 36, 31, 46, 32, 24, 37, 49, 27, 50, 44, 0]]",2.8657638764580042,0.05362253190904129,0.9235287913979846,0.09214631499101718,0.22730816864832537,0.05681701283861862,0.8045222054903116,0.7638307905349279,0.70259028673172
2.0,0.0,5,True,194896,5,"[[0, 12, 20, 40, 25, 21, 18, 10, 23, 13, 45, 0], [0, 29, 43, 35, 4, 6, 22, 5, 42, 11, 15, 0], [0, 44, 50, 27, 49, 37, 24, 32, 46, 31, 36, 0], [0, 33, 26, 30, 28, 9, 47, 2, 48, 41, 1, 0], [0, 19, 16, 7, 8, 39, 17, 34, 3, 14, 38, 0]]",2.865662430633165,0.05362253190904129,0.9234273455731454,0.09214631499101718,0.22903718090179237,0.05724353455959376,0.8045742747177589,0.7638578305113588,0.70259028673172
2.0,0.0,6,True,194896,5,"[[0, 12, 20, 40, 25, 21, 18, 10, 23, 13, 45, 0], [0, 33, 26, 30, 28, 9, 47, 2, 48, 41, 15, 0], [0, 1, 11, 42, 5, 22, 6, 4, 35, 43, 29, 0], [0, 44, 50, 27, 49, 37, 24, 32, 46, 31, 36, 0], [0, 19, 16, 7, 8, 39, 17, 34, 3, 14, 38, 0]]",2.865662430633165,0.05362253190904129,0.9234273455731454,0.09214631499101718,0.2206606400114295,0.055161856185221125,0.8045742747177589,0.7638578305113588,0.70259028673172
2.0,0.0,7,True,195871,5,"[[0, 50, 38, 14, 13, 23, 10, 18, 21, 12, 45, 0], [0, 15, 3, 34, 17, 39, 8, 16, 7, 42, 41, 0], [0, 36, 31, 40, 25, 20, 35, 4, 43, 29, 19, 0], [0, 6, 22, 5, 46, 32, 24, 37, 27, 49, 1, 0], [0, 33, 26, 30, 28, 9, 47, 2, 48, 11, 44, 0]]",3.068739631889912,0.07494650090173367,0.9961039162808447,0.11651875664080892,0.24638914711459692,0.07823926662919573,0.8104360538211117,0.7739419795231295,0.70259028673172
2.0,0.0,8,True,194896,5,"[[0, 19, 16, 7, 8, 39, 17, 34, 3, 14, 38, 0], [0, 44, 50, 27, 49, 37, 24, 32, 46, 31, 36, 0], [0, 33, 26, 30, 28, 47, 9, 2, 48, 41, 1, 0], [0, 29, 43, 35, 4, 6, 22, 5, 42, 11, 15, 0], [0, 12, 20, 40, 25, 21, 18, 10, 23, 13, 45, 0]]",2.865662430633165,0.05362253190904129,0.9234273455731454,0.09214631499101718,0.22903718090179237,0.057243534559593745,0.8045742747177589,0.7638578305113588,0.70259028673172
2.0,0.0,9,True,196168,5,"[[0, 33, 26, 30, 28, 9, 47, 2, 48, 3, 14, 0], [0, 45, 13, 23, 10, 18, 21, 25, 40, 20, 12, 0], [0, 36, 31, 46, 32, 24, 37, 27, 49, 1, 44, 0], [0, 41, 11, 42, 5, 22, 6, 4, 35, 43, 29, 0], [0, 50, 38, 15, 34, 17, 39, 8, 7, 16, 19, 0]]",3.0152233188146056,0.056115230390181146,0.9530837392594549,0.11633183940180711,0.18228583314230784,0.04150939733286696,0.8137448131828804,0.7758960176987393,0.70259028673172
