beta,lambda_concentration,seed,is_feasible,pyvrp_cost,num_routes,routes,global_risk,global_cvar90,max_vehicle_risk,max_vehicle_cvar90,vehicle_risk_gini,risk_variance,edge_burden_gini_used,top10_burden_share,max_edge_burden
0.0,0.0,0,True,133998,5,"[[0, 11, 45, 25, 2, 34, 33, 5, 43, 17, 13, 0], [0, 30, 23, 26, 28, 36, 8, 7, 22, 46, 39, 0], [0, 21, 47, 9, 31, 38, 50, 37, 10, 35, 27, 0], [0, 15, 3, 14, 49, 12, 42, 41, 1, 16, 48, 0], [0, 18, 32, 4, 29, 6, 19, 24, 40, 20, 44, 0]]",6.382059416919219,0.17359148123950668,2.3490709027901175,0.31252701713570524,0.2699062904945173,0.39794793212416535,0.8716569359798534,0.8882792843091626,0.8651409149169922
0.0,0.0,1,True,133999,5,"[[0, 48, 44, 20, 34, 33, 43, 8, 7, 22, 46, 0], [0, 17, 13, 18, 32, 4, 29, 6, 19, 24, 40, 0], [0, 25, 2, 5, 36, 28, 26, 23, 30, 49, 12, 0], [0, 39, 11, 45, 15, 3, 14, 42, 41, 1, 16, 0], [0, 27, 35, 10, 37, 50, 38, 31, 9, 47, 21, 0]]",6.1675717079378956,0.178109027295103,2.0590894777560607,0.31136858789250255,0.19249963061524467,0.20485967217286055,0.8758881952364592,0.8907766688698265,0.8651409149169922
0.0,0.0,2,True,133998,5,"[[0, 16, 3, 15, 45, 11, 1, 41, 42, 14, 48, 0], [0, 25, 2, 34, 33, 43, 8, 7, 22, 46, 39, 0], [0, 38, 31, 9, 47, 21, 27, 23, 30, 49, 12, 0], [0, 26, 28, 36, 5, 35, 10, 37, 50, 13, 17, 0], [0, 44, 20, 40, 24, 6, 19, 29, 4, 32, 18, 0]]",8.61971200626067,0.30368551139075023,2.6228631344856694,0.43327435851097107,0.2712586410046447,0.720906700375034,0.8784961326960818,0.9027537528243113,0.8651409149169922
0.0,0.0,3,True,134664,5,"[[0, 48, 44, 20, 34, 33, 36, 28, 26, 23, 30, 0], [0, 15, 46, 22, 7, 8, 43, 5, 2, 35, 27, 0], [0, 17, 13, 10, 37, 50, 38, 31, 9, 47, 21, 0], [0, 40, 24, 19, 6, 4, 32, 29, 12, 49, 18, 0], [0, 16, 3, 14, 42, 41, 1, 25, 45, 11, 39, 0]]",8.421590940637543,0.22267864756286143,2.398025994596537,0.44015090465545653,0.1712157965696075,0.26884742436220976,0.8949581594327343,0.9182238717217416,1.7302818298339844
0.0,0.0,4,True,134664,5,"[[0, 16, 42, 41, 1, 25, 11, 45, 15, 3, 14, 0], [0, 21, 47, 9, 31, 38, 50, 37, 10, 35, 27, 0], [0, 44, 20, 2, 33, 34, 5, 43, 22, 46, 39, 0], [0, 12, 29, 32, 4, 6, 19, 24, 40, 18, 48, 0], [0, 17, 13, 8, 7, 36, 28, 26, 23, 30, 49, 0]]",8.619932881167188,0.30374558527882284,2.405067318410147,0.44015090465545653,0.18288649863711526,0.3355943923849452,0.8918779748606451,0.9130318116085152,1.7302818298339844
0.0,0.0,5,True,133999,5,"[[0, 16, 3, 14, 42, 41, 1, 45, 39, 11, 15, 0], [0, 18, 32, 4, 29, 6, 19, 24, 40, 20, 44, 0], [0, 25, 2, 34, 33, 35, 10, 37, 50, 13, 17, 0], [0, 46, 22, 7, 8, 43, 5, 36, 28, 26, 12, 0], [0, 48, 38, 31, 9, 47, 21, 27, 23, 30, 49, 0]]",8.70341619786268,0.2959889845439681,2.3490709027901175,0.33728407211601735,0.12370234269000213,0.151288968163724,0.8770240388248822,0.8974364729874251,0.8651409149169922
0.0,0.0,6,True,134665,5,"[[0, 18, 40, 24, 19, 6, 32, 4, 29, 12, 49, 0], [0, 44, 20, 43, 8, 7, 36, 28, 26, 23, 30, 0], [0, 27, 21, 47, 33, 34, 5, 2, 9, 31, 38, 0], [0, 17, 13, 50, 37, 10, 35, 22, 46, 39, 16, 0], [0, 1, 41, 42, 14, 3, 15, 45, 11, 25, 48, 0]]",8.084362471960048,0.27241430266035926,2.4499866567202844,0.45060381293296814,0.1747630262135509,0.26877343606491927,0.8896732791204527,0.9046450872674485,1.7302818298339844
0.0,0.0,7,True,133999,5,"[[0, 17, 13, 30, 23, 26, 28, 36, 2, 25, 16, 0], [0, 1, 41, 42, 14, 3, 15, 45, 11, 39, 48, 0], [0, 21, 47, 9, 31, 38, 50, 37, 10, 35, 27, 0], [0, 46, 22, 7, 8, 43, 33, 34, 5, 20, 44, 0], [0, 49, 12, 29, 32, 4, 6, 19, 24, 40, 18, 0]]",7.514722818759765,0.1968479343556932,2.4025880414410494,0.44015090465545653,0.2285984912623944,0.37201596685653204,0.8916375383163513,0.9097265816764325,1.7302818298339844
0.0,0.0,8,True,133998,5,"[[0, 48, 14, 42, 41, 1, 45, 11, 15, 3, 16, 0], [0, 49, 18, 12, 29, 32, 4, 6, 19, 24, 40, 0], [0, 44, 20, 34, 33, 5, 36, 28, 26, 23, 30, 0], [0, 17, 13, 37, 10, 35, 22, 43, 8, 7, 46, 0], [0, 27, 21, 47, 9, 31, 38, 50, 2, 25, 39, 0]]",7.2216095549702,0.18313189655438894,2.4025880414410494,0.44015090465545653,0.22885220023162534,0.383266156813881,0.8918314465239501,0.9042989937869169,1.7302818298339844
0.0,0.0,9,True,133998,5,"[[0, 48, 16, 3, 15, 45, 11, 1, 41, 42, 14, 0], [0, 39, 25, 2, 34, 33, 43, 8, 7, 22, 46, 0], [0, 21, 47, 9, 31, 38, 50, 37, 10, 35, 27, 0], [0, 44, 20, 5, 36, 28, 26, 23, 30, 49, 18, 0], [0, 17, 13, 12, 29, 32, 4, 6, 19, 24, 40, 0]]",8.00793898590564,0.2169399492113906,3.693194017803762,0.7082375377416611,0.3892771987909103,1.3603223259707646,0.8956145318591016,0.9155120260395289,1.7302818298339844
0.25,0.0,0,True,142450,5,"[[0, 30, 23, 26, 28, 2, 36, 5, 33, 34, 18, 0], [0, 15, 46, 22, 7, 8, 43, 17, 13, 12, 49, 0], [0, 27, 21, 47, 9, 31, 38, 50, 37, 10, 35, 0], [0, 48, 40, 24, 19, 6, 4, 32, 29, 44, 20, 0], [0, 11, 45, 39, 25, 1, 41, 42, 14, 3, 16, 0]]",4.074527639793359,0.12130937818437815,1.2765526022299127,0.285725899040699,0.20835808277169354,0.09470165106852464,0.8506351065496487,0.8482036252475075,0.8651409149169922
0.25,0.0,1,True,142458,5,"[[0, 11, 25, 15, 3, 14, 42, 41, 1, 16, 48, 0], [0, 18, 34, 33, 5, 36, 2, 28, 26, 23, 30, 0], [0, 39, 45, 46, 22, 7, 8, 43, 17, 13, 12, 0], [0, 27, 35, 10, 37, 50, 38, 31, 9, 47, 21, 0], [0, 49, 40, 24, 6, 19, 4, 32, 29, 44, 20, 0]]",4.079961143098899,0.11747006583830406,1.2765526022299127,0.285725899040699,0.21672497356055342,0.10247257989727854,0.8492739070728927,0.8486623399011552,0.8651409149169922
0.25,0.0,2,True,142450,5,"[[0, 49, 40, 24, 19, 6, 4, 32, 29, 44, 20, 0], [0, 30, 23, 26, 28, 2, 5, 36, 33, 34, 18, 0], [0, 12, 13, 17, 43, 8, 7, 22, 46, 39, 45, 0], [0, 48, 16, 3, 14, 42, 41, 1, 25, 11, 15, 0], [0, 27, 35, 10, 37, 50, 38, 31, 9, 47, 21, 0]]",4.929913710351229,0.15189509755665703,1.8907995481677062,0.285725899040699,0.298161258493411,0.29450602813890236,0.868158126907236,0.8742888808152439,0.8651409149169922
0.25,0.0,3,True,142451,5,"[[0, 48, 1, 39, 11, 25, 41, 42, 14, 3, 16, 0], [0, 35, 10, 37, 50, 38, 31, 9, 47, 21, 27, 0], [0, 18, 34, 33, 5, 36, 2, 28, 26, 23, 30, 0], [0, 15, 45, 46, 22, 7, 8, 43, 17, 13, 12, 0], [0, 49, 40, 24, 19, 6, 4, 32, 29, 44, 20, 0]]",4.074641883270942,0.12130937818437815,1.2765526022299127,0.285725899040699,0.21317614992572143,0.09888308784286629,0.8513440042271121,0.8481798435914448,0.8651409149169922
0.25,0.0,4,True,143031,5,"[[0, 16, 3, 15, 39, 25, 2, 28, 26, 23, 30, 0], [0, 40, 5, 34, 33, 36, 31, 9, 47, 21, 27, 0], [0, 11, 45, 46, 22, 7, 8, 43, 17, 13, 12, 0], [0, 20, 44, 29, 32, 4, 6, 19, 24, 41, 1, 0], [0, 42, 14, 49, 18, 35, 10, 37, 50, 38, 48, 0]]",4.872924028986745,0.14018764256810148,1.6219451976430719,0.2462076172232628,0.2639826766062219,0.21261318105947913,0.8581995843823456,0.8645167929858101,0.8651409149169922
0.25,0.0,5,True,142340,5,"[[0, 48, 13, 17, 38, 50, 37, 10, 35, 18, 12, 0], [0, 16, 1, 41, 42, 14, 3, 15, 45, 11, 39, 0], [0, 46, 22, 7, 8, 43, 34, 33, 5, 2, 25, 0], [0, 49, 40, 24, 19, 6, 4, 32, 29, 44, 20, 0], [0, 30, 23, 26, 28, 36, 31, 9, 47, 21, 27, 0]]",5.967489301870955,0.17688862343008319,1.8696889778184413,0.24857439752668142,0.1997400160956191,0.18773742513703082,0.8806425303019394,0.894854716432352,0.8651409149169922
0.25,0.0,6,True,142450,5,"[[0, 27, 21, 47, 9, 31, 38, 50, 37, 10, 35, 0], [0, 16, 3, 14, 42, 41, 1, 45, 11, 25, 39, 0], [0, 30, 23, 26, 28, 2, 36, 5, 33, 34, 18, 0], [0, 12, 13, 17, 43, 8, 7, 22, 46, 15, 48, 0], [0, 20, 44, 29, 32, 4, 6, 19, 24, 40, 49, 0]]",4.93548982906168,0.15189509755665703,1.8627317278696864,0.285725899040699,0.28835556230863046,0.27677725324586966,0.8683564636235146,0.8733011088299901,0.8651409149169922
0.25,0.0,7,True,142450,5,"[[0, 45, 39, 25, 11, 1, 41, 42, 14, 3, 16, 0], [0, 12, 49, 13, 17, 43, 8, 7, 22, 46, 15, 0], [0, 21, 47, 9, 31, 38, 50, 37, 10, 35, 27, 0], [0, 40, 24, 19, 6, 4, 32, 29, 44, 20, 48, 0], [0, 18, 34, 33, 5, 36, 2, 28, 26, 23, 30, 0]]",4.073513567927421,0.12130937818437815,1.2765526022299127,0.285725899040699,0.20840995201583778,0.09474084544090053,0.8503113495725187,0.8484147794313852,0.8651409149169922
0.25,0.0,8,True,142623,5,"[[0, 18, 35, 10, 37, 50, 38, 17, 13, 49, 12, 0], [0, 46, 22, 7, 8, 43, 2, 28, 26, 23, 30, 0], [0, 42, 14, 3, 15, 25, 11, 39, 45, 16, 48, 0], [0, 1, 41, 24, 19, 6, 4, 32, 29, 44, 20, 0], [0, 40, 5, 34, 33, 36, 31, 9, 47, 21, 27, 0]]",3.9155897393684427,0.11230002061046403,1.241793430337566,0.11614322732202709,0.26782726972508386,0.140582544839487,0.8436171363751823,0.8393003251283592,0.8651409149169922
0.25,0.0,9,True,142450,5,"[[0, 18, 34, 33, 36, 5, 2, 28, 26, 23, 30, 0], [0, 15, 46, 22, 7, 8, 43, 17, 13, 12, 49, 0], [0, 27, 35, 10, 37, 50, 38, 31, 9, 47, 21, 0], [0, 16, 3, 14, 42, 41, 1, 25, 11, 39, 45, 0], [0, 48, 40, 24, 19, 6, 4, 32, 29, 44, 20, 0]]",4.929913710351229,0.15189509755665703,1.8627317278696864,0.285725899040699,0.2892530292079811,0.2777326353333657,0.868158126907236,0.8742888808152439,0.8651409149169922
0.5,0.0,0,True,147999,5,"[[0, 27, 21, 47, 9, 31, 36, 34, 33, 5, 40, 0], [0, 20, 44, 29, 32, 4, 19, 6, 24, 41, 1, 0], [0, 30, 23, 26, 28, 2, 43, 8, 7, 22, 46, 0], [0, 15, 45, 11, 39, 25, 16, 3, 14, 42, 48, 0], [0, 12, 18, 35, 10, 37, 50, 38, 17, 13, 49, 0]]",3.5439677317372116,0.10654117429146061,1.241793430337566,0.11614322732202709,0.3145108907942291,0.1621515765911695,0.8370903885388803,0.8259774583282357,0.8651409149169922
0.5,0.0,1,True,148265,5,"[[0, 48, 45, 11, 39, 25, 2, 28, 26, 23, 30, 0], [0, 27, 35, 10, 37, 50, 38, 31, 9, 47, 21, 0], [0, 15, 3, 14, 42, 16, 20, 44, 17, 13, 49, 0], [0, 40, 5, 33, 34, 36, 7, 8, 43, 22, 46, 0], [0, 1, 41, 24, 19, 6, 29, 4, 32, 18, 12, 0]]",3.95874508032648,0.11802308979843344,2.097163643120439,0.21524652114344967,0.38788763727574627,0.44357099230525243,0.8467451585974504,0.8488861766204652,0.8651409149169922
0.5,0.0,2,True,148021,5,"[[0, 48, 15, 3, 14, 42, 16, 45, 11, 39, 25, 0], [0, 49, 13, 17, 38, 50, 37, 10, 35, 18, 12, 0], [0, 20, 44, 29, 32, 4, 19, 6, 24, 41, 1, 0], [0, 30, 23, 26, 28, 2, 43, 8, 7, 22, 46, 0], [0, 27, 21, 47, 9, 31, 36, 34, 33, 5, 40, 0]]",3.5499450699171575,0.10309217950063092,1.2401639235176845,0.11614322732202709,0.3118998590095776,0.16024092720876051,0.836897908515384,0.8264121435237454,0.8651409149169922
0.5,0.0,3,True,148286,5,"[[0, 30, 23, 26, 28, 2, 25, 39, 11, 45, 15, 0], [0, 18, 32, 4, 29, 6, 19, 24, 41, 42, 48, 0], [0, 21, 47, 9, 31, 38, 50, 37, 10, 35, 27, 0], [0, 1, 16, 3, 14, 12, 49, 13, 17, 44, 20, 0], [0, 46, 22, 43, 8, 7, 36, 34, 33, 5, 40, 0]]",3.6880632297143165,0.11186803366850924,1.8397980447407463,0.17111180759966374,0.361817212763512,0.3216427006019494,0.8365746094793336,0.8318327498839035,0.8651409149169922
0.5,0.0,4,True,148269,5,"[[0, 12, 18, 32, 4, 29, 19, 6, 24, 41, 1, 0], [0, 40, 36, 34, 33, 5, 43, 8, 7, 22, 46, 0], [0, 48, 30, 23, 26, 28, 2, 25, 45, 11, 39, 0], [0, 21, 47, 9, 31, 38, 50, 37, 10, 35, 27, 0], [0, 15, 3, 14, 42, 16, 20, 44, 17, 13, 49, 0]]",3.49876063193733,0.10531466012751614,1.8195562119508395,0.18477537834809887,0.41571347440383555,0.3432858775612814,0.8349633656113538,0.8318301480232646,0.8651409149169922
0.5,0.0,5,True,148290,5,"[[0, 30, 23, 26, 28, 2, 25, 39, 11, 45, 15, 0], [0, 40, 36, 34, 33, 5, 43, 8, 7, 22, 46, 0], [0, 21, 47, 9, 31, 38, 50, 37, 10, 35, 27, 0], [0, 12, 18, 32, 4, 29, 6, 19, 24, 41, 42, 0], [0, 1, 16, 3, 14, 49, 13, 17, 44, 20, 48, 0]]",3.5056862124947656,0.07916270146096074,1.8397228288595215,0.27935916433731717,0.42017157932786686,0.3540424067321625,0.8323549381416764,0.8249291256812431,0.8651409149169922
0.5,0.0,6,True,148335,5,"[[0, 18, 34, 33, 36, 5, 2, 28, 26, 23, 30, 0], [0, 20, 44, 29, 32, 4, 6, 19, 24, 40, 48, 0], [0, 25, 46, 22, 7, 8, 43, 17, 13, 49, 12, 0], [0, 39, 11, 45, 15, 16, 3, 14, 42, 41, 1, 0], [0, 27, 35, 10, 37, 50, 38, 31, 9, 47, 21, 0]]",4.0784404616128995,0.12130937818437815,1.2765526022299127,0.285725899040699,0.20789649988506054,0.09471004109503649,0.8510814073583337,0.8489787709292158,0.8651409149169922
0.5,0.0,7,True,148265,5,"[[0, 15, 3, 14, 42, 16, 20, 44, 17, 13, 49, 0], [0, 27, 35, 10, 37, 50, 38, 31, 9, 47, 21, 0], [0, 48, 45, 11, 39, 25, 2, 28, 26, 23, 30, 0], [0, 1, 41, 24, 19, 6, 29, 4, 32, 18, 12, 0], [0, 40, 5, 33, 34, 36, 7, 8, 43, 22, 46, 0]]",3.95874508032648,0.11802308979843344,2.097163643120439,0.21524652114344967,0.38788763727574627,0.4435709923052523,0.8467451585974504,0.8488861766204652,0.8651409149169922
0.5,0.0,8,True,147998,5,"[[0, 20, 44, 29, 32, 4, 19, 6, 24, 41, 1, 0], [0, 12, 18, 35, 10, 37, 50, 38, 17, 13, 49, 0], [0, 48, 42, 14, 3, 16, 15, 45, 11, 39, 25, 0], [0, 46, 22, 7, 8, 43, 2, 28, 26, 23, 30, 0], [0, 40, 5, 33, 34, 36, 31, 9, 47, 21, 27, 0]]",3.9102670342290367,0.11595468848411526,1.241793430337566,0.11614322732202709,0.2692808097638615,0.141835549272802,0.8452929225281667,0.8413642121234355,0.8651409149169922
0.5,0.0,9,True,148243,5,"[[0, 27, 35, 10, 37, 50, 38, 31, 9, 47, 21, 0], [0, 1, 41, 24, 6, 19, 29, 4, 32, 18, 12, 0], [0, 46, 22, 43, 8, 7, 36, 34, 33, 5, 40, 0], [0, 15, 45, 11, 39, 25, 2, 28, 26, 23, 30, 0], [0, 48, 42, 14, 3, 16, 20, 44, 17, 13, 49, 0]]",3.951210159331822,0.1220250812669595,2.097163643120439,0.21524652114344967,0.3898292358195039,0.44485145951817123,0.8481823351405617,0.8488649261967904,0.8651409149169922
1.0,0.0,0,True,156055,5,"[[0, 35, 18, 34, 33, 50, 38, 31, 9, 47, 21, 0], [0, 15, 39, 32, 4, 29, 19, 6, 24, 41, 42, 0], [0, 14, 3, 16, 20, 44, 17, 13, 37, 10, 27, 0], [0, 49, 40, 5, 36, 7, 8, 43, 22, 46, 11, 0], [0, 48, 12, 30, 23, 26, 28, 2, 25, 45, 1, 0]]",2.4545082822583026,0.05777384282555431,0.7956399479080574,0.08501557994168252,0.1552648118300688,0.025051996443483836,0.7875624052971333,0.7563916382380212,0.3997339904308319
1.0,0.0,1,True,156191,5,"[[0, 12, 40, 5, 36, 7, 8, 43, 22, 46, 11, 0], [0, 35, 18, 34, 33, 50, 38, 31, 9, 39, 45, 0], [0, 1, 25, 2, 28, 26, 23, 30, 49, 14, 48, 0], [0, 27, 10, 37, 13, 17, 44, 20, 16, 3, 15, 0], [0, 21, 47, 29, 32, 4, 6, 19, 24, 41, 42, 0]]",2.361793469739041,0.05291712848526059,0.9595726311745238,0.11499818653932639,0.3062004100287372,0.07723391569549026,0.7733977546968498,0.7353349845958561,0.3997339904308319
1.0,0.0,2,True,155924,5,"[[0, 48, 49, 30, 23, 26, 28, 2, 25, 45, 11, 0], [0, 40, 9, 31, 36, 7, 8, 43, 22, 46, 1, 0], [0, 42, 14, 3, 15, 16, 20, 44, 17, 13, 12, 0], [0, 39, 38, 50, 5, 33, 34, 18, 35, 10, 37, 0], [0, 41, 24, 6, 19, 4, 32, 29, 47, 21, 27, 0]]",2.3170540983260253,0.047622128286295466,1.0584111846837914,0.12775670337889874,0.3386918433826245,0.09966268871430181,0.779937584622032,0.7421735140731819,0.3997339904308319
1.0,0.0,3,True,156550,5,"[[0, 42, 14, 3, 16, 20, 44, 29, 47, 21, 27, 0], [0, 15, 39, 32, 4, 6, 19, 24, 41, 1, 48, 0], [0, 46, 22, 7, 36, 5, 50, 38, 31, 9, 40, 0], [0, 11, 45, 25, 2, 28, 26, 23, 30, 49, 12, 0], [0, 37, 10, 35, 18, 34, 33, 8, 43, 17, 13, 0]]",2.1923370209256063,0.04603013472960276,0.7815456959215226,0.08011304878164083,0.27847570254664067,0.04914516423858091,0.7720114205947393,0.7280731439649141,0.3997339904308319
1.0,0.0,4,True,156163,5,"[[0, 27, 35, 18, 34, 33, 43, 8, 7, 22, 46, 0], [0, 10, 37, 13, 17, 44, 20, 16, 3, 14, 42, 0], [0, 30, 23, 26, 28, 2, 25, 45, 11, 15, 48, 0], [0, 39, 9, 31, 38, 50, 5, 36, 40, 49, 12, 0], [0, 1, 41, 24, 19, 6, 4, 32, 29, 47, 21, 0]]",2.1738405715291265,0.04747721090009718,0.9394060142658418,0.10933988727629185,0.2997561242931013,0.06922136675990734,0.7664795327663747,0.7257465098906299,0.3997339904308319
1.0,0.0,5,True,155927,5,"[[0, 39, 11, 45, 25, 2, 28, 26, 23, 30, 49, 0], [0, 1, 16, 42, 14, 12, 13, 17, 44, 20, 48, 0], [0, 40, 9, 31, 36, 33, 34, 18, 35, 10, 37, 0], [0, 46, 22, 7, 8, 43, 5, 50, 38, 3, 15, 0], [0, 41, 24, 6, 19, 4, 32, 29, 47, 21, 27, 0]]",2.500985077901987,0.0527112717843718,1.0584111846837914,0.12775670337889874,0.3133595015884296,0.09208061727527454,0.7898704637480598,0.7538802889120223,0.3997339904308319
1.0,0.0,6,True,156144,5,"[[0, 11, 46, 22, 7, 8, 43, 33, 34, 18, 35, 0], [0, 40, 36, 5, 50, 38, 31, 9, 47, 21, 27, 0], [0, 42, 14, 49, 10, 37, 13, 17, 44, 20, 48, 0], [0, 15, 3, 16, 25, 2, 28, 26, 23, 30, 12, 0], [0, 45, 39, 32, 4, 29, 6, 19, 24, 41, 1, 0]]",2.6552599264682613,0.05883725434541702,0.7642414365109289,0.08097440116107464,0.137943445743409,0.01830668640555615,0.7934725975314776,0.7664879246871078,0.3997339904308319
1.0,0.0,7,True,155993,5,"[[0, 49, 12, 13, 17, 6, 19, 24, 41, 42, 48, 0], [0, 40, 9, 31, 36, 33, 34, 18, 35, 10, 37, 0], [0, 20, 44, 38, 50, 5, 43, 8, 7, 22, 46, 0], [0, 1, 45, 11, 39, 32, 4, 29, 47, 21, 27, 0], [0, 30, 23, 26, 28, 2, 25, 15, 16, 3, 14, 0]]",2.1425758417167344,0.045349434785106606,0.658212592570635,0.07019983923860959,0.20471336238124427,0.027093852991203603,0.7796191347204999,0.7299060662783124,0.3997339904308319
1.0,0.0,8,True,156086,5,"[[0, 40, 5, 50, 38, 31, 9, 47, 21, 27, 48, 0], [0, 35, 18, 34, 33, 36, 7, 8, 43, 22, 46, 0], [0, 45, 11, 25, 2, 28, 26, 23, 30, 49, 12, 0], [0, 1, 41, 24, 19, 6, 29, 4, 32, 39, 15, 0], [0, 37, 10, 13, 17, 44, 20, 16, 3, 14, 42, 0]]",2.4601118167770437,0.054886041647371125,0.7754733309993753,0.07966267364099622,0.19554634697704065,0.030956063621284936,0.7894947631106137,0.7594345423321993,0.3997339904308319
1.0,0.0,9,True,155885,5,"[[0, 15, 11, 45, 25, 2, 28, 26, 23, 30, 49, 0], [0, 41, 24, 6, 19, 4, 32, 29, 47, 21, 27, 0], [0, 42, 14, 3, 16, 20, 44, 17, 13, 12, 48, 0], [0, 40, 9, 31, 36, 7, 8, 43, 22, 46, 1, 0], [0, 37, 10, 35, 18, 34, 33, 5, 50, 38, 39, 0]]",2.308771693525614,0.04869792280452592,1.0584111846837914,0.12775670337889874,0.3403457954824989,0.10013090061909002,0.7838697000257469,0.744784375120687,0.3997339904308319
2.0,0.0,0,True,168520,5,"[[0, 15, 3, 14, 42, 16, 20, 44, 17, 13, 49, 0], [0, 12, 30, 23, 26, 28, 2, 25, 11, 1, 48, 0], [0, 6, 19, 24, 41, 4, 32, 29, 47, 21, 27, 0], [0, 31, 9, 43, 8, 7, 36, 5, 50, 38, 39, 0], [0, 45, 46, 22, 33, 34, 18, 35, 10, 37, 40, 0]]",1.852586347536544,0.03587278191532407,0.6649018866446568,0.06399067235179245,0.2733050662411989,0.033728156646596896,0.7366583002946603,0.682550076689507,0.21116916835308075
2.0,0.0,1,True,169662,5,"[[0, 21, 47, 29, 44, 17, 13, 10, 37, 40, 49, 0], [0, 6, 19, 24, 41, 4, 32, 39, 11, 45, 1, 0], [0, 48, 42, 16, 20, 5, 33, 34, 18, 35, 27, 0], [0, 25, 2, 28, 26, 23, 30, 12, 14, 3, 15, 0], [0, 46, 22, 43, 8, 7, 36, 50, 38, 31, 9, 0]]",1.6604578900582965,0.0306513122085369,0.4231350486224983,0.0443508792668581,0.09847317231334785,0.0034990441586263674,0.7058490264885364,0.6306857357398626,0.21116916835308075
2.0,0.0,2,True,168100,5,"[[0, 15, 46, 22, 43, 8, 7, 36, 31, 9, 40, 0], [0, 6, 19, 24, 41, 4, 32, 29, 47, 21, 27, 0], [0, 37, 10, 35, 18, 34, 33, 5, 50, 38, 39, 0], [0, 48, 1, 11, 45, 25, 2, 28, 26, 23, 30, 0], [0, 42, 16, 3, 14, 12, 49, 13, 17, 44, 20, 0]]",1.9297248588695766,0.03672377092556821,0.6649018866446568,0.06399067235179245,0.2511569833076075,0.03153401964454349,0.747102514560894,0.6919708249218032,0.21116916835308075
2.0,0.0,3,True,168517,5,"[[0, 35, 18, 34, 33, 36, 7, 8, 43, 22, 46, 0], [0, 11, 39, 32, 4, 41, 24, 6, 19, 12, 49, 0], [0, 42, 14, 30, 23, 26, 28, 2, 25, 45, 15, 0], [0, 48, 20, 5, 50, 38, 31, 9, 3, 16, 1, 0], [0, 40, 37, 10, 13, 17, 44, 29, 47, 21, 27, 0]]",1.6220567519626456,0.032805384571353596,0.43455930612253724,0.04433256797492504,0.1621684825645371,0.009822872561475335,0.7068036348098863,0.6294260701195926,0.21116916835308075
2.0,0.0,4,True,168147,5,"[[0, 42, 14, 3, 16, 20, 44, 29, 47, 21, 27, 0], [0, 15, 39, 32, 4, 41, 24, 19, 6, 17, 13, 0], [0, 36, 5, 33, 34, 18, 35, 10, 37, 12, 48, 0], [0, 1, 11, 45, 25, 2, 28, 26, 23, 30, 49, 0], [0, 46, 22, 7, 8, 43, 50, 38, 31, 9, 40, 0]]",2.002287717579293,0.039024634339979714,0.5631621924039791,0.0809927124530077,0.18416769501818875,0.018529593315468624,0.7557085478883618,0.6977837427617309,0.370119571685791
2.0,0.0,5,True,168535,5,"[[0, 12, 30, 23, 26, 28, 2, 25, 16, 1, 48, 0], [0, 21, 47, 29, 44, 17, 13, 10, 37, 40, 49, 0], [0, 27, 35, 18, 34, 33, 43, 8, 7, 22, 46, 0], [0, 20, 5, 36, 50, 38, 31, 9, 3, 14, 42, 0], [0, 6, 19, 24, 41, 4, 32, 39, 45, 11, 15, 0]]",1.4352752170375425,0.027491418323640167,0.4140419891627971,0.041022043054302536,0.16259300869512572,0.007140723758222884,0.678884099872205,0.5932080737059099,0.21116916835308075
2.0,0.0,6,True,168018,5,"[[0, 6, 19, 24, 41, 4, 32, 29, 47, 21, 27, 0], [0, 45, 39, 11, 25, 2, 28, 26, 23, 30, 49, 0], [0, 48, 1, 16, 42, 14, 12, 13, 17, 44, 20, 0], [0, 15, 3, 38, 50, 33, 34, 18, 35, 10, 37, 0], [0, 46, 22, 7, 8, 43, 5, 36, 31, 9, 40, 0]]",2.1074757798628525,0.04095227674052522,0.6649018866446568,0.0809927124530077,0.22824454597752508,0.030410059048641032,0.7647161183111579,0.7133645386147721,0.370119571685791
2.0,0.0,7,True,168011,5,"[[0, 27, 21, 47, 29, 32, 4, 41, 24, 19, 6, 0], [0, 12, 40, 9, 31, 36, 7, 8, 43, 22, 46, 0], [0, 39, 38, 50, 5, 33, 34, 18, 35, 10, 37, 0], [0, 49, 13, 17, 44, 20, 16, 15, 3, 14, 42, 0], [0, 30, 23, 26, 28, 2, 25, 45, 11, 1, 48, 0]]",1.9234728762817213,0.036000677661315816,0.6649018866446568,0.06399067235179245,0.2472207444901766,0.030979423800504603,0.749306191710339,0.6954147018118135,0.21116916835308075
2.0,0.0,8,True,168627,5,"[[0, 27, 21, 47, 29, 32, 4, 41, 24, 19, 6, 0], [0, 36, 50, 38, 31, 9, 2, 28, 26, 23, 30, 0], [0, 1, 11, 39, 45, 25, 15, 16, 3, 14, 42, 0], [0, 46, 22, 7, 8, 43, 5, 33, 34, 18, 35, 0], [0, 20, 44, 17, 13, 37, 10, 40, 49, 12, 48, 0]]",2.1022517103551763,0.04376183746053892,0.6649018866446568,0.08097440116107464,0.1938915768236713,0.02252290042250974,0.7664474073723468,0.7170848938649641,0.370119571685791
2.0,0.0,9,True,167788,5,"[[0, 42, 14, 12, 13, 17, 44, 29, 47, 21, 27, 0], [0, 1, 16, 3, 15, 25, 2, 28, 26, 23, 30, 0], [0, 48, 20, 5, 33, 34, 18, 35, 10, 37, 40, 0], [0, 49, 6, 19, 24, 41, 4, 32, 39, 45, 11, 0], [0, 36, 50, 38, 31, 9, 43, 8, 7, 22, 46, 0]]",1.6131744277513462,0.02770687107528959,0.44558963976305677,0.03656892558293683,0.18229729363394953,0.011325563385097315,0.692385910356722,0.617273468063434,0.21116916835308075
