beta,lambda_concentration,seed,is_feasible,pyvrp_cost,num_routes,routes,global_risk,global_cvar90,max_vehicle_risk,max_vehicle_cvar90,vehicle_risk_gini,risk_variance,edge_burden_gini_used,top10_burden_share,max_edge_burden
0.0,0.0,0,True,145999,5,"[[0, 44, 14, 3, 15, 41, 11, 1, 37, 38, 50, 0], [0, 42, 7, 8, 34, 17, 9, 47, 43, 26, 33, 0], [0, 45, 12, 13, 24, 32, 46, 23, 10, 18, 19, 0], [0, 40, 25, 20, 35, 4, 16, 28, 30, 21, 29, 0], [0, 36, 31, 6, 22, 2, 48, 5, 39, 49, 27, 0]]",9.195888036858378,0.17598393737959364,3.6389126832655165,0.536302720506986,0.27109744279104264,0.9545231026775605,0.877737256874203,0.8946638939231452,1.1577141284942627
0.0,0.0,1,True,145999,5,"[[0, 6, 22, 5, 2, 48, 43, 9, 47, 31, 36, 0], [0, 12, 45, 13, 24, 32, 46, 23, 10, 18, 19, 0], [0, 27, 49, 39, 17, 34, 8, 7, 30, 21, 29, 0], [0, 33, 26, 28, 16, 4, 35, 20, 25, 40, 44, 0], [0, 14, 3, 15, 42, 41, 11, 1, 37, 38, 50, 0]]",10.36039544301093,0.20451760930108262,3.776087445032317,0.5804542452096939,0.28543465294933257,1.1205959336326194,0.8911668754893791,0.9104215850695435,1.999999761581421
0.0,0.0,2,True,146664,5,"[[0, 27, 49, 39, 17, 34, 8, 7, 16, 12, 45, 0], [0, 35, 4, 6, 22, 5, 43, 47, 9, 31, 36, 0], [0, 33, 26, 28, 30, 48, 2, 20, 25, 40, 19, 0], [0, 14, 3, 15, 42, 41, 11, 1, 37, 38, 50, 0], [0, 29, 21, 18, 10, 23, 46, 32, 24, 13, 44, 0]]",8.075865507165872,0.1744511572289325,2.358775267668534,0.4154158592224121,0.18900440753755654,0.3019870383018965,0.8787743429911943,0.8899292094904749,1.1577141284942627
0.0,0.0,3,True,146664,5,"[[0, 44, 50, 38, 37, 1, 41, 11, 15, 3, 14, 0], [0, 19, 18, 21, 29, 10, 23, 46, 32, 24, 13, 0], [0, 45, 12, 42, 7, 8, 34, 17, 39, 49, 27, 0], [0, 16, 35, 4, 6, 22, 5, 30, 28, 26, 33, 0], [0, 40, 25, 20, 2, 48, 43, 47, 9, 31, 36, 0]]",9.463178984206024,0.17782854205187487,3.0830202802899294,0.4746205061674118,0.22863932900422834,0.6160853773801396,0.8773050924518053,0.8940903687012538,1.1577141284942627
0.0,0.0,4,True,147330,5,"[[0, 36, 31, 9, 47, 43, 48, 2, 20, 25, 40, 0], [0, 45, 12, 13, 24, 32, 46, 23, 10, 29, 44, 0], [0, 14, 3, 15, 42, 11, 41, 1, 37, 38, 50, 0], [0, 21, 35, 4, 6, 22, 5, 30, 28, 26, 33, 0], [0, 27, 49, 39, 17, 34, 8, 7, 16, 18, 19, 0]]",8.256726228654653,0.166877981978986,2.5051636423449963,0.36076025664806366,0.1985119585599764,0.34655077052881605,0.8759715686600034,0.8901238807123781,1.1577141284942627
0.0,0.0,5,True,147330,5,"[[0, 27, 49, 39, 48, 2, 43, 9, 47, 31, 36, 0], [0, 14, 3, 15, 42, 11, 41, 1, 37, 38, 50, 0], [0, 33, 26, 28, 30, 8, 17, 34, 7, 16, 45, 0], [0, 12, 35, 4, 6, 22, 5, 20, 25, 40, 44, 0], [0, 29, 21, 13, 24, 32, 46, 23, 10, 18, 19, 0]]",9.217581591841736,0.2945620734244585,3.577616550726816,0.5101173520088196,0.2680511910056531,0.9053651540969001,0.8715581363839595,0.8865730393529664,1.1577141284942627
0.0,0.0,6,True,147330,5,"[[0, 50, 38, 37, 1, 41, 11, 15, 3, 14, 45, 0], [0, 36, 31, 9, 47, 43, 2, 48, 39, 49, 27, 0], [0, 40, 25, 20, 5, 22, 6, 4, 35, 16, 12, 0], [0, 13, 24, 32, 46, 23, 10, 29, 21, 18, 19, 0], [0, 42, 7, 34, 17, 8, 30, 28, 26, 33, 44, 0]]",9.617788766332524,0.30902314079659327,3.0977712164167315,0.40120446256228853,0.22445614728024688,0.5922080699271548,0.877412368326407,0.8962545106100381,1.1577141284942627
0.0,0.0,7,True,146664,5,"[[0, 19, 18, 10, 23, 46, 32, 24, 13, 21, 29, 0], [0, 33, 26, 28, 30, 5, 22, 6, 4, 35, 44, 0], [0, 12, 45, 16, 7, 8, 34, 17, 39, 49, 27, 0], [0, 40, 25, 20, 2, 48, 43, 47, 9, 31, 36, 0], [0, 14, 3, 15, 42, 11, 41, 1, 37, 38, 50, 0]]",8.663842070654937,0.1651098185296481,2.5030439763795584,0.36076025664806366,0.15006941155499298,0.2186997482605892,0.8724526710606091,0.8867439933784123,1.1577141284942627
0.0,0.0,8,True,147330,5,"[[0, 14, 3, 15, 42, 11, 41, 1, 37, 38, 50, 0], [0, 12, 45, 13, 46, 23, 10, 29, 21, 18, 19, 0], [0, 32, 24, 6, 22, 5, 48, 2, 20, 25, 40, 0], [0, 36, 31, 47, 9, 43, 30, 28, 26, 33, 44, 0], [0, 27, 49, 39, 17, 34, 8, 7, 16, 4, 35, 0]]",9.564408535527036,0.29756661787115296,2.950613140652422,0.3895605685455458,0.19906235084016455,0.5334979373219477,0.8799164656247984,0.8943316419377861,1.1577141284942627
0.0,0.0,9,True,145999,5,"[[0, 14, 3, 15, 42, 41, 11, 1, 37, 38, 50, 0], [0, 27, 49, 39, 17, 34, 8, 7, 30, 21, 29, 0], [0, 12, 45, 13, 24, 32, 46, 23, 10, 18, 19, 0], [0, 44, 40, 25, 20, 35, 4, 16, 28, 26, 33, 0], [0, 6, 22, 5, 48, 2, 43, 47, 9, 31, 36, 0]]",10.359445062113082,0.20451760930108262,3.776087445032317,0.5804542452096939,0.2854241426645885,1.1203900445858743,0.890835498907296,0.9105051076210172,1.999999761581421
1.0,0.0,0,True,173507,5,"[[0, 44, 50, 38, 14, 3, 15, 11, 41, 42, 1, 0], [0, 27, 37, 49, 39, 17, 34, 8, 7, 16, 19, 0], [0, 33, 26, 30, 28, 47, 9, 2, 48, 20, 45, 0], [0, 12, 13, 23, 10, 18, 21, 25, 40, 31, 36, 0], [0, 29, 43, 35, 4, 6, 22, 5, 46, 32, 24, 0]]",3.6956751194019226,0.07123519253076577,1.5898157460295543,0.15995448579390845,0.34910334177157654,0.23144609894035156,0.8093417919567263,0.7708286574848412,0.7925662398338318
1.0,0.0,1,True,173507,5,"[[0, 27, 37, 49, 39, 17, 34, 8, 7, 16, 19, 0], [0, 12, 20, 48, 2, 9, 47, 28, 30, 26, 33, 0], [0, 24, 32, 46, 5, 22, 6, 4, 35, 43, 29, 0], [0, 36, 31, 40, 25, 21, 18, 10, 23, 13, 45, 0], [0, 1, 42, 41, 11, 15, 3, 14, 38, 50, 44, 0]]",3.6960862335916964,0.07123519253076577,1.5898157460295543,0.15995448579390845,0.34951100980002914,0.23186628429646192,0.8088707615495945,0.7707429185223418,0.7925662398338318
1.0,0.0,2,True,173507,5,"[[0, 44, 50, 38, 14, 3, 15, 42, 11, 41, 1, 0], [0, 45, 13, 23, 10, 18, 21, 25, 40, 31, 36, 0], [0, 27, 37, 49, 39, 17, 34, 8, 7, 16, 19, 0], [0, 24, 32, 46, 5, 22, 6, 4, 35, 43, 29, 0], [0, 33, 26, 30, 28, 9, 47, 2, 48, 20, 12, 0]]",3.6956751194019226,0.07123519253076577,1.5898157460295543,0.15995448579390845,0.3495943868831237,0.2319341913800958,0.8093417919567263,0.7708286574848412,0.7925662398338318
1.0,0.0,3,True,173909,5,"[[0, 19, 16, 7, 8, 23, 10, 18, 21, 12, 45, 0], [0, 1, 42, 11, 41, 15, 3, 14, 38, 50, 44, 0], [0, 33, 26, 30, 28, 48, 2, 46, 32, 24, 13, 0], [0, 40, 25, 20, 5, 22, 6, 4, 35, 43, 29, 0], [0, 36, 31, 9, 47, 34, 17, 39, 49, 37, 27, 0]]",3.9328378080325557,0.07717949860706562,1.4926770432211924,0.1331319186836481,0.36904367580222885,0.2732298142963633,0.8258690243401212,0.7949014507389058,0.7925662398338318
1.0,0.0,4,True,173829,5,"[[0, 29, 43, 35, 4, 6, 22, 20, 25, 40, 45, 0], [0, 2, 48, 5, 46, 32, 24, 21, 18, 10, 19, 0], [0, 27, 37, 49, 39, 17, 34, 47, 9, 31, 36, 0], [0, 12, 13, 23, 8, 7, 16, 28, 30, 26, 33, 0], [0, 1, 42, 41, 11, 15, 3, 14, 38, 50, 44, 0]]",3.9125052084091294,0.07401952165223304,1.4905573772557545,0.1331319186836481,0.2985676250777918,0.1809986734086353,0.8088047451330582,0.7746133960436039,0.7925662398338318
1.0,0.0,5,True,173655,5,"[[0, 29, 43, 47, 9, 2, 48, 28, 30, 26, 33, 0], [0, 45, 12, 21, 18, 10, 23, 8, 7, 16, 19, 0], [0, 13, 24, 32, 46, 5, 20, 25, 40, 31, 36, 0], [0, 1, 42, 41, 11, 15, 3, 14, 38, 50, 44, 0], [0, 35, 4, 6, 22, 34, 17, 39, 49, 37, 27, 0]]",3.8746916475582758,0.07966075885372284,1.621877365250839,0.15872848282257715,0.4288443508009372,0.41164978721256007,0.8258323385283821,0.7958640538770191,0.7925662398338318
1.0,0.0,6,True,173507,5,"[[0, 44, 50, 38, 14, 3, 15, 11, 42, 41, 1, 0], [0, 45, 20, 2, 48, 47, 9, 28, 30, 26, 33, 0], [0, 12, 13, 23, 10, 18, 21, 25, 40, 31, 36, 0], [0, 29, 43, 35, 4, 6, 22, 5, 46, 32, 24, 0], [0, 19, 16, 7, 8, 34, 17, 39, 49, 37, 27, 0]]",3.6956751194019226,0.07123519253076577,1.5898157460295543,0.15995448579390845,0.34910334177157654,0.2314460989403515,0.8093417919567263,0.7708286574848412,0.7925662398338318
1.0,0.0,7,True,173782,5,"[[0, 33, 26, 30, 28, 9, 47, 2, 48, 31, 36, 0], [0, 1, 41, 11, 42, 15, 3, 14, 38, 50, 44, 0], [0, 27, 37, 49, 39, 17, 34, 8, 7, 16, 19, 0], [0, 45, 12, 40, 25, 20, 21, 18, 10, 23, 13, 0], [0, 24, 32, 46, 5, 22, 6, 4, 35, 43, 29, 0]]",3.60790013579469,0.07231599273972023,1.5898157460295543,0.15995448579390845,0.3390397218254422,0.22179999805936257,0.8069612181286492,0.7711362976715276,0.7925662398338318
1.0,0.0,8,True,174347,5,"[[0, 45, 12, 21, 18, 10, 23, 8, 7, 16, 19, 0], [0, 44, 36, 31, 40, 25, 20, 46, 32, 24, 13, 0], [0, 33, 26, 30, 28, 9, 47, 2, 48, 41, 1, 0], [0, 29, 43, 35, 4, 6, 22, 5, 42, 11, 15, 0], [0, 27, 37, 49, 39, 17, 34, 3, 14, 38, 50, 0]]",3.440029703307001,0.06999209925140205,1.5001894298475236,0.1672697183676064,0.36080373599135784,0.21097547968337685,0.8082063538449995,0.7694283330011139,0.7925662398338318
1.0,0.0,9,True,173655,5,"[[0, 50, 38, 14, 3, 15, 11, 42, 41, 1, 44, 0], [0, 45, 12, 21, 18, 10, 23, 8, 7, 16, 19, 0], [0, 33, 26, 30, 28, 48, 2, 47, 9, 43, 29, 0], [0, 35, 4, 6, 22, 34, 17, 39, 49, 37, 27, 0], [0, 13, 24, 32, 46, 5, 20, 25, 40, 31, 36, 0]]",3.8746916475582758,0.07966075885372284,1.621877365250839,0.15872848282257715,0.4288443508009372,0.4116497872125602,0.8258323385283821,0.7958640538770191,0.7925662398338318
2.0,0.0,0,True,188499,5,"[[0, 27, 49, 37, 24, 32, 46, 5, 22, 6, 12, 0], [0, 29, 43, 4, 35, 20, 25, 40, 31, 36, 44, 0], [0, 11, 42, 7, 16, 8, 39, 17, 34, 3, 15, 0], [0, 19, 21, 18, 10, 23, 13, 45, 14, 38, 50, 0], [0, 33, 26, 30, 28, 47, 9, 2, 48, 41, 1, 0]]",3.274546548487706,0.06510416810449801,1.103669978241669,0.13448995405009814,0.2737609633449354,0.10899067916802407,0.7920568911540196,0.7484275511487962,0.8801901340484619
2.0,0.0,1,True,188676,5,"[[0, 19, 29, 43, 4, 35, 20, 25, 40, 31, 36, 0], [0, 33, 26, 30, 28, 47, 9, 48, 2, 41, 1, 0], [0, 15, 3, 34, 17, 39, 8, 16, 7, 42, 11, 0], [0, 44, 6, 22, 5, 46, 32, 24, 37, 49, 27, 0], [0, 45, 21, 18, 10, 23, 13, 12, 14, 38, 50, 0]]",3.1449572644742148,0.06294592047059858,1.114592607395025,0.10682551976707247,0.3142418100369402,0.13386061845293093,0.7854117317570766,0.7379752725684194,0.8801901340484619
2.0,0.0,2,True,188365,5,"[[0, 36, 31, 40, 25, 20, 5, 46, 32, 24, 13, 0], [0, 29, 43, 35, 4, 6, 22, 34, 17, 39, 42, 0], [0, 27, 37, 49, 1, 41, 15, 3, 14, 38, 50, 0], [0, 19, 16, 7, 8, 23, 10, 18, 21, 45, 12, 0], [0, 11, 2, 48, 9, 47, 28, 30, 26, 33, 44, 0]]",3.330420297855081,0.06546357589272353,1.169271508406382,0.1232108217664063,0.3029390719818281,0.13064181990205612,0.8033885134296332,0.7596751882336472,0.8801901340484619
2.0,0.0,3,True,189058,5,"[[0, 44, 36, 31, 40, 25, 20, 21, 18, 10, 19, 0], [0, 27, 49, 37, 24, 32, 46, 5, 16, 7, 42, 0], [0, 29, 43, 4, 35, 41, 15, 3, 14, 38, 50, 0], [0, 12, 6, 22, 34, 17, 39, 8, 23, 13, 45, 0], [0, 1, 11, 48, 2, 47, 9, 28, 30, 26, 33, 0]]",3.0384046702395118,0.062106374030311905,1.045500365978338,0.13443592909191335,0.26934575461147814,0.08545900561324335,0.7936098778717464,0.7413351527130648,0.8801901340484619
2.0,0.0,4,True,188747,5,"[[0, 44, 50, 27, 49, 37, 24, 32, 46, 31, 36, 0], [0, 38, 14, 3, 34, 17, 39, 8, 7, 16, 19, 0], [0, 33, 26, 30, 28, 47, 9, 48, 2, 11, 15, 0], [0, 29, 43, 35, 4, 6, 22, 5, 42, 41, 1, 0], [0, 13, 23, 10, 18, 21, 25, 40, 20, 12, 45, 0]]",3.077990476093756,0.05936393328011036,1.0870997606252786,0.10682551976707247,0.27384221504275663,0.09081605581571901,0.7855688690347733,0.7335081505320914,0.8801901340484619
2.0,0.0,5,True,188365,5,"[[0, 44, 33, 26, 30, 28, 9, 47, 48, 2, 11, 0], [0, 13, 24, 32, 46, 5, 20, 25, 40, 31, 36, 0], [0, 42, 39, 17, 34, 22, 6, 4, 35, 43, 29, 0], [0, 27, 37, 49, 1, 41, 15, 3, 14, 38, 50, 0], [0, 45, 12, 21, 18, 10, 23, 8, 7, 16, 19, 0]]",3.328987948881032,0.06546357589272353,1.169271508406382,0.1232108217664063,0.3033028765476675,0.13085960253953327,0.8032911948416452,0.7600020503290305,0.8801901340484619
2.0,0.0,6,True,188499,5,"[[0, 50, 38, 14, 45, 13, 23, 10, 18, 21, 19, 0], [0, 27, 49, 37, 24, 32, 46, 5, 22, 6, 12, 0], [0, 1, 41, 2, 48, 47, 9, 28, 30, 26, 33, 0], [0, 15, 3, 34, 17, 39, 8, 16, 7, 42, 11, 0], [0, 36, 31, 40, 25, 20, 35, 4, 43, 29, 44, 0]]",3.120331645997794,0.0659714016531195,1.103669978241669,0.13448995405009814,0.3156527678954757,0.13388378440062745,0.7884217862951166,0.7436858883635517,0.8801901340484619
2.0,0.0,7,True,188499,5,"[[0, 50, 38, 14, 45, 13, 23, 10, 18, 21, 19, 0], [0, 15, 3, 34, 17, 39, 8, 16, 7, 42, 11, 0], [0, 36, 31, 40, 25, 20, 35, 4, 43, 29, 44, 0], [0, 1, 41, 2, 48, 47, 9, 28, 30, 26, 33, 0], [0, 27, 49, 37, 24, 32, 46, 5, 22, 6, 12, 0]]",3.120331645997794,0.0659714016531195,1.103669978241669,0.13448995405009814,0.3156527678954757,0.13388378440062745,0.7884217862951166,0.7436858883635517,0.8801901340484619
2.0,0.0,8,True,188586,5,"[[0, 45, 41, 42, 11, 15, 3, 14, 38, 50, 44, 0], [0, 13, 23, 10, 18, 21, 20, 25, 40, 31, 36, 0], [0, 29, 43, 35, 4, 9, 47, 28, 30, 26, 33, 0], [0, 12, 6, 22, 34, 17, 39, 8, 7, 16, 19, 0], [0, 27, 49, 37, 24, 32, 46, 5, 2, 48, 1, 0]]",3.133194317976514,0.059127924438470446,1.400056821439648,0.1507687158882618,0.39582961861399957,0.22520761613385804,0.7835114701943435,0.7311053687371387,0.8801901340484619
2.0,0.0,9,True,188879,5,"[[0, 1, 11, 42, 41, 15, 3, 14, 38, 50, 44, 0], [0, 33, 26, 30, 28, 47, 9, 2, 48, 31, 36, 0], [0, 21, 18, 10, 29, 43, 35, 4, 37, 49, 27, 0], [0, 19, 16, 7, 8, 39, 17, 34, 22, 6, 45, 0], [0, 13, 23, 24, 32, 46, 5, 20, 25, 40, 12, 0]]",3.090807712164743,0.061783487933713035,1.4920269923750311,0.13049100302159786,0.3907147008340761,0.22427325385293084,0.7921104026520984,0.7435741678244188,0.8801901340484619
