beta,lambda_concentration,seed,is_feasible,pyvrp_cost,num_routes,routes,global_risk,global_cvar90,max_vehicle_risk,max_vehicle_cvar90,vehicle_risk_gini,risk_variance,edge_burden_gini_used,top10_burden_share,max_edge_burden
0.0,0.0,0,True,145999,5,"[[0, 44, 14, 3, 15, 41, 11, 1, 37, 38, 50, 0], [0, 42, 7, 8, 34, 17, 9, 47, 43, 26, 33, 0], [0, 45, 12, 13, 24, 32, 46, 23, 10, 18, 19, 0], [0, 40, 25, 20, 35, 4, 16, 28, 30, 21, 29, 0], [0, 36, 31, 6, 22, 2, 48, 5, 39, 49, 27, 0]]",9.37205420925602,0.26653583301231265,3.183846536121564,0.4705861782034238,0.2155620909043543,0.5677319469492115,0.879068782279524,0.9054451481460024,1.1597681045532227
0.0,0.0,1,True,145999,5,"[[0, 6, 22, 5, 2, 48, 43, 9, 47, 31, 36, 0], [0, 12, 45, 13, 24, 32, 46, 23, 10, 18, 19, 0], [0, 27, 49, 39, 17, 34, 8, 7, 30, 21, 29, 0], [0, 33, 26, 28, 16, 4, 35, 20, 25, 40, 44, 0], [0, 14, 3, 15, 42, 41, 11, 1, 37, 38, 50, 0]]",10.333490569981223,0.2791463479618816,3.287743568653241,0.5033845057090124,0.20914644290390427,0.6136171512155603,0.8883402835137757,0.9142852507702146,1.7231816053390503
0.0,0.0,2,True,146664,5,"[[0, 27, 49, 39, 17, 34, 8, 7, 16, 12, 45, 0], [0, 35, 4, 6, 22, 5, 43, 47, 9, 31, 36, 0], [0, 33, 26, 28, 30, 48, 2, 20, 25, 40, 19, 0], [0, 14, 3, 15, 42, 41, 11, 1, 37, 38, 50, 0], [0, 29, 21, 18, 10, 23, 46, 32, 24, 13, 44, 0]]",8.348096489426098,0.2511734108130137,2.9531944208138157,0.4776504814624786,0.23352553877765847,0.5380730535216459,0.8806471100155182,0.9015714346877696,1.1597681045532227
0.0,0.0,3,True,146664,5,"[[0, 44, 50, 38, 37, 1, 41, 11, 15, 3, 14, 0], [0, 19, 18, 21, 29, 10, 23, 46, 32, 24, 13, 0], [0, 45, 12, 42, 7, 8, 34, 17, 39, 49, 27, 0], [0, 16, 35, 4, 6, 22, 5, 30, 28, 26, 33, 0], [0, 40, 25, 20, 2, 48, 43, 47, 9, 31, 36, 0]]",10.300609320365766,0.26315790890819496,3.1436508569750004,0.4843422422806422,0.21824342673750685,0.7529055801164671,0.8762828980713226,0.9113305473892095,1.1597681045532227
0.0,0.0,4,True,147330,5,"[[0, 36, 31, 9, 47, 43, 48, 2, 20, 25, 40, 0], [0, 45, 12, 13, 24, 32, 46, 23, 10, 29, 44, 0], [0, 14, 3, 15, 42, 11, 41, 1, 37, 38, 50, 0], [0, 21, 35, 4, 6, 22, 5, 30, 28, 26, 33, 0], [0, 27, 49, 39, 17, 34, 8, 7, 16, 18, 19, 0]]",9.506310775498804,0.25564143905306563,3.1447518334607594,0.4281728625297546,0.23521281617224,0.6426868671596149,0.8815749321496755,0.910670463992512,1.1597681045532227
0.0,0.0,5,True,147330,5,"[[0, 27, 49, 39, 48, 2, 43, 9, 47, 31, 36, 0], [0, 14, 3, 15, 42, 11, 41, 1, 37, 38, 50, 0], [0, 33, 26, 28, 30, 8, 17, 34, 7, 16, 45, 0], [0, 12, 35, 4, 6, 22, 5, 20, 25, 40, 44, 0], [0, 29, 21, 13, 24, 32, 46, 23, 10, 18, 19, 0]]",9.957086635680753,0.32366110091762884,3.6873866480309516,0.42202028632164,0.22189961059449326,0.7978076975120423,0.8719311307300137,0.888848246407843,1.1597681045532227
0.0,0.0,6,True,147330,5,"[[0, 50, 38, 37, 1, 41, 11, 15, 3, 14, 45, 0], [0, 36, 31, 9, 47, 43, 2, 48, 39, 49, 27, 0], [0, 40, 25, 20, 5, 22, 6, 4, 35, 16, 12, 0], [0, 13, 24, 32, 46, 23, 10, 29, 21, 18, 19, 0], [0, 42, 7, 34, 17, 8, 30, 28, 26, 33, 44, 0]]",10.272082482748374,0.33468073566577267,3.2514130908530205,0.4061486100157102,0.2024784493933376,0.5865695568284388,0.8763714608583151,0.911433712355115,1.1597681045532227
0.0,0.0,7,True,146664,5,"[[0, 19, 18, 10, 23, 46, 32, 24, 13, 21, 29, 0], [0, 33, 26, 28, 30, 5, 22, 6, 4, 35, 44, 0], [0, 12, 45, 16, 7, 8, 34, 17, 39, 49, 27, 0], [0, 40, 25, 20, 2, 48, 43, 47, 9, 31, 36, 0], [0, 14, 3, 15, 42, 11, 41, 1, 37, 38, 50, 0]]",9.545902096768259,0.2719186332542449,3.1436508569750004,0.38798855741818744,0.16769457932021314,0.41665003229672387,0.8744130089750657,0.906095485038539,1.1597681045532227
0.0,0.0,8,True,147330,5,"[[0, 14, 3, 15, 42, 11, 41, 1, 37, 38, 50, 0], [0, 12, 45, 13, 46, 23, 10, 29, 21, 18, 19, 0], [0, 32, 24, 6, 22, 5, 48, 2, 20, 25, 40, 0], [0, 36, 31, 47, 9, 43, 30, 28, 26, 33, 44, 0], [0, 27, 49, 39, 17, 34, 8, 7, 16, 4, 35, 0]]",10.548675522601116,0.3453393982989447,2.7717128080766997,0.36826674693397116,0.1322020867613687,0.2615626295755823,0.877918994945492,0.9046475170445679,1.1597681045532227
0.0,0.0,9,True,145999,5,"[[0, 14, 3, 15, 42, 41, 11, 1, 37, 38, 50, 0], [0, 27, 49, 39, 17, 34, 8, 7, 30, 21, 29, 0], [0, 12, 45, 13, 24, 32, 46, 23, 10, 18, 19, 0], [0, 44, 40, 25, 20, 35, 4, 16, 28, 26, 33, 0], [0, 6, 22, 5, 48, 2, 43, 47, 9, 31, 36, 0]]",10.332456379306677,0.2791463479618816,3.287743568653241,0.5033845057090124,0.20912734009217138,0.6135215403510569,0.8880317071418937,0.9143767629184889,1.7231816053390503
1.0,0.0,0,True,177719,5,"[[0, 45, 21, 18, 4, 35, 20, 25, 40, 3, 15, 0], [0, 36, 31, 46, 32, 24, 13, 12, 14, 38, 50, 0], [0, 27, 37, 49, 39, 17, 34, 8, 23, 10, 19, 0], [0, 6, 22, 5, 48, 2, 9, 47, 43, 29, 44, 0], [0, 33, 26, 30, 28, 16, 7, 42, 11, 41, 1, 0]]",4.584871682382072,0.12481622037788233,1.622341661968676,0.18647477083972522,0.30174269241525353,0.27275281376833616,0.8374670788002252,0.8219469874596369,0.7257373332977295
1.0,0.0,1,True,177436,5,"[[0, 44, 1, 41, 11, 45, 15, 3, 14, 38, 50, 0], [0, 42, 39, 17, 34, 2, 48, 47, 9, 43, 29, 0], [0, 33, 26, 30, 28, 16, 7, 8, 23, 13, 12, 0], [0, 6, 22, 5, 46, 32, 24, 21, 18, 10, 19, 0], [0, 36, 31, 40, 25, 20, 35, 4, 37, 49, 27, 0]]",3.997129399103869,0.08163060508668422,1.6304822412494104,0.1762504274956882,0.3746439267801345,0.2949996588575178,0.8337397895108365,0.8090151247032209,0.6248788237571716
1.0,0.0,2,True,177151,5,"[[0, 50, 38, 14, 3, 34, 17, 39, 8, 23, 13, 0], [0, 12, 6, 22, 5, 46, 32, 24, 37, 49, 27, 0], [0, 19, 10, 29, 43, 47, 9, 2, 48, 15, 44, 0], [0, 1, 11, 41, 42, 7, 16, 28, 30, 26, 33, 0], [0, 45, 21, 18, 4, 35, 20, 25, 40, 31, 36, 0]]",3.803397271563881,0.07800697477964255,1.4146450904590893,0.1338084199362331,0.25535545126572523,0.13421888055777992,0.8239246770088222,0.7930515952324746,0.6248788237571716
1.0,0.0,3,True,177151,5,"[[0, 1, 41, 11, 42, 7, 16, 28, 30, 26, 33, 0], [0, 36, 31, 40, 25, 20, 35, 4, 18, 21, 45, 0], [0, 13, 23, 8, 39, 17, 34, 3, 14, 38, 50, 0], [0, 15, 2, 48, 9, 47, 43, 29, 10, 19, 44, 0], [0, 12, 6, 22, 5, 46, 32, 24, 37, 49, 27, 0]]",3.808607160448446,0.07800697477964255,1.4146450904590893,0.1338084199362331,0.2544589741713046,0.1337658708633282,0.8221084110189547,0.7919667601426826,0.6248788237571716
1.0,0.0,4,True,176743,5,"[[0, 12, 6, 22, 5, 46, 32, 24, 37, 49, 27, 0], [0, 36, 31, 40, 25, 20, 35, 4, 43, 29, 44, 0], [0, 50, 38, 14, 3, 15, 45, 21, 18, 10, 19, 0], [0, 13, 23, 8, 39, 17, 34, 47, 9, 2, 48, 0], [0, 1, 11, 41, 42, 7, 16, 28, 30, 26, 33, 0]]",3.460597758035874,0.07082772372584593,0.8850198114960222,0.10300459659525327,0.1539190627879563,0.040715771572659556,0.8142865154362176,0.7755332323460326,0.6248788237571716
1.0,0.0,5,True,177151,5,"[[0, 12, 6, 22, 5, 46, 32, 24, 37, 49, 27, 0], [0, 15, 41, 48, 2, 47, 9, 43, 29, 10, 19, 0], [0, 13, 23, 8, 39, 17, 34, 3, 14, 38, 50, 0], [0, 44, 1, 11, 42, 7, 16, 28, 30, 26, 33, 0], [0, 36, 31, 40, 25, 20, 35, 4, 18, 21, 45, 0]]",3.808607160448446,0.07800697477964255,1.4045962046366185,0.16957874755774224,0.2523482002533588,0.13049152609956827,0.8221084110189547,0.7919667601426826,0.6248788237571716
1.0,0.0,6,True,177121,5,"[[0, 33, 26, 30, 28, 47, 9, 2, 48, 11, 1, 0], [0, 15, 3, 34, 17, 39, 8, 16, 7, 42, 41, 0], [0, 36, 31, 40, 25, 20, 35, 4, 43, 29, 44, 0], [0, 50, 38, 14, 12, 13, 23, 10, 18, 21, 19, 0], [0, 45, 6, 22, 5, 46, 32, 24, 37, 49, 27, 0]]",3.27380753520265,0.07177068314382008,1.051922208222095,0.12084949921284403,0.2846349794093297,0.1173737470990075,0.8093804374098341,0.7695663118028434,0.6248788237571716
1.0,0.0,7,True,177121,5,"[[0, 44, 36, 31, 40, 25, 20, 35, 4, 43, 29, 0], [0, 15, 3, 34, 17, 39, 8, 16, 7, 42, 41, 0], [0, 45, 6, 22, 5, 46, 32, 24, 37, 49, 27, 0], [0, 33, 26, 30, 28, 9, 47, 48, 2, 11, 1, 0], [0, 19, 21, 18, 10, 23, 13, 12, 14, 38, 50, 0]]",3.2869097171569592,0.07177068314382008,1.051922208222095,0.12084949921284403,0.28190590777536206,0.11582384256615438,0.8075488463975944,0.766498689412574,0.6248788237571716
1.0,0.0,8,True,177121,5,"[[0, 36, 31, 40, 25, 20, 35, 4, 43, 29, 44, 0], [0, 27, 49, 37, 24, 32, 46, 5, 22, 6, 45, 0], [0, 1, 41, 48, 2, 47, 9, 28, 30, 26, 33, 0], [0, 50, 38, 14, 12, 13, 23, 10, 18, 21, 19, 0], [0, 15, 3, 34, 17, 39, 8, 16, 7, 42, 11, 0]]",3.27380753520265,0.07177068314382008,1.0598461828194559,0.12084949921284403,0.2885076442558272,0.12025615503342313,0.8093804374098341,0.7695663118028434,0.6248788237571716
1.0,0.0,9,True,177189,5,"[[0, 13, 23, 8, 39, 17, 34, 3, 14, 38, 50, 0], [0, 6, 22, 5, 46, 32, 24, 37, 49, 27, 44, 0], [0, 33, 26, 30, 28, 16, 7, 42, 11, 41, 1, 0], [0, 15, 48, 2, 9, 47, 43, 29, 21, 12, 45, 0], [0, 19, 10, 18, 4, 35, 20, 25, 40, 31, 36, 0]]",3.8090224026382202,0.07800697477964255,1.4166027470928384,0.11105615103786642,0.2543959804914617,0.1340204611988615,0.8245250101374206,0.795503717974051,0.6248788237571716
1.0,0.5,0,True,183677,5,"[[0, 41, 11, 48, 2, 47, 9, 28, 30, 26, 33, 0], [0, 50, 38, 14, 45, 13, 23, 10, 18, 21, 19, 0], [0, 15, 3, 34, 17, 39, 8, 16, 7, 42, 1, 0], [0, 44, 29, 43, 4, 35, 20, 25, 40, 31, 36, 0], [0, 12, 6, 22, 5, 46, 32, 24, 37, 49, 27, 0]]",3.268597646318085,0.07177068314382008,1.0173608518671244,0.12084949921284403,0.2692901949544675,0.10598524689251651,0.8114758022058552,0.770792940286258,0.6248788237571716
1.0,0.5,1,True,183677,5,"[[0, 44, 29, 43, 4, 35, 20, 25, 40, 31, 36, 0], [0, 33, 26, 30, 28, 47, 9, 2, 48, 11, 1, 0], [0, 15, 3, 34, 17, 39, 8, 16, 7, 42, 41, 0], [0, 19, 21, 18, 10, 23, 13, 12, 14, 38, 50, 0], [0, 45, 6, 22, 5, 46, 32, 24, 37, 49, 27, 0]]",3.2816998282723944,0.07177068314382008,1.051922208222095,0.12084949921284403,0.28235344976039034,0.11545344942472838,0.809637534665747,0.7677155505549611,0.6248788237571716
1.0,0.5,2,True,183677,5,"[[0, 15, 3, 34, 17, 39, 8, 16, 7, 42, 41, 0], [0, 45, 6, 22, 5, 46, 32, 24, 37, 49, 27, 0], [0, 19, 21, 18, 10, 23, 13, 12, 14, 38, 50, 0], [0, 44, 29, 43, 4, 35, 20, 25, 40, 31, 36, 0], [0, 1, 11, 48, 2, 47, 9, 28, 30, 26, 33, 0]]",3.2816998282723944,0.07177068314382008,1.051922208222095,0.12084949921284403,0.28235344976039034,0.11545344942472838,0.809637534665747,0.7677155505549611,0.6248788237571716
1.0,0.5,3,True,183677,5,"[[0, 36, 31, 40, 25, 20, 35, 4, 43, 29, 44, 0], [0, 1, 42, 7, 16, 8, 39, 17, 34, 3, 15, 0], [0, 27, 49, 37, 24, 32, 46, 5, 22, 6, 45, 0], [0, 33, 26, 30, 28, 9, 47, 2, 48, 11, 41, 0], [0, 19, 21, 18, 10, 23, 13, 12, 14, 38, 50, 0]]",3.534800956629624,0.07674460092352496,1.0173608518671244,0.12084949921284403,0.19785958897645628,0.06683277216587596,0.8158266488132737,0.7803540008140105,0.6248788237571716
1.0,0.5,4,True,184666,5,"[[0, 33, 26, 30, 28, 9, 47, 2, 48, 31, 36, 0], [0, 11, 41, 42, 20, 25, 40, 4, 35, 43, 29, 0], [0, 12, 45, 13, 23, 10, 18, 21, 14, 38, 50, 0], [0, 1, 15, 3, 34, 17, 39, 8, 7, 16, 19, 0], [0, 44, 6, 22, 5, 46, 32, 24, 37, 49, 27, 0]]",3.1873960535897083,0.0664835496702128,1.0062670696643181,0.12084949921284403,0.26716320782898295,0.09378467381919628,0.8048968964857453,0.7559330880954075,0.6248788237571716
1.0,0.5,5,True,183431,5,"[[0, 36, 31, 40, 25, 20, 35, 4, 43, 29, 44, 0], [0, 2, 48, 9, 47, 34, 17, 39, 8, 23, 13, 0], [0, 12, 6, 22, 5, 46, 32, 24, 37, 49, 27, 0], [0, 19, 10, 18, 21, 45, 15, 3, 14, 38, 50, 0], [0, 1, 41, 11, 42, 7, 16, 28, 30, 26, 33, 0]]",3.463393464247929,0.07082772372584593,0.8850198114960222,0.10300459659525327,0.15314904416975317,0.04032639479647487,0.8134571254077434,0.7749072096033942,0.6248788237571716
1.0,0.5,6,True,183807,5,"[[0, 44, 50, 36, 31, 46, 32, 24, 37, 49, 27, 0], [0, 12, 45, 13, 23, 10, 18, 21, 25, 40, 20, 0], [0, 38, 14, 3, 34, 17, 39, 8, 7, 16, 19, 0], [0, 29, 43, 35, 4, 6, 22, 5, 42, 11, 15, 0], [0, 33, 26, 30, 28, 9, 47, 2, 48, 41, 1, 0]]",3.2693542630451873,0.0687381082938777,1.0598461828194559,0.12084949921284403,0.2225498034927107,0.0691679988650978,0.8073533551518413,0.7634652181133276,0.6248788237571716
1.0,0.5,7,True,183677,5,"[[0, 33, 26, 30, 28, 47, 9, 2, 48, 41, 11, 0], [0, 44, 29, 43, 4, 35, 20, 25, 40, 31, 36, 0], [0, 50, 38, 14, 45, 13, 23, 10, 18, 21, 19, 0], [0, 27, 49, 37, 24, 32, 46, 5, 22, 6, 12, 0], [0, 15, 3, 34, 17, 39, 8, 16, 7, 42, 1, 0]]",3.268597646318085,0.07177068314382008,1.0173608518671244,0.12084949921284403,0.2692901949544675,0.10598524689251654,0.8114758022058552,0.770792940286258,0.6248788237571716
1.0,0.5,8,True,183677,5,"[[0, 19, 21, 18, 10, 23, 13, 12, 14, 38, 50, 0], [0, 44, 29, 43, 4, 35, 20, 25, 40, 31, 36, 0], [0, 27, 49, 37, 24, 32, 46, 5, 22, 6, 45, 0], [0, 1, 11, 48, 2, 9, 47, 28, 30, 26, 33, 0], [0, 15, 3, 34, 17, 39, 8, 16, 7, 42, 41, 0]]",3.2816998282723944,0.07177068314382008,1.051922208222095,0.12084949921284403,0.28235344976039034,0.11545344942472839,0.809637534665747,0.7677155505549611,0.6248788237571716
1.0,0.5,9,True,183677,5,"[[0, 19, 21, 18, 10, 23, 13, 12, 14, 38, 50, 0], [0, 44, 29, 43, 4, 35, 20, 25, 40, 31, 36, 0], [0, 41, 11, 48, 2, 9, 47, 28, 30, 26, 33, 0], [0, 45, 6, 22, 5, 46, 32, 24, 37, 49, 27, 0], [0, 15, 3, 34, 17, 39, 8, 16, 7, 42, 1, 0]]",3.2816998282723944,0.07177068314382008,1.0173608518671244,0.12084949921284403,0.26550298412927154,0.10346882513375469,0.809637534665747,0.7677155505549611,0.6248788237571716
1.0,1.0,0,True,189685,5,"[[0, 38, 14, 3, 34, 17, 39, 8, 7, 16, 19, 0], [0, 44, 50, 36, 31, 46, 32, 24, 37, 49, 27, 0], [0, 15, 11, 48, 2, 9, 47, 28, 30, 26, 33, 0], [0, 20, 40, 25, 21, 18, 10, 23, 13, 12, 45, 0], [0, 29, 43, 35, 4, 6, 22, 5, 42, 41, 1, 0]]",3.0632343181507338,0.06479245551994868,1.0203063944645692,0.12084949921284403,0.2742202460819718,0.0887099287572533,0.7998913538684753,0.7511831339685481,0.6248788237571716
1.0,1.0,1,True,190237,5,"[[0, 50, 38, 14, 12, 13, 23, 10, 18, 21, 19, 0], [0, 1, 41, 48, 2, 47, 9, 28, 30, 26, 33, 0], [0, 15, 3, 34, 17, 39, 8, 16, 7, 42, 11, 0], [0, 45, 6, 22, 5, 46, 32, 24, 37, 49, 27, 0], [0, 29, 43, 4, 35, 20, 25, 40, 31, 36, 44, 0]]",3.268597646318085,0.07177068314382008,1.0598461828194559,0.12084949921284403,0.2889675028654095,0.11988030101902694,0.8114758022058552,0.770792940286258,0.6248788237571716
1.0,1.0,2,True,189685,5,"[[0, 33, 26, 30, 28, 9, 47, 2, 48, 41, 1, 0], [0, 15, 11, 42, 5, 22, 6, 4, 35, 43, 29, 0], [0, 27, 49, 37, 24, 32, 46, 31, 36, 50, 44, 0], [0, 45, 20, 40, 25, 21, 18, 10, 23, 13, 12, 0], [0, 38, 14, 3, 34, 17, 39, 8, 7, 16, 19, 0]]",3.0621333416649748,0.06479245551994868,1.0598461828194559,0.12084949921284403,0.2845050203287187,0.09547173394074386,0.8003438009192694,0.7514532185385912,0.6248788237571716
1.0,1.0,3,True,189685,5,"[[0, 38, 14, 3, 34, 17, 39, 8, 7, 16, 19, 0], [0, 29, 43, 35, 4, 6, 22, 5, 42, 11, 15, 0], [0, 50, 36, 31, 46, 32, 24, 37, 49, 27, 44, 0], [0, 13, 23, 10, 18, 21, 25, 40, 20, 12, 45, 0], [0, 1, 41, 48, 2, 47, 9, 28, 30, 26, 33, 0]]",3.2693542630451873,0.0687381082938777,1.0598461828194559,0.12084949921284403,0.2225498034927107,0.0691679988650978,0.8073533551518413,0.7634652181133276,0.6248788237571716
1.0,1.0,4,True,189685,5,"[[0, 38, 14, 3, 34, 17, 39, 8, 7, 16, 19, 0], [0, 33, 26, 30, 28, 47, 9, 2, 48, 11, 15, 0], [0, 12, 45, 20, 40, 25, 21, 18, 10, 23, 13, 0], [0, 1, 41, 42, 5, 22, 6, 4, 35, 43, 29, 0], [0, 44, 27, 49, 37, 24, 32, 46, 31, 36, 50, 0]]",3.0621333416649748,0.06479245551994868,1.0203063944645692,0.12084949921284403,0.2741750225283257,0.08860860136358942,0.8003438009192694,0.7514532185385912,0.6248788237571716
1.0,1.0,5,True,190237,5,"[[0, 44, 36, 31, 40, 25, 20, 35, 4, 43, 29, 0], [0, 41, 42, 7, 16, 8, 39, 17, 34, 3, 15, 0], [0, 33, 26, 30, 28, 9, 47, 2, 48, 11, 1, 0], [0, 27, 49, 37, 24, 32, 46, 5, 22, 6, 45, 0], [0, 19, 21, 18, 10, 23, 13, 12, 14, 38, 50, 0]]",3.534800956629624,0.07674460092352496,1.051922208222095,0.12084949921284403,0.20959253465991257,0.07539041347097362,0.8158266488132737,0.7803540008140105,0.6248788237571716
1.0,1.0,6,True,190262,5,"[[0, 1, 11, 42, 41, 21, 18, 10, 23, 13, 12, 0], [0, 15, 3, 34, 17, 39, 8, 7, 16, 19, 44, 0], [0, 29, 43, 35, 4, 40, 25, 20, 14, 38, 50, 0], [0, 45, 6, 22, 5, 46, 32, 24, 37, 49, 27, 0], [0, 36, 31, 48, 2, 9, 47, 28, 30, 26, 33, 0]]",3.0939203803293083,0.06175780306394036,1.0073680461500771,0.12084949921284403,0.3036635471308873,0.1274598979381175,0.7965182243476536,0.7437454052280448,0.6248788237571716
1.0,1.0,7,True,189685,5,"[[0, 33, 26, 30, 28, 9, 47, 2, 48, 41, 1, 0], [0, 20, 40, 25, 21, 18, 10, 23, 13, 12, 45, 0], [0, 15, 11, 42, 5, 22, 6, 4, 35, 43, 29, 0], [0, 38, 14, 3, 34, 17, 39, 8, 7, 16, 19, 0], [0, 50, 36, 31, 46, 32, 24, 37, 49, 27, 44, 0]]",3.0632343181507338,0.06479245551994868,1.0598461828194559,0.12084949921284403,0.28454653111230055,0.09557306133440775,0.7998913538684753,0.7511831339685481,0.6248788237571716
1.0,1.0,8,True,190237,5,"[[0, 50, 38, 14, 12, 13, 23, 10, 18, 21, 19, 0], [0, 11, 42, 7, 16, 8, 39, 17, 34, 3, 15, 0], [0, 1, 41, 48, 2, 9, 47, 28, 30, 26, 33, 0], [0, 29, 43, 4, 35, 20, 25, 40, 31, 36, 44, 0], [0, 27, 49, 37, 24, 32, 46, 5, 22, 6, 45, 0]]",3.51648888579075,0.07674460092352496,1.0598461828194559,0.12084949921284403,0.2163687791458706,0.07902431052505504,0.8194626050856229,0.7844176842796523,0.6248788237571716
1.0,1.0,9,True,190118,5,"[[0, 50, 38, 14, 3, 15, 12, 21, 18, 10, 19, 0], [0, 13, 23, 8, 39, 17, 34, 47, 9, 48, 2, 0], [0, 33, 26, 30, 28, 16, 7, 42, 41, 11, 1, 0], [0, 45, 6, 22, 5, 46, 32, 24, 37, 49, 27, 0], [0, 29, 43, 4, 35, 20, 25, 40, 31, 36, 44, 0]]",3.455387869151309,0.07082772372584593,0.8804456524958368,0.10300459659525327,0.1514299909194794,0.03943407673264535,0.8162270052899625,0.7767025488221599,0.6248788237571716
1.0,2.0,0,True,201621,5,"[[0, 36, 31, 2, 48, 47, 9, 28, 30, 26, 33, 0], [0, 29, 43, 35, 4, 40, 25, 20, 14, 38, 50, 0], [0, 15, 3, 34, 17, 39, 8, 7, 16, 19, 44, 0], [0, 1, 41, 11, 42, 45, 21, 18, 10, 23, 13, 0], [0, 12, 6, 22, 5, 46, 32, 24, 37, 49, 27, 0]]",3.0939203803293083,0.06175780306394036,1.0073680461500771,0.12084949921284403,0.3048462948264692,0.12870736415462855,0.7965182243476536,0.7437454052280448,0.6248788237571716
1.0,2.0,1,True,201431,5,"[[0, 1, 42, 5, 22, 6, 24, 32, 46, 31, 36, 0], [0, 13, 23, 10, 18, 21, 45, 12, 14, 38, 50, 0], [0, 29, 43, 35, 20, 25, 40, 4, 37, 49, 27, 0], [0, 44, 15, 3, 34, 17, 39, 8, 7, 16, 19, 0], [0, 11, 41, 2, 48, 47, 9, 28, 30, 26, 33, 0]]",2.9832054205555494,0.0659700178287246,1.235282160814677,0.12084949921284403,0.39667551867754325,0.19681322685751831,0.7973239081502492,0.7401232130378406,0.6248788237571716
1.0,2.0,2,True,201432,5,"[[0, 44, 19, 16, 7, 8, 39, 17, 34, 3, 15, 0], [0, 27, 49, 37, 4, 40, 25, 20, 35, 43, 29, 0], [0, 11, 42, 5, 22, 6, 24, 32, 46, 31, 36, 0], [0, 12, 45, 13, 23, 10, 18, 21, 14, 38, 50, 0], [0, 1, 41, 2, 48, 9, 47, 28, 30, 26, 33, 0]]",2.9832054205555494,0.0659700178287246,1.235282160814677,0.12084949921284403,0.4117895652132233,0.2116579091472836,0.7973239081502492,0.7401232130378406,0.6248788237571716
1.0,2.0,3,True,201441,5,"[[0, 44, 27, 49, 37, 24, 32, 46, 31, 36, 50, 0], [0, 12, 45, 20, 40, 25, 21, 18, 10, 23, 13, 0], [0, 19, 16, 7, 8, 39, 17, 34, 3, 14, 38, 0], [0, 1, 41, 42, 5, 22, 6, 4, 35, 43, 29, 0], [0, 15, 11, 2, 48, 9, 47, 28, 30, 26, 33, 0]]",3.0621333416649748,0.06479245551994868,1.0203063944645692,0.12084949921284403,0.2741750225283257,0.08860860136358942,0.8003438009192694,0.7514532185385912,0.6248788237571716
1.0,2.0,4,True,201431,5,"[[0, 41, 42, 5, 22, 6, 24, 32, 46, 31, 36, 0], [0, 19, 16, 7, 8, 39, 17, 34, 3, 15, 44, 0], [0, 50, 38, 14, 12, 45, 21, 18, 10, 23, 13, 0], [0, 1, 11, 2, 48, 9, 47, 28, 30, 26, 33, 0], [0, 29, 43, 35, 20, 25, 40, 4, 37, 49, 27, 0]]",2.9804097143434944,0.0659700178287246,1.235282160814677,0.12084949921284403,0.40898541153224244,0.20903141510941747,0.7982636256144724,0.740817468949844,0.6248788237571716
1.0,2.0,5,True,202069,5,"[[0, 50, 38, 14, 12, 45, 21, 18, 10, 23, 13, 0], [0, 33, 26, 30, 28, 47, 9, 48, 2, 31, 36, 0], [0, 19, 16, 7, 8, 39, 17, 34, 22, 6, 44, 0], [0, 29, 43, 35, 4, 40, 25, 20, 3, 15, 11, 0], [0, 1, 41, 42, 5, 46, 32, 24, 37, 49, 27, 0]]",3.0676056696840703,0.06479357300060136,1.0062670696643181,0.12084949921284403,0.27139699638785064,0.08762640027901311,0.801244511860834,0.7483598939714221,0.6248788237571716
1.0,2.0,6,True,201431,5,"[[0, 27, 49, 37, 4, 40, 25, 20, 35, 43, 29, 0], [0, 44, 15, 3, 34, 17, 39, 8, 7, 16, 19, 0], [0, 36, 31, 46, 32, 24, 6, 22, 5, 42, 11, 0], [0, 1, 41, 2, 48, 9, 47, 28, 30, 26, 33, 0], [0, 13, 23, 10, 18, 21, 45, 12, 14, 38, 50, 0]]",2.9843063970413084,0.0659700178287246,1.235282160814677,0.12084949921284403,0.4113425093015679,0.21145869496293596,0.7968663324280161,0.7398501652519542,0.6248788237571716
1.0,2.0,7,True,201431,5,"[[0, 1, 42, 5, 22, 6, 24, 32, 46, 31, 36, 0], [0, 11, 41, 2, 48, 47, 9, 28, 30, 26, 33, 0], [0, 19, 16, 7, 8, 39, 17, 34, 3, 15, 44, 0], [0, 29, 43, 35, 20, 25, 40, 4, 37, 49, 27, 0], [0, 13, 23, 10, 18, 21, 45, 12, 14, 38, 50, 0]]",2.9832054205555494,0.0659700178287246,1.235282160814677,0.12084949921284403,0.39667551867754325,0.19681322685751831,0.7973239081502492,0.7401232130378406,0.6248788237571716
1.0,2.0,8,True,201431,5,"[[0, 33, 26, 30, 28, 9, 47, 48, 2, 11, 1, 0], [0, 41, 42, 5, 22, 6, 24, 32, 46, 31, 36, 0], [0, 12, 45, 21, 18, 10, 23, 13, 14, 38, 50, 0], [0, 29, 43, 35, 20, 25, 40, 4, 37, 49, 27, 0], [0, 15, 3, 34, 17, 39, 8, 7, 16, 19, 44, 0]]",2.9804097143434944,0.0659700178287246,1.235282160814677,0.12084949921284403,0.40898541153224244,0.20903141510941747,0.7982636256144724,0.740817468949844,0.6248788237571716
1.0,2.0,9,True,201441,5,"[[0, 15, 11, 2, 48, 47, 9, 28, 30, 26, 33, 0], [0, 45, 12, 20, 40, 25, 21, 18, 10, 23, 13, 0], [0, 19, 16, 7, 8, 39, 17, 34, 3, 14, 38, 0], [0, 29, 43, 35, 4, 6, 22, 5, 42, 41, 1, 0], [0, 27, 49, 37, 24, 32, 46, 31, 36, 50, 44, 0]]",3.0621333416649748,0.06479245551994868,1.0203063944645692,0.12084949921284403,0.2741750225283257,0.08860860136358942,0.8003438009192694,0.7514532185385912,0.6248788237571716
