beta,lambda_concentration,seed,is_feasible,pyvrp_cost,num_routes,routes,global_risk,global_cvar90,max_vehicle_risk,max_vehicle_cvar90,vehicle_risk_gini,risk_variance,edge_burden_gini_used,top10_burden_share,max_edge_burden
0.0,0.0,0,True,133997,5,"[[0, 14, 42, 41, 1, 45, 11, 15, 3, 16, 48, 0], [0, 18, 32, 4, 29, 19, 6, 24, 40, 20, 44, 0], [0, 27, 35, 5, 36, 28, 26, 23, 30, 12, 49, 0], [0, 46, 22, 7, 8, 43, 33, 34, 2, 25, 39, 0], [0, 17, 13, 10, 37, 50, 38, 31, 9, 47, 21, 0]]",7.960425035736989,0.24763951331762404,2.3448262641904876,0.3636274236875276,0.12068028815875853,0.15249672543233933,0.8676447232842621,0.898688457805174,0.8815152049064636
0.0,0.0,1,True,133997,5,"[[0, 17, 13, 10, 37, 50, 38, 31, 9, 47, 21, 0], [0, 18, 32, 4, 29, 6, 19, 24, 40, 20, 44, 0], [0, 14, 42, 41, 1, 11, 45, 15, 3, 16, 48, 0], [0, 46, 22, 7, 8, 43, 33, 34, 2, 25, 39, 0], [0, 27, 35, 5, 36, 28, 26, 23, 30, 12, 49, 0]]",7.960425035736989,0.24763951331762404,2.3448262641904876,0.3636274236875276,0.12068028815875853,0.15249672543233933,0.8676447232842621,0.898688457805174,0.8815152049064636
0.0,0.0,2,True,133998,5,"[[0, 16, 3, 15, 45, 11, 1, 41, 42, 14, 48, 0], [0, 25, 2, 34, 33, 43, 8, 7, 22, 46, 39, 0], [0, 38, 31, 9, 47, 21, 27, 23, 30, 49, 12, 0], [0, 26, 28, 36, 5, 35, 10, 37, 50, 13, 17, 0], [0, 44, 20, 40, 24, 6, 19, 29, 4, 32, 18, 0]]",9.761716148874257,0.3432791806184329,2.655760338413529,0.44879708886146547,0.15841167403716727,0.3221742424020037,0.8700001106768664,0.8946127189924403,0.8815152049064636
1.0,0.0,0,True,159415,5,"[[0, 35, 18, 34, 33, 5, 50, 38, 39, 11, 15, 0], [0, 1, 45, 25, 2, 28, 26, 23, 30, 12, 48, 0], [0, 21, 47, 29, 4, 32, 6, 19, 24, 41, 42, 0], [0, 14, 3, 16, 20, 44, 17, 13, 37, 10, 27, 0], [0, 49, 40, 9, 31, 36, 7, 8, 43, 22, 46, 0]]",3.439907775624306,0.07860567995480129,1.3183510907110758,0.16541241934256895,0.35495750478193555,0.18904714426094674,0.821497684839261,0.7999398997197535,0.8113341927528381
1.0,0.0,1,True,158830,5,"[[0, 48, 49, 13, 17, 44, 20, 16, 3, 14, 42, 0], [0, 15, 46, 22, 43, 8, 7, 36, 31, 9, 40, 0], [0, 41, 24, 6, 19, 32, 4, 29, 47, 21, 27, 0], [0, 12, 30, 23, 26, 28, 2, 25, 11, 45, 1, 0], [0, 37, 10, 35, 18, 34, 33, 5, 50, 38, 39, 0]]",3.456607907966827,0.09941305744427222,1.1843041514221113,0.14610881012465274,0.31846393292712083,0.1538232874192727,0.823816723837971,0.8047993766767219,0.8113341927528381
1.0,0.0,2,True,159377,5,"[[0, 48, 1, 45, 25, 2, 28, 26, 23, 30, 12, 0], [0, 34, 33, 5, 36, 50, 38, 31, 9, 3, 14, 0], [0, 39, 11, 46, 22, 7, 8, 43, 17, 13, 49, 0], [0, 27, 21, 47, 29, 4, 32, 18, 35, 10, 37, 0], [0, 15, 16, 42, 41, 24, 6, 19, 40, 44, 20, 0]]",3.4655947610881412,0.07470544684376265,1.143261473014718,0.1410991344600916,0.2951437110526438,0.13522875948668625,0.810090235541338,0.7912791694016479,0.8113341927528381
