beta,lambda_concentration,seed,is_feasible,pyvrp_cost,num_routes,routes,global_risk,global_cvar90,max_vehicle_risk,max_vehicle_cvar90,vehicle_risk_gini,risk_variance,edge_burden_gini_used,top10_burden_share,max_edge_burden
0.0,0.0,0,True,145999,5,"[[0, 44, 14, 3, 15, 41, 11, 1, 37, 38, 50, 0], [0, 42, 7, 8, 34, 17, 9, 47, 43, 26, 33, 0], [0, 45, 12, 13, 24, 32, 46, 23, 10, 18, 19, 0], [0, 40, 25, 20, 35, 4, 16, 28, 30, 21, 29, 0], [0, 36, 31, 6, 22, 2, 48, 5, 39, 49, 27, 0]]",9.53909231758007,0.2651058379560709,2.788618376129307,0.3978741044799487,0.1748588313985091,0.35207156409213897,0.8660187433305835,0.9084692229901062,0.87076735496521
0.0,0.0,1,True,145999,5,"[[0, 6, 22, 5, 2, 48, 43, 9, 47, 31, 36, 0], [0, 12, 45, 13, 24, 32, 46, 23, 10, 18, 19, 0], [0, 27, 49, 39, 17, 34, 8, 7, 30, 21, 29, 0], [0, 33, 26, 28, 16, 4, 35, 20, 25, 40, 44, 0], [0, 14, 3, 15, 42, 41, 11, 1, 37, 38, 50, 0]]",10.222056911799882,0.26953417382069994,2.8000916411110666,0.4880960613489151,0.15954323803375647,0.3516501836354205,0.8747599831002539,0.9166653175183304,1.3955694437026978
0.0,0.0,2,True,146664,5,"[[0, 27, 49, 39, 17, 34, 8, 7, 16, 12, 45, 0], [0, 35, 4, 6, 22, 5, 43, 47, 9, 31, 36, 0], [0, 33, 26, 28, 30, 48, 2, 20, 25, 40, 19, 0], [0, 14, 3, 15, 42, 41, 11, 1, 37, 38, 50, 0], [0, 29, 21, 18, 10, 23, 46, 32, 24, 13, 44, 0]]",8.492863631588989,0.24895414472707816,3.1224134065560065,0.46931798458099366,0.25969657611469965,0.666325249552553,0.8678519986426552,0.9048169527504296,0.87076735496521
0.0,0.0,3,True,146664,5,"[[0, 44, 50, 38, 37, 1, 41, 11, 15, 3, 14, 0], [0, 19, 18, 21, 29, 10, 23, 46, 32, 24, 13, 0], [0, 45, 12, 42, 7, 8, 34, 17, 39, 49, 27, 0], [0, 16, 35, 4, 6, 22, 5, 30, 28, 26, 33, 0], [0, 40, 25, 20, 2, 48, 43, 47, 9, 31, 36, 0]]",10.46257594635972,0.3434035485344274,3.312041673110798,0.4438089554508527,0.22163764392465835,0.7206614551819988,0.8640326743771307,0.8976692935076773,0.87076735496521
0.0,0.0,4,True,147330,5,"[[0, 36, 31, 9, 47, 43, 48, 2, 20, 25, 40, 0], [0, 45, 12, 13, 24, 32, 46, 23, 10, 29, 44, 0], [0, 14, 3, 15, 42, 11, 41, 1, 37, 38, 50, 0], [0, 21, 35, 4, 6, 22, 5, 30, 28, 26, 33, 0], [0, 27, 49, 39, 17, 34, 8, 7, 16, 18, 19, 0]]",10.135801628246554,0.2679207012057304,3.3132951462175697,0.4419159322977066,0.22929634964026868,0.733537369648613,0.8762827447317822,0.9188946118742044,1.1646687984466553
0.0,0.0,5,True,147330,5,"[[0, 27, 49, 39, 48, 2, 43, 9, 47, 31, 36, 0], [0, 14, 3, 15, 42, 11, 41, 1, 37, 38, 50, 0], [0, 33, 26, 28, 30, 8, 17, 34, 7, 16, 45, 0], [0, 12, 35, 4, 6, 22, 5, 20, 25, 40, 44, 0], [0, 29, 21, 13, 24, 32, 46, 23, 10, 18, 19, 0]]",10.399674319443875,0.3393039610236883,3.5995657418388873,0.424415597319603,0.2115097429976711,0.7044134105022101,0.8632707784514073,0.8871782731759776,0.87076735496521
0.0,0.0,6,True,147330,5,"[[0, 50, 38, 37, 1, 41, 11, 15, 3, 14, 45, 0], [0, 36, 31, 9, 47, 43, 2, 48, 39, 49, 27, 0], [0, 40, 25, 20, 5, 22, 6, 4, 35, 16, 12, 0], [0, 13, 24, 32, 46, 23, 10, 29, 21, 18, 19, 0], [0, 42, 7, 34, 17, 8, 30, 28, 26, 33, 44, 0]]",10.543298089476593,0.3449223227798939,3.1765246752183884,0.3659968326489131,0.16606306525967396,0.41415743674362115,0.8626593470645212,0.894656155073715,0.87076735496521
0.0,0.0,7,True,146664,5,"[[0, 19, 18, 10, 23, 46, 32, 24, 13, 21, 29, 0], [0, 33, 26, 28, 30, 5, 22, 6, 4, 35, 44, 0], [0, 12, 45, 16, 7, 8, 34, 17, 39, 49, 27, 0], [0, 40, 25, 20, 2, 48, 43, 47, 9, 31, 36, 0], [0, 14, 3, 15, 42, 11, 41, 1, 37, 38, 50, 0]]",10.039084823118174,0.3292095892663513,3.312041673110798,0.3732910603284836,0.1730927067575807,0.473775416968127,0.8666834775573591,0.9061865579639161,0.87076735496521
0.0,0.0,8,True,147330,5,"[[0, 14, 3, 15, 42, 11, 41, 1, 37, 38, 50, 0], [0, 12, 45, 13, 46, 23, 10, 29, 21, 18, 19, 0], [0, 32, 24, 6, 22, 5, 48, 2, 20, 25, 40, 0], [0, 36, 31, 47, 9, 43, 30, 28, 26, 33, 44, 0], [0, 27, 49, 39, 17, 34, 8, 7, 16, 4, 35, 0]]",10.63070217637869,0.3373446187068676,2.727815057623957,0.3732910603284836,0.12103926703686119,0.23276615088369548,0.8670289053232088,0.8906806571060258,0.87076735496521
0.0,0.0,9,True,145999,5,"[[0, 14, 3, 15, 42, 41, 11, 1, 37, 38, 50, 0], [0, 27, 49, 39, 17, 34, 8, 7, 30, 21, 29, 0], [0, 12, 45, 13, 24, 32, 46, 23, 10, 18, 19, 0], [0, 44, 40, 25, 20, 35, 4, 16, 28, 26, 33, 0], [0, 6, 22, 5, 48, 2, 43, 47, 9, 31, 36, 0]]",10.223165331532073,0.26953417382069994,2.8000916411110666,0.4880960613489151,0.1595259399790503,0.35168992557698403,0.8740304818914928,0.9165659304994568,1.3955694437026978
1.0,0.0,0,True,180466,5,"[[0, 50, 38, 14, 3, 48, 2, 47, 9, 43, 29, 0], [0, 44, 13, 23, 8, 7, 16, 28, 30, 26, 33, 0], [0, 15, 11, 41, 42, 45, 12, 21, 18, 10, 19, 0], [0, 1, 37, 24, 32, 46, 5, 22, 6, 4, 35, 0], [0, 36, 31, 40, 25, 20, 34, 17, 39, 49, 27, 0]]",4.873860026724287,0.13661207100376488,1.9045710897771642,0.24119297095707484,0.3177298743280832,0.3199063424217086,0.846039621427785,0.8469869112937488,0.7087746262550354
1.0,0.0,1,True,180261,5,"[[0, 29, 43, 9, 47, 2, 48, 3, 14, 38, 50, 0], [0, 12, 45, 13, 23, 8, 34, 17, 39, 49, 27, 0], [0, 15, 11, 41, 42, 7, 16, 28, 30, 26, 33, 0], [0, 19, 10, 18, 21, 20, 25, 40, 31, 36, 44, 0], [0, 1, 37, 24, 32, 46, 5, 22, 6, 4, 35, 0]]",5.093114253264503,0.1491146770723421,1.9045710897771642,0.24119297095707484,0.2702289555194961,0.2603237449376064,0.8506027633772195,0.8558210188020874,0.7087746262550354
1.0,0.0,2,True,180261,5,"[[0, 50, 38, 14, 3, 48, 2, 9, 47, 43, 29, 0], [0, 44, 36, 31, 40, 25, 20, 21, 18, 10, 19, 0], [0, 35, 4, 6, 22, 5, 46, 32, 24, 37, 1, 0], [0, 12, 45, 13, 23, 8, 34, 17, 39, 49, 27, 0], [0, 33, 26, 30, 28, 16, 7, 42, 41, 11, 15, 0]]",5.094309638967388,0.1491146770723421,1.9045710897771642,0.24119297095707484,0.26997782504590706,0.2600358589904132,0.8497219512686043,0.8556201994011072,0.7087746262550354
1.0,0.0,3,True,180718,5,"[[0, 13, 24, 32, 46, 5, 22, 6, 4, 35, 15, 0], [0, 27, 37, 49, 39, 17, 34, 3, 14, 38, 50, 0], [0, 44, 36, 31, 40, 25, 20, 21, 18, 10, 19, 0], [0, 1, 42, 11, 41, 48, 2, 9, 47, 43, 29, 0], [0, 45, 12, 23, 8, 7, 16, 28, 30, 26, 33, 0]]",4.662358261892223,0.12535934718025307,1.6443471479287837,0.18846729199867696,0.305592550017719,0.27605456556413194,0.8424604551889305,0.8434774661607484,0.7087746262550354
1.0,0.0,4,True,180718,5,"[[0, 50, 38, 14, 3, 34, 17, 39, 49, 37, 27, 0], [0, 15, 42, 11, 41, 48, 2, 9, 47, 43, 29, 0], [0, 13, 24, 32, 46, 5, 22, 6, 4, 35, 1, 0], [0, 45, 12, 23, 8, 7, 16, 28, 30, 26, 33, 0], [0, 44, 36, 31, 40, 25, 20, 21, 18, 10, 19, 0]]",4.662358261892223,0.12535934718025307,1.6443471479287837,0.18846729199867696,0.30590640249250156,0.27657931054318874,0.8424604551889305,0.8434774661607484,0.7087746262550354
1.0,0.0,5,True,180261,5,"[[0, 19, 10, 18, 21, 20, 25, 40, 31, 36, 44, 0], [0, 12, 45, 13, 23, 8, 34, 17, 39, 49, 27, 0], [0, 29, 43, 47, 9, 2, 48, 3, 14, 38, 50, 0], [0, 15, 11, 41, 42, 7, 16, 28, 30, 26, 33, 0], [0, 1, 37, 24, 32, 46, 5, 22, 6, 4, 35, 0]]",5.093114253264503,0.1491146770723421,1.9045710897771642,0.24119297095707484,0.2702289555194961,0.2603237449376064,0.8506027633772195,0.8558210188020874,0.7087746262550354
1.0,0.0,6,True,180718,5,"[[0, 27, 37, 49, 39, 17, 34, 3, 14, 38, 50, 0], [0, 33, 26, 30, 28, 16, 7, 8, 23, 12, 45, 0], [0, 13, 24, 32, 46, 5, 22, 6, 4, 35, 1, 0], [0, 15, 42, 11, 41, 48, 2, 9, 47, 43, 29, 0], [0, 44, 36, 31, 40, 25, 20, 21, 18, 10, 19, 0]]",4.662358261892223,0.12535934718025307,1.6443471479287837,0.18846729199867696,0.30590640249250156,0.27657931054318874,0.8417961150999884,0.8425127064936261,0.7087746262550354
1.0,0.0,7,True,180963,5,"[[0, 44, 50, 38, 14, 3, 20, 25, 40, 31, 36, 0], [0, 33, 26, 30, 28, 16, 7, 42, 41, 11, 15, 0], [0, 2, 48, 47, 9, 43, 29, 21, 18, 10, 19, 0], [0, 35, 4, 6, 22, 5, 46, 32, 24, 37, 1, 0], [0, 27, 49, 39, 17, 34, 8, 23, 13, 45, 12, 0]]",5.097671592855477,0.1491146770723421,1.4646442861994728,0.13916465267539024,0.14385990808371596,0.07551173427264692,0.8499624604471403,0.855055911254312,0.7087746262550354
1.0,0.0,8,True,180261,5,"[[0, 35, 4, 6, 22, 5, 46, 32, 24, 37, 1, 0], [0, 33, 26, 30, 28, 16, 7, 42, 41, 11, 15, 0], [0, 44, 36, 31, 40, 25, 20, 21, 18, 10, 19, 0], [0, 50, 38, 14, 3, 48, 2, 9, 47, 43, 29, 0], [0, 27, 49, 39, 17, 34, 8, 23, 13, 12, 45, 0]]",5.094309638967388,0.1491146770723421,1.9045710897771642,0.24119297095707484,0.26997782504590706,0.2600358589904132,0.8497219512686043,0.8556201994011072,0.7087746262550354
1.0,0.0,9,True,180261,5,"[[0, 19, 10, 18, 21, 20, 25, 40, 31, 36, 44, 0], [0, 35, 4, 6, 22, 5, 46, 32, 24, 37, 1, 0], [0, 29, 43, 47, 9, 2, 48, 3, 14, 38, 50, 0], [0, 33, 26, 30, 28, 16, 7, 42, 41, 11, 15, 0], [0, 27, 49, 39, 17, 34, 8, 23, 13, 12, 45, 0]]",5.093114253264503,0.1491146770723421,1.9045710897771642,0.24119297095707484,0.2702289555194961,0.26032374493760646,0.8506027633772195,0.8558210188020874,0.7087746262550354
