beta,lambda_concentration,seed,is_feasible,pyvrp_cost,num_routes,routes,global_risk,global_cvar90,max_vehicle_risk,max_vehicle_cvar90,vehicle_risk_gini,risk_variance,edge_burden_gini_used,top10_burden_share,max_edge_burden
0.0,0.0,0,True,145999,5,"[[0, 44, 14, 3, 15, 41, 11, 1, 37, 38, 50, 0], [0, 42, 7, 8, 34, 17, 9, 47, 43, 26, 33, 0], [0, 45, 12, 13, 24, 32, 46, 23, 10, 18, 19, 0], [0, 40, 25, 20, 35, 4, 16, 28, 30, 21, 29, 0], [0, 36, 31, 6, 22, 2, 48, 5, 39, 49, 27, 0]]",7.678722350276075,0.23751098624077335,3.102582862135023,0.433319516479969,0.280211970704233,0.7046876462342369,0.8557283514927618,0.890207090413894,0.7532731890678406
0.0,0.0,1,True,145999,5,"[[0, 6, 22, 5, 2, 48, 43, 9, 47, 31, 36, 0], [0, 12, 45, 13, 24, 32, 46, 23, 10, 18, 19, 0], [0, 27, 49, 39, 17, 34, 8, 7, 30, 21, 29, 0], [0, 33, 26, 28, 16, 4, 35, 20, 25, 40, 44, 0], [0, 14, 3, 15, 42, 41, 11, 1, 37, 38, 50, 0]]",8.414640610921197,0.26250650078572074,3.015363060636446,0.5210589498281479,0.27025364696807475,0.6792904328727946,0.86905230313625,0.9026584211407717,1.5065463781356812
0.0,0.0,2,True,146664,5,"[[0, 27, 49, 39, 17, 34, 8, 7, 16, 12, 45, 0], [0, 35, 4, 6, 22, 5, 43, 47, 9, 31, 36, 0], [0, 33, 26, 28, 30, 48, 2, 20, 25, 40, 19, 0], [0, 14, 3, 15, 42, 41, 11, 1, 37, 38, 50, 0], [0, 29, 21, 18, 10, 23, 46, 32, 24, 13, 44, 0]]",6.705365095462184,0.16677593553645742,2.2907539057778195,0.32206204533576965,0.24598970929600172,0.3502270288825661,0.8562934437472309,0.883995543062201,0.7532731890678406
0.0,0.0,3,True,146664,5,"[[0, 44, 50, 38, 37, 1, 41, 11, 15, 3, 14, 0], [0, 19, 18, 21, 29, 10, 23, 46, 32, 24, 13, 0], [0, 45, 12, 42, 7, 8, 34, 17, 39, 49, 27, 0], [0, 16, 35, 4, 6, 22, 5, 30, 28, 26, 33, 0], [0, 40, 25, 20, 2, 48, 43, 47, 9, 31, 36, 0]]",8.192972186021507,0.26312730700841974,2.7128413409227505,0.4105588222543399,0.23461686023206219,0.5102005533668044,0.8544460899243203,0.8850089234014374,0.7532731890678406
0.0,0.0,4,True,147330,5,"[[0, 36, 31, 9, 47, 43, 48, 2, 20, 25, 40, 0], [0, 45, 12, 13, 24, 32, 46, 23, 10, 29, 44, 0], [0, 14, 3, 15, 42, 11, 41, 1, 37, 38, 50, 0], [0, 21, 35, 4, 6, 22, 5, 30, 28, 26, 33, 0], [0, 27, 49, 39, 17, 34, 8, 7, 16, 18, 19, 0]]",7.580303651830182,0.23408297821879387,2.2557103593135253,0.38830117881298065,0.23311958116528486,0.40910821267023323,0.8605333724405837,0.8932708193352422,0.842757523059845
0.0,0.0,5,True,147330,5,"[[0, 27, 49, 39, 48, 2, 43, 9, 47, 31, 36, 0], [0, 14, 3, 15, 42, 11, 41, 1, 37, 38, 50, 0], [0, 33, 26, 28, 30, 8, 17, 34, 7, 16, 45, 0], [0, 12, 35, 4, 6, 22, 5, 20, 25, 40, 44, 0], [0, 29, 21, 13, 24, 32, 46, 23, 10, 18, 19, 0]]",7.969029676052742,0.2520384192466736,2.791096912464127,0.33955725431442263,0.22987163863937665,0.47691650266040997,0.8515040383361818,0.8652975259178058,0.7532731890678406
0.0,0.0,6,True,147330,5,"[[0, 50, 38, 37, 1, 41, 11, 15, 3, 14, 45, 0], [0, 36, 31, 9, 47, 43, 2, 48, 39, 49, 27, 0], [0, 40, 25, 20, 5, 22, 6, 4, 35, 16, 12, 0], [0, 13, 24, 32, 46, 23, 10, 29, 21, 18, 19, 0], [0, 42, 7, 34, 17, 8, 30, 28, 26, 33, 44, 0]]",8.32796280074399,0.26677106267639566,2.4525507817743346,0.37213248759508133,0.21183200725290852,0.42560200267424203,0.8565926282287948,0.8871199396849386,0.7532731890678406
0.0,0.0,7,True,146664,5,"[[0, 19, 18, 10, 23, 46, 32, 24, 13, 21, 29, 0], [0, 33, 26, 28, 30, 5, 22, 6, 4, 35, 44, 0], [0, 12, 45, 16, 7, 8, 34, 17, 39, 49, 27, 0], [0, 40, 25, 20, 2, 48, 43, 47, 9, 31, 36, 0], [0, 14, 3, 15, 42, 11, 41, 1, 37, 38, 50, 0]]",7.656748093548231,0.24474000824349268,2.255701207323,0.2572402926161885,0.1706700077324641,0.22707284534922403,0.8529349805432254,0.8806053150979947,0.7532731890678406
0.0,0.0,8,True,147330,5,"[[0, 14, 3, 15, 42, 11, 41, 1, 37, 38, 50, 0], [0, 12, 45, 13, 46, 23, 10, 29, 21, 18, 19, 0], [0, 32, 24, 6, 22, 5, 48, 2, 20, 25, 40, 0], [0, 36, 31, 47, 9, 43, 30, 28, 26, 33, 44, 0], [0, 27, 49, 39, 17, 34, 8, 7, 16, 4, 35, 0]]",8.241194360656664,0.25560780332006255,2.221043831901625,0.29208534955978394,0.1675465242152696,0.24767265932785149,0.8555796516980485,0.8733546609329333,0.7532731890678406
0.0,0.0,9,True,145999,5,"[[0, 14, 3, 15, 42, 41, 11, 1, 37, 38, 50, 0], [0, 27, 49, 39, 17, 34, 8, 7, 30, 21, 29, 0], [0, 12, 45, 13, 24, 32, 46, 23, 10, 18, 19, 0], [0, 44, 40, 25, 20, 35, 4, 16, 28, 26, 33, 0], [0, 6, 22, 5, 48, 2, 43, 47, 9, 31, 36, 0]]",8.413070957059972,0.26250650078572074,3.015363060636446,0.5210589498281479,0.2702294397713143,0.6790014883322553,0.86880100146591,0.9028268330421263,1.5065463781356812
0.5,0.0,0,True,166775,5,"[[0, 50, 38, 37, 1, 11, 41, 42, 15, 3, 14, 0], [0, 19, 10, 23, 8, 7, 16, 30, 28, 26, 33, 0], [0, 36, 31, 40, 25, 20, 34, 17, 39, 49, 27, 0], [0, 44, 6, 22, 5, 46, 32, 24, 13, 12, 45, 0], [0, 29, 21, 18, 4, 35, 43, 9, 47, 2, 48, 0]]",4.713846892991569,0.12096733661989371,1.2796629978111014,0.19967947378754616,0.20788885167431093,0.1528285449547105,0.841682753914035,0.846201262390821,0.7532731890678406
0.5,0.0,1,True,167309,5,"[[0, 12, 40, 25, 20, 5, 2, 48, 39, 49, 27, 0], [0, 44, 33, 26, 30, 28, 43, 9, 47, 31, 36, 0], [0, 35, 4, 6, 22, 34, 17, 8, 7, 16, 19, 0], [0, 14, 3, 15, 42, 41, 11, 1, 37, 38, 50, 0], [0, 45, 13, 24, 32, 46, 23, 10, 18, 21, 29, 0]]",4.924186870423146,0.11675729312830502,1.9616254391148686,0.27598746716976164,0.2827320587817288,0.2831163905784674,0.8368523767799529,0.8483632070535754,0.623069703578949
0.5,0.0,2,True,166482,5,"[[0, 50, 38, 37, 1, 11, 41, 42, 15, 3, 14, 0], [0, 29, 43, 9, 47, 48, 2, 5, 46, 32, 24, 0], [0, 45, 13, 23, 8, 7, 16, 30, 28, 26, 33, 0], [0, 44, 19, 10, 18, 21, 20, 25, 40, 31, 36, 0], [0, 12, 35, 4, 6, 22, 34, 17, 39, 49, 27, 0]]",5.0403049982269295,0.1276609332245939,1.4314865433843806,0.2106427919740478,0.21011549674311225,0.15783447071511997,0.8446281595379779,0.856049683669831,0.7532731890678406
0.5,0.0,3,True,166571,5,"[[0, 44, 19, 10, 23, 46, 32, 24, 13, 12, 45, 0], [0, 6, 22, 5, 2, 48, 47, 9, 43, 26, 33, 0], [0, 36, 31, 40, 25, 20, 35, 4, 18, 21, 29, 0], [0, 50, 38, 37, 1, 11, 41, 42, 15, 3, 14, 0], [0, 30, 28, 16, 7, 8, 34, 17, 39, 49, 27, 0]]",5.9140420852345414,0.14011738187557943,2.364213236258365,0.424723818898201,0.2951215649997605,0.4367780401465831,0.8453196069590581,0.8665274434302416,0.7532731890678406
0.5,0.0,4,True,166868,5,"[[0, 35, 4, 6, 22, 2, 48, 47, 9, 43, 29, 0], [0, 14, 3, 15, 42, 41, 11, 1, 37, 38, 50, 0], [0, 44, 19, 16, 7, 8, 34, 17, 39, 49, 27, 0], [0, 13, 24, 32, 46, 5, 20, 25, 40, 31, 36, 0], [0, 33, 26, 28, 30, 21, 18, 10, 23, 12, 45, 0]]",5.161476822886616,0.13104760164723678,1.4258901750436053,0.22317813709378242,0.18148498695084547,0.11999504471358884,0.8458352448126605,0.8582533683514441,0.7532731890678406
0.5,0.0,5,True,166915,5,"[[0, 44, 19, 16, 7, 8, 34, 17, 39, 49, 27, 0], [0, 29, 43, 47, 9, 2, 48, 28, 30, 26, 33, 0], [0, 13, 24, 32, 46, 23, 10, 18, 21, 45, 12, 0], [0, 35, 4, 6, 22, 5, 20, 25, 40, 31, 36, 0], [0, 50, 38, 37, 1, 11, 41, 42, 15, 3, 14, 0]]",4.54517220178619,0.11237111775314107,1.3352383532328531,0.22317813709378242,0.22172283699877204,0.1303167067144359,0.8317590901792977,0.8369311434627794,0.623069703578949
0.5,0.0,6,True,167057,5,"[[0, 50, 38, 37, 1, 11, 42, 15, 3, 14, 45, 0], [0, 35, 4, 6, 22, 5, 20, 25, 40, 31, 36, 0], [0, 29, 21, 18, 10, 23, 46, 32, 24, 13, 12, 0], [0, 44, 19, 16, 7, 8, 34, 17, 39, 49, 27, 0], [0, 33, 26, 30, 28, 43, 47, 9, 2, 48, 41, 0]]",4.7991988921677695,0.11641349366733006,1.3131037227576599,0.22317813709378242,0.1645472474247729,0.08205021229902193,0.8350481722432292,0.8436308098544352,0.623069703578949
0.5,0.0,7,True,167334,5,"[[0, 2, 48, 5, 22, 6, 4, 35, 20, 25, 40, 0], [0, 27, 49, 39, 8, 17, 34, 3, 14, 38, 50, 0], [0, 15, 11, 41, 42, 7, 16, 30, 28, 26, 33, 0], [0, 44, 1, 37, 24, 32, 46, 23, 13, 12, 45, 0], [0, 36, 31, 47, 9, 43, 29, 21, 18, 10, 19, 0]]",5.309401862847153,0.1440336334053427,1.5947173032909632,0.23961922029654184,0.17668015042894636,0.11614924154663406,0.8483470008286795,0.8635099138569806,0.7532731890678406
0.5,0.0,8,True,166915,5,"[[0, 14, 3, 15, 42, 41, 11, 1, 37, 38, 50, 0], [0, 35, 4, 6, 22, 5, 20, 25, 40, 31, 36, 0], [0, 29, 43, 47, 9, 2, 48, 28, 30, 26, 33, 0], [0, 21, 18, 10, 23, 46, 32, 24, 13, 45, 12, 0], [0, 44, 19, 16, 7, 8, 34, 17, 39, 49, 27, 0]]",4.544563508210704,0.11237111775314107,1.3352383532328531,0.22317813709378242,0.22185968537280965,0.13044983581620134,0.8319213643233161,0.8407705622106153,0.623069703578949
0.5,0.0,9,True,166775,5,"[[0, 50, 38, 37, 1, 11, 41, 42, 15, 3, 14, 0], [0, 48, 2, 9, 47, 43, 35, 4, 18, 21, 29, 0], [0, 36, 31, 40, 25, 20, 34, 17, 39, 49, 27, 0], [0, 44, 6, 22, 5, 46, 32, 24, 13, 45, 12, 0], [0, 33, 26, 28, 30, 16, 7, 8, 23, 10, 19, 0]]",4.715257901407313,0.12096733661989371,1.281074006226845,0.19967947378754616,0.20806603685289748,0.15301900739863822,0.8414148383178865,0.8459480424975274,0.7532731890678406
1.0,0.0,0,True,179782,5,"[[0, 15, 3, 48, 2, 47, 9, 28, 30, 26, 33, 0], [0, 27, 49, 39, 17, 34, 20, 25, 40, 31, 36, 0], [0, 29, 43, 35, 4, 6, 22, 5, 42, 11, 41, 0], [0, 19, 16, 7, 8, 23, 13, 12, 14, 38, 50, 0], [0, 44, 1, 37, 24, 32, 46, 10, 18, 21, 45, 0]]",3.6954986761813053,0.09298833919456229,1.202860731864348,0.1798271683510393,0.20919764277328112,0.08267697184081976,0.812447959144541,0.8070423202537403,0.623069703578949
1.0,0.0,1,True,179374,5,"[[0, 19, 16, 7, 8, 39, 17, 34, 3, 14, 38, 0], [0, 12, 45, 40, 25, 20, 21, 18, 10, 23, 13, 0], [0, 27, 49, 37, 24, 32, 46, 31, 36, 44, 50, 0], [0, 15, 41, 2, 48, 47, 9, 28, 30, 26, 33, 0], [0, 29, 43, 35, 4, 6, 22, 5, 42, 11, 1, 0]]",2.999979193173349,0.07034183305222541,0.8444443047046661,0.08955582098237105,0.20310660582506967,0.05431382319724204,0.7831434892129288,0.7643275018664049,0.5993431210517883
1.0,0.0,2,True,180079,5,"[[0, 44, 29, 10, 18, 21, 20, 25, 40, 31, 36, 0], [0, 33, 26, 30, 28, 9, 47, 43, 4, 35, 41, 0], [0, 6, 22, 5, 46, 32, 24, 23, 13, 45, 12, 0], [0, 11, 48, 2, 34, 17, 39, 8, 7, 16, 19, 0], [0, 27, 49, 37, 1, 42, 15, 3, 14, 38, 50, 0]]",3.5318552622012795,0.08492948335002769,1.3133787486585788,0.16446399582283838,0.31750231749516167,0.16361995378395455,0.8063584899472325,0.7986796642845634,0.5993431210517883
1.0,0.0,3,True,179291,5,"[[0, 44, 14, 3, 15, 41, 11, 1, 37, 38, 50, 0], [0, 12, 45, 21, 18, 10, 23, 8, 7, 16, 19, 0], [0, 29, 43, 9, 47, 2, 48, 28, 30, 26, 33, 0], [0, 27, 49, 39, 17, 34, 20, 25, 40, 31, 36, 0], [0, 42, 35, 4, 6, 22, 5, 46, 32, 24, 13, 0]]",4.038191882395186,0.10655576375222975,1.3352383532328531,0.1798271683510393,0.31050124827852366,0.20334169827914064,0.8303160406088013,0.8295091770033598,0.623069703578949
1.0,0.0,4,True,180635,5,"[[0, 33, 26, 30, 28, 47, 9, 2, 48, 31, 36, 0], [0, 45, 6, 22, 5, 46, 32, 24, 37, 49, 27, 0], [0, 44, 15, 3, 34, 17, 39, 8, 7, 16, 19, 0], [0, 12, 13, 23, 10, 18, 21, 11, 41, 42, 1, 0], [0, 29, 43, 4, 35, 20, 25, 40, 14, 38, 50, 0]]",3.1997330438136125,0.07611460884800181,1.164445924339816,0.10964250875016053,0.32438007247373246,0.1462516736784513,0.7883008329284718,0.7712814385509801,0.5993431210517883
1.0,0.0,5,True,179006,5,"[[0, 33, 26, 30, 28, 48, 2, 9, 47, 43, 29, 0], [0, 41, 42, 39, 17, 34, 20, 25, 40, 31, 36, 0], [0, 27, 49, 37, 1, 11, 15, 3, 14, 38, 50, 0], [0, 13, 24, 32, 46, 5, 22, 6, 4, 35, 44, 0], [0, 19, 16, 7, 8, 23, 10, 18, 21, 12, 45, 0]]",3.677958737560548,0.0924456943757832,1.3352383532328531,0.14224306866526604,0.3513428812716093,0.23780747949276973,0.8156988763454045,0.8136309018089807,0.5993431210517883
1.0,0.0,6,True,180079,5,"[[0, 11, 48, 2, 34, 17, 39, 8, 7, 16, 19, 0], [0, 41, 35, 4, 43, 47, 9, 28, 30, 26, 33, 0], [0, 6, 22, 5, 46, 32, 24, 23, 13, 45, 12, 0], [0, 29, 10, 18, 21, 20, 25, 40, 31, 36, 44, 0], [0, 50, 38, 14, 3, 15, 42, 1, 37, 49, 27, 0]]",3.5318552622012795,0.08492948335002769,1.3133787486585788,0.16446399582283838,0.31750231749516167,0.16361995378395458,0.8063584899472325,0.7986796642845634,0.5993431210517883
1.0,0.0,7,True,179433,5,"[[0, 41, 35, 4, 6, 22, 5, 46, 32, 24, 13, 0], [0, 50, 38, 14, 3, 15, 11, 1, 37, 49, 27, 0], [0, 45, 12, 23, 8, 7, 16, 28, 30, 26, 33, 0], [0, 29, 43, 9, 47, 2, 48, 34, 17, 39, 42, 0], [0, 44, 36, 31, 40, 25, 20, 21, 18, 10, 19, 0]]",3.958665536076296,0.09787453801342935,1.3026725150994025,0.1298033750305573,0.2829892655740127,0.16361244635376992,0.8154770599914118,0.8179568569453037,0.5993431210517883
1.0,0.0,8,True,179983,5,"[[0, 19, 16, 7, 8, 34, 17, 39, 49, 27, 44, 0], [0, 1, 37, 24, 32, 46, 20, 25, 40, 31, 36, 0], [0, 15, 3, 2, 48, 47, 9, 28, 30, 26, 33, 0], [0, 29, 43, 35, 4, 6, 22, 5, 42, 41, 11, 0], [0, 13, 23, 10, 18, 21, 12, 45, 14, 38, 50, 0]]",3.8322516021109188,0.09439542793640585,1.2529522400838322,0.22317813709378242,0.20292576744072455,0.08642314149086813,0.8133137178227425,0.8120344962548626,0.623069703578949
1.0,0.0,9,True,179006,5,"[[0, 41, 42, 39, 17, 34, 20, 25, 40, 31, 36, 0], [0, 27, 49, 37, 1, 11, 15, 3, 14, 38, 50, 0], [0, 35, 4, 6, 22, 5, 46, 32, 24, 13, 12, 0], [0, 44, 45, 21, 18, 10, 23, 8, 7, 16, 19, 0], [0, 33, 26, 30, 28, 2, 48, 47, 9, 43, 29, 0]]",3.6773500439850615,0.0924456943757832,1.3352383532328531,0.14224306866526604,0.35131600480007674,0.2377331168051043,0.8156625924578675,0.8137655781103457,0.5993431210517883
1.5,0.0,0,True,188919,5,"[[0, 33, 26, 30, 28, 47, 9, 48, 2, 11, 41, 0], [0, 45, 12, 21, 18, 10, 23, 8, 7, 16, 19, 0], [0, 42, 39, 17, 34, 22, 6, 4, 35, 43, 29, 0], [0, 13, 24, 32, 46, 5, 20, 25, 40, 31, 36, 0], [0, 50, 38, 14, 3, 15, 1, 37, 49, 27, 44, 0]]",3.580558289741166,0.08452690518735086,1.3160706452908926,0.10774661634456027,0.3128210369403728,0.15960691047340042,0.807969603027137,0.8037078631498196,0.5993431210517883
1.5,0.0,1,True,188055,5,"[[0, 38, 14, 3, 34, 17, 39, 8, 7, 16, 19, 0], [0, 12, 40, 25, 20, 21, 18, 10, 23, 13, 45, 0], [0, 27, 49, 37, 24, 32, 46, 31, 36, 44, 50, 0], [0, 29, 43, 35, 4, 6, 22, 5, 42, 41, 1, 0], [0, 33, 26, 30, 28, 9, 47, 48, 2, 11, 15, 0]]",2.999979193173349,0.07034183305222541,0.8444443047046661,0.08955582098237105,0.20298092899453257,0.0542945519556445,0.7831434892129288,0.7643275018664049,0.5993431210517883
1.5,0.0,2,True,188731,5,"[[0, 12, 40, 25, 20, 21, 18, 10, 23, 13, 45, 0], [0, 44, 1, 49, 27, 37, 24, 32, 46, 31, 36, 0], [0, 33, 26, 30, 28, 47, 9, 48, 2, 11, 41, 0], [0, 29, 43, 35, 4, 6, 22, 5, 42, 15, 50, 0], [0, 19, 16, 7, 8, 39, 17, 34, 3, 14, 38, 0]]",3.0010427322378384,0.07034183305222541,0.864127054810524,0.10269734635949135,0.2073178037185961,0.05520408997059249,0.7844177134390651,0.7640566319625658,0.5993431210517883
1.5,0.0,3,True,189428,5,"[[0, 44, 29, 21, 18, 10, 23, 8, 7, 16, 19, 0], [0, 13, 24, 32, 46, 5, 22, 6, 4, 43, 35, 0], [0, 15, 3, 48, 2, 47, 9, 28, 30, 26, 33, 0], [0, 11, 42, 39, 17, 34, 20, 25, 40, 31, 36, 0], [0, 27, 49, 37, 1, 41, 45, 12, 14, 38, 50, 0]]",3.2124331497144887,0.07336168593781836,1.305192710715346,0.1416508962865919,0.31640397507964635,0.1446515446618845,0.7945986689446698,0.7807636725341839,0.5993431210517883
1.5,0.0,4,True,189153,5,"[[0, 12, 45, 13, 23, 8, 39, 17, 34, 22, 6, 0], [0, 15, 11, 35, 4, 43, 29, 21, 18, 10, 19, 0], [0, 44, 36, 31, 40, 25, 20, 3, 14, 38, 50, 0], [0, 1, 41, 2, 48, 9, 47, 28, 30, 26, 33, 0], [0, 42, 7, 16, 5, 46, 32, 24, 37, 49, 27, 0]]",2.9759772484476343,0.07446520843853553,0.8151149821869694,0.10189872421324253,0.21249821953507708,0.05609886082871409,0.7874912882734642,0.7652255136046868,0.5993431210517883
1.5,0.0,5,True,188055,5,"[[0, 50, 44, 36, 31, 46, 32, 24, 37, 49, 27, 0], [0, 33, 26, 30, 28, 47, 9, 48, 2, 11, 15, 0], [0, 12, 40, 25, 20, 21, 18, 10, 23, 13, 45, 0], [0, 38, 14, 3, 34, 17, 39, 8, 7, 16, 19, 0], [0, 29, 43, 35, 4, 6, 22, 5, 42, 41, 1, 0]]",2.9999883451638745,0.07034183305222541,0.8444534566951916,0.08955582098237105,0.20298275030590207,0.0542954468450641,0.7831391512183494,0.7643251701513277,0.5993431210517883
1.5,0.0,6,True,188807,5,"[[0, 6, 22, 34, 17, 39, 8, 23, 13, 45, 12, 0], [0, 42, 7, 16, 5, 46, 32, 24, 37, 49, 27, 0], [0, 1, 41, 2, 48, 9, 47, 28, 30, 26, 33, 0], [0, 29, 43, 4, 35, 11, 15, 3, 14, 38, 50, 0], [0, 36, 31, 40, 25, 20, 21, 18, 10, 19, 44, 0]]",3.0105229692353532,0.07319288574639828,0.8785746734938584,0.10189872421324253,0.2452321198155194,0.08146980923695243,0.7869459959120431,0.7676431724496973,0.5993431210517883
1.5,0.0,7,True,188502,5,"[[0, 1, 41, 42, 5, 46, 32, 24, 37, 49, 27, 0], [0, 29, 43, 35, 4, 21, 18, 10, 23, 13, 45, 0], [0, 12, 6, 22, 34, 17, 39, 8, 7, 16, 19, 0], [0, 15, 11, 2, 48, 47, 9, 28, 30, 26, 33, 0], [0, 44, 50, 38, 14, 3, 20, 25, 40, 31, 36, 0]]",2.9752708138804884,0.07446520843853553,0.8534353999421,0.10189872421324253,0.22595406656529993,0.06178931734430197,0.7867617751689073,0.7682611310583677,0.5993431210517883
1.5,0.0,8,True,188572,5,"[[0, 33, 26, 30, 28, 9, 47, 48, 2, 11, 41, 0], [0, 36, 31, 46, 32, 24, 37, 27, 49, 1, 15, 0], [0, 42, 7, 16, 5, 22, 6, 4, 35, 43, 29, 0], [0, 13, 23, 8, 39, 17, 34, 3, 14, 38, 50, 0], [0, 44, 19, 10, 18, 21, 20, 25, 40, 45, 12, 0]]",2.984897626266502,0.07446520843853553,0.8593134609982371,0.10189872421324253,0.20472973188825083,0.05193094299393626,0.7863597121919816,0.768189361736137,0.5993431210517883
1.5,0.0,9,True,188055,5,"[[0, 38, 14, 3, 34, 17, 39, 8, 7, 16, 19, 0], [0, 45, 12, 40, 25, 20, 21, 18, 10, 23, 13, 0], [0, 29, 43, 35, 4, 6, 22, 5, 42, 41, 1, 0], [0, 44, 50, 36, 31, 46, 32, 24, 37, 49, 27, 0], [0, 15, 11, 2, 48, 47, 9, 28, 30, 26, 33, 0]]",2.9999883451638745,0.07034183305222541,0.8444534566951916,0.08955582098237105,0.20298275030590207,0.0542954468450641,0.7831391512183494,0.7643251701513277,0.5993431210517883
2.0,0.0,0,True,196934,5,"[[0, 29, 21, 18, 10, 23, 13, 45, 14, 38, 50, 0], [0, 20, 25, 40, 4, 43, 35, 41, 11, 42, 1, 0], [0, 12, 6, 22, 5, 46, 32, 24, 37, 49, 27, 0], [0, 36, 31, 2, 48, 9, 47, 28, 30, 26, 33, 0], [0, 44, 15, 3, 34, 17, 39, 8, 7, 16, 19, 0]]",2.69875216137385,0.05835939972012332,0.8626732964767143,0.08955582098237105,0.2698206107626204,0.06890440869594852,0.7593709779378215,0.7291844592578223,0.5993431210517883
2.0,0.0,1,True,196604,5,"[[0, 38, 14, 3, 34, 17, 39, 8, 7, 16, 19, 0], [0, 45, 13, 23, 10, 18, 21, 25, 40, 20, 12, 0], [0, 1, 11, 42, 5, 22, 6, 4, 35, 43, 29, 0], [0, 33, 26, 30, 28, 9, 47, 2, 48, 41, 15, 0], [0, 44, 27, 49, 37, 24, 32, 46, 31, 36, 50, 0]]",3.0034874233789743,0.07034183305222541,0.8444443047046661,0.08955582098237105,0.20240214580459548,0.05392231465537173,0.7833217076701526,0.7634347274175541,0.5993431210517883
2.0,0.0,2,True,196934,5,"[[0, 12, 6, 22, 5, 46, 32, 24, 37, 49, 27, 0], [0, 36, 31, 48, 2, 9, 47, 28, 30, 26, 33, 0], [0, 1, 41, 42, 11, 35, 43, 4, 40, 25, 20, 0], [0, 44, 15, 3, 34, 17, 39, 8, 7, 16, 19, 0], [0, 29, 21, 18, 10, 23, 13, 45, 14, 38, 50, 0]]",2.69875216137385,0.05835939972012332,0.8626732964767143,0.08955582098237105,0.2698206107626204,0.06890440869594852,0.7593709779378215,0.7291844592578223,0.5993431210517883
2.0,0.0,3,True,196934,5,"[[0, 50, 38, 14, 12, 13, 23, 10, 18, 21, 29, 0], [0, 44, 15, 3, 34, 17, 39, 8, 7, 16, 19, 0], [0, 36, 31, 2, 48, 9, 47, 28, 30, 26, 33, 0], [0, 1, 41, 42, 11, 35, 43, 4, 40, 25, 20, 0], [0, 27, 49, 37, 24, 32, 46, 5, 22, 6, 45, 0]]",2.7007718633650803,0.05835939972012332,0.8619875190779567,0.08955582098237105,0.2694156972048807,0.06886258865501838,0.7590241713225214,0.7286391576259763,0.5993431210517883
2.0,0.0,4,True,196604,5,"[[0, 38, 14, 3, 34, 17, 39, 8, 7, 16, 19, 0], [0, 29, 43, 35, 4, 6, 22, 5, 42, 11, 15, 0], [0, 50, 36, 31, 46, 32, 24, 37, 49, 27, 44, 0], [0, 12, 20, 40, 25, 21, 18, 10, 23, 13, 45, 0], [0, 33, 26, 30, 28, 47, 9, 2, 48, 41, 1, 0]]",2.8700603374419735,0.06832032302214254,0.8444534566951916,0.08955582098237105,0.25087488535278823,0.07218342687847241,0.7781269897959253,0.7559975840581111,0.5993431210517883
2.0,0.0,5,True,196604,5,"[[0, 27, 49, 37, 24, 32, 46, 31, 36, 44, 50, 0], [0, 19, 16, 7, 8, 39, 17, 34, 3, 14, 38, 0], [0, 29, 43, 35, 4, 6, 22, 5, 42, 41, 1, 0], [0, 20, 40, 25, 21, 18, 10, 23, 13, 12, 45, 0], [0, 15, 11, 48, 2, 9, 47, 28, 30, 26, 33, 0]]",2.870051185451448,0.06832032302214254,0.8444443047046661,0.08955582098237105,0.24788422919117958,0.07156808587962596,0.7781315135716638,0.7559999947756487,0.5993431210517883
2.0,0.0,6,True,196839,5,"[[0, 42, 7, 16, 5, 22, 6, 4, 37, 49, 27, 0], [0, 36, 31, 46, 32, 24, 20, 25, 40, 12, 45, 0], [0, 1, 2, 48, 47, 9, 28, 30, 26, 33, 44, 0], [0, 13, 23, 8, 39, 17, 34, 3, 14, 38, 50, 0], [0, 15, 41, 11, 35, 43, 29, 21, 18, 10, 19, 0]]",2.743924195580803,0.05560501458475719,0.8290696324484088,0.10246520995029382,0.22649898045883665,0.054119763284284104,0.7732174045949007,0.7444693771481166,0.5993431210517883
2.0,0.0,7,True,196839,5,"[[0, 44, 33, 26, 30, 28, 47, 9, 2, 48, 1, 0], [0, 13, 23, 8, 39, 17, 34, 3, 14, 38, 50, 0], [0, 45, 12, 40, 25, 20, 24, 32, 46, 31, 36, 0], [0, 27, 49, 37, 4, 6, 22, 5, 16, 7, 42, 0], [0, 19, 10, 18, 21, 29, 43, 35, 11, 41, 15, 0]]",2.7459347455815077,0.05560501458475719,0.8290696324484088,0.10246520995029382,0.22633580617597304,0.05406132775685017,0.7722573436770912,0.74392428301973,0.5993431210517883
2.0,0.0,8,True,197341,5,"[[0, 27, 49, 37, 24, 32, 46, 5, 42, 41, 1, 0], [0, 29, 21, 18, 10, 23, 13, 12, 14, 38, 50, 0], [0, 44, 11, 35, 43, 4, 40, 25, 20, 3, 15, 0], [0, 36, 31, 48, 2, 47, 9, 28, 30, 26, 33, 0], [0, 45, 6, 22, 34, 17, 39, 8, 7, 16, 19, 0]]",2.67819029514445,0.05835939972012332,0.8534353999421,0.10189872421324253,0.2717712855250447,0.06916790537388566,0.7605567453822388,0.7289469354894883,0.5993431210517883
2.0,0.0,9,True,197615,5,"[[0, 50, 38, 14, 3, 47, 9, 28, 30, 26, 33, 0], [0, 6, 22, 5, 46, 32, 24, 23, 13, 45, 12, 0], [0, 1, 2, 48, 34, 17, 39, 8, 7, 16, 19, 0], [0, 27, 49, 37, 4, 43, 35, 41, 42, 11, 15, 0], [0, 44, 29, 10, 18, 21, 20, 25, 40, 31, 36, 0]]",2.7521639277366923,0.06473346739526718,0.9013069968204945,0.08179058900309934,0.2261783963998698,0.05255946978288014,0.7749845030952149,0.7479809382092012,0.5993431210517883
3.0,0.0,0,True,212400,5,"[[0, 45, 6, 22, 5, 46, 32, 24, 37, 49, 27, 0], [0, 15, 3, 34, 17, 39, 8, 7, 16, 19, 44, 0], [0, 1, 11, 42, 41, 35, 43, 4, 40, 25, 20, 0], [0, 36, 31, 48, 2, 9, 47, 28, 30, 26, 33, 0], [0, 29, 21, 18, 10, 23, 13, 12, 14, 38, 50, 0]]",2.69875216137385,0.05835939972012332,0.8619875190779567,0.08955582098237105,0.2696173235075481,0.06882751488703523,0.7593709779378215,0.7291844592578223,0.5993431210517883
3.0,0.0,1,True,212374,5,"[[0, 13, 23, 8, 39, 17, 34, 3, 14, 38, 50, 0], [0, 42, 7, 16, 5, 22, 6, 4, 43, 35, 41, 0], [0, 15, 11, 48, 2, 47, 9, 28, 30, 26, 33, 0], [0, 12, 45, 20, 40, 25, 21, 18, 10, 29, 19, 0], [0, 36, 31, 46, 32, 24, 37, 27, 49, 1, 44, 0]]",2.6316901164182127,0.051091711478013745,0.8641362068010494,0.10269734635949135,0.271317741570009,0.06641346182814635,0.7651563157607191,0.7349074661112022,0.5993431210517883
3.0,0.0,2,True,213324,5,"[[0, 12, 45, 20, 25, 40, 4, 21, 18, 10, 19, 0], [0, 29, 43, 35, 41, 11, 15, 3, 14, 38, 50, 0], [0, 13, 23, 8, 39, 17, 34, 22, 6, 31, 36, 0], [0, 44, 1, 48, 2, 9, 47, 28, 30, 26, 33, 0], [0, 27, 49, 37, 24, 32, 46, 5, 16, 7, 42, 0]]",2.677932934421733,0.06157264678228286,0.8189553262200207,0.10189872421324253,0.27799358325587176,0.07820147939732906,0.7618389282780611,0.7327562624391333,0.5993431210517883
3.0,0.0,3,True,213103,5,"[[0, 36, 31, 48, 2, 9, 47, 28, 30, 26, 33, 0], [0, 50, 38, 14, 3, 15, 41, 35, 11, 1, 44, 0], [0, 27, 49, 37, 24, 32, 46, 5, 16, 7, 42, 0], [0, 13, 23, 8, 39, 17, 34, 22, 6, 45, 12, 0], [0, 19, 10, 18, 21, 20, 25, 40, 4, 43, 29, 0]]",2.6669656480016783,0.06157264678228286,0.8151149821869694,0.10189872421324253,0.24092255490232906,0.05354992874490248,0.7633521838046515,0.7351353472589897,0.5993431210517883
3.0,0.0,4,True,212352,5,"[[0, 38, 14, 3, 34, 17, 39, 8, 7, 16, 19, 0], [0, 15, 41, 2, 48, 9, 47, 28, 30, 26, 33, 0], [0, 11, 35, 43, 29, 21, 18, 10, 23, 13, 12, 0], [0, 45, 20, 25, 40, 4, 6, 22, 5, 42, 1, 0], [0, 27, 49, 37, 24, 32, 46, 31, 36, 50, 44, 0]]",2.661148545416072,0.0590847265557386,0.8444443047046661,0.08955582098237105,0.2540947866065004,0.06002433135031391,0.7593088351798463,0.7274077686114939,0.5993431210517883
3.0,0.0,5,True,212400,5,"[[0, 50, 38, 14, 12, 13, 23, 10, 18, 21, 29, 0], [0, 27, 49, 37, 24, 32, 46, 5, 22, 6, 45, 0], [0, 15, 3, 34, 17, 39, 8, 7, 16, 19, 44, 0], [0, 33, 26, 30, 28, 9, 47, 2, 48, 31, 36, 0], [0, 1, 11, 41, 42, 35, 43, 4, 40, 25, 20, 0]]",2.700762711374555,0.05835939972012332,0.8619875190779567,0.08955582098237105,0.26941525469791894,0.06886172888183881,0.7590289287236338,0.7286416267428073,0.5993431210517883
3.0,0.0,6,True,213958,5,"[[0, 15, 11, 48, 2, 9, 47, 28, 30, 26, 33, 0], [0, 44, 19, 10, 18, 21, 24, 32, 46, 31, 36, 0], [0, 29, 43, 35, 25, 40, 20, 3, 14, 38, 50, 0], [0, 1, 41, 45, 13, 23, 8, 39, 17, 34, 12, 0], [0, 42, 7, 16, 5, 22, 6, 4, 37, 49, 27, 0]]",2.7431734399224297,0.05829847119748592,0.8290696324484088,0.10246520995029382,0.27707536365414853,0.08654355580293087,0.7693135218454052,0.7418526857375242,0.5993431210517883
3.0,0.0,7,True,213087,5,"[[0, 44, 19, 16, 7, 8, 39, 17, 34, 3, 15, 0], [0, 6, 22, 5, 46, 32, 24, 37, 27, 49, 1, 0], [0, 36, 31, 48, 2, 47, 9, 28, 30, 26, 33, 0], [0, 45, 20, 25, 40, 4, 43, 35, 42, 11, 41, 0], [0, 50, 38, 14, 12, 13, 23, 10, 18, 21, 29, 0]]",2.7018354024295697,0.05835939972012332,0.8800715439720079,0.10269115253218583,0.27718407573364967,0.07309282725705175,0.7604108355295527,0.728352339188645,0.5993431210517883
3.0,0.0,8,True,212676,5,"[[0, 1, 11, 35, 43, 4, 40, 25, 20, 3, 15, 0], [0, 19, 16, 7, 8, 39, 17, 34, 22, 6, 45, 0], [0, 33, 26, 30, 28, 47, 9, 2, 48, 31, 36, 0], [0, 41, 42, 5, 46, 32, 24, 37, 49, 27, 44, 0], [0, 29, 21, 18, 10, 23, 13, 12, 14, 38, 50, 0]]",2.6781811431539246,0.05835939972012332,0.839099814533256,0.10269734635949135,0.2653475691597158,0.06591806999922234,0.7605615129413477,0.7289494264768751,0.5993431210517883
3.0,0.0,9,True,213103,5,"[[0, 44, 50, 38, 14, 3, 15, 35, 11, 41, 1, 0], [0, 33, 26, 30, 28, 47, 9, 2, 48, 31, 36, 0], [0, 42, 7, 16, 5, 46, 32, 24, 37, 49, 27, 0], [0, 13, 23, 8, 39, 17, 34, 22, 6, 45, 12, 0], [0, 19, 10, 18, 21, 20, 25, 40, 4, 43, 29, 0]]",2.666956496011153,0.06157264678228286,0.8151149821869694,0.10189872421324253,0.24092200900843386,0.0535490442201899,0.7633569573629808,0.7351378699667065,0.5993431210517883
