beta,lambda_concentration,seed,is_feasible,pyvrp_cost,num_routes,routes,global_risk,global_cvar90,max_vehicle_risk,max_vehicle_cvar90,vehicle_risk_gini,risk_variance,edge_burden_gini_used,top10_burden_share,max_edge_burden
0.0,0.0,0,True,133997,5,"[[0, 14, 42, 41, 1, 45, 11, 15, 3, 16, 48, 0], [0, 18, 32, 4, 29, 19, 6, 24, 40, 20, 44, 0], [0, 27, 35, 5, 36, 28, 26, 23, 30, 12, 49, 0], [0, 46, 22, 7, 8, 43, 33, 34, 2, 25, 39, 0], [0, 17, 13, 10, 37, 50, 38, 31, 9, 47, 21, 0]]",11.534789882367477,0.2006142379429478,3.244673250708729,0.3929412253201008,0.11006673407882706,0.24779292780594395,0.8386377174816866,0.8818487794383733,1.4072097539901733
0.0,0.0,1,True,133997,5,"[[0, 17, 13, 10, 37, 50, 38, 31, 9, 47, 21, 0], [0, 18, 32, 4, 29, 6, 19, 24, 40, 20, 44, 0], [0, 14, 42, 41, 1, 11, 45, 15, 3, 16, 48, 0], [0, 46, 22, 7, 8, 43, 33, 34, 2, 25, 39, 0], [0, 27, 35, 5, 36, 28, 26, 23, 30, 12, 49, 0]]",11.534789882367477,0.2006142379429478,3.244673250708729,0.3929412253201008,0.11006673407882706,0.24779292780594395,0.8386377174816866,0.8818487794383733,1.4072097539901733
0.0,0.0,2,True,133998,5,"[[0, 16, 3, 15, 45, 11, 1, 41, 42, 14, 48, 0], [0, 25, 2, 34, 33, 43, 8, 7, 22, 46, 39, 0], [0, 38, 31, 9, 47, 21, 27, 23, 30, 49, 12, 0], [0, 26, 28, 36, 5, 35, 10, 37, 50, 13, 17, 0], [0, 44, 20, 40, 24, 6, 19, 29, 4, 32, 18, 0]]",13.795087185921147,0.4727287768171384,3.501490413211286,0.5682115912437439,0.14740766278955086,0.5985740496153797,0.8422900706107879,0.8666039696473737,1.4072097539901733
1.0,0.0,0,True,161641,5,"[[0, 15, 11, 45, 25, 2, 28, 26, 23, 30, 49, 0], [0, 12, 13, 17, 44, 20, 16, 3, 14, 42, 48, 0], [0, 41, 24, 19, 6, 32, 4, 29, 47, 21, 27, 0], [0, 40, 8, 43, 5, 33, 34, 18, 35, 10, 37, 0], [0, 46, 22, 7, 36, 50, 38, 31, 9, 39, 1, 0]]",5.823797010583803,0.09351094864308834,2.1492191744036973,0.20751705848508412,0.26183673068211344,0.3449233230311455,0.7799569353986311,0.7854811533908644,0.880853533744812
1.0,0.0,1,True,161476,5,"[[0, 1, 16, 15, 45, 25, 2, 28, 26, 23, 30, 0], [0, 20, 44, 17, 13, 10, 37, 40, 49, 12, 48, 0], [0, 11, 39, 32, 4, 29, 6, 19, 24, 41, 42, 0], [0, 21, 47, 9, 31, 36, 7, 8, 43, 22, 46, 0], [0, 14, 3, 38, 50, 5, 33, 34, 18, 35, 27, 0]]",5.435697149951011,0.09296027664095163,1.7628054018132389,0.25050739757716656,0.2086761724324666,0.1756199712536735,0.7639082497277934,0.7685015040143449,0.880853533744812
1.0,0.0,2,True,161603,5,"[[0, 46, 22, 7, 8, 43, 5, 36, 31, 9, 39, 0], [0, 21, 47, 29, 4, 32, 6, 19, 24, 41, 1, 0], [0, 45, 11, 25, 2, 28, 26, 23, 30, 49, 12, 0], [0, 40, 37, 10, 13, 17, 44, 20, 16, 15, 48, 0], [0, 27, 35, 18, 34, 33, 50, 38, 3, 14, 42, 0]]",5.628949603997171,0.09919990143842167,1.7983287540264428,0.20938305024589812,0.18152316703886573,0.146362807166651,0.7770716104596664,0.7815321593538761,0.880853533744812
