beta,lambda_concentration,seed,is_feasible,pyvrp_cost,num_routes,routes,global_risk,global_cvar90,max_vehicle_risk,max_vehicle_cvar90,vehicle_risk_gini,risk_variance,edge_burden_gini_used,top10_burden_share,max_edge_burden
0.0,0.0,0,True,133997,5,"[[0, 14, 42, 41, 1, 45, 11, 15, 3, 16, 48, 0], [0, 18, 32, 4, 29, 19, 6, 24, 40, 20, 44, 0], [0, 27, 35, 5, 36, 28, 26, 23, 30, 12, 49, 0], [0, 46, 22, 7, 8, 43, 33, 34, 2, 25, 39, 0], [0, 17, 13, 10, 37, 50, 38, 31, 9, 47, 21, 0]]",15.843243985902518,0.11909725026786327,4.332680311053991,0.5243239849805832,0.13704211012875867,0.6518498277577572,0.8190690051793439,0.8771660853027379,1.867199420928955
0.0,0.0,1,True,133997,5,"[[0, 17, 13, 10, 37, 50, 38, 31, 9, 47, 21, 0], [0, 18, 32, 4, 29, 6, 19, 24, 40, 20, 44, 0], [0, 14, 42, 41, 1, 11, 45, 15, 3, 16, 48, 0], [0, 46, 22, 7, 8, 43, 33, 34, 2, 25, 39, 0], [0, 27, 35, 5, 36, 28, 26, 23, 30, 12, 49, 0]]",15.843243985902518,0.11909725026786327,4.332680311053991,0.5243239849805832,0.13704211012875867,0.6518498277577572,0.8190690051793439,0.8771660853027379,1.867199420928955
0.0,0.0,2,True,133998,5,"[[0, 16, 3, 15, 45, 11, 1, 41, 42, 14, 48, 0], [0, 25, 2, 34, 33, 43, 8, 7, 22, 46, 39, 0], [0, 38, 31, 9, 47, 21, 27, 23, 30, 49, 12, 0], [0, 26, 28, 36, 5, 35, 10, 37, 50, 13, 17, 0], [0, 44, 20, 40, 24, 6, 19, 29, 4, 32, 18, 0]]",18.126843153499067,0.6097155614541128,4.906038459390402,0.6039999723434448,0.1644141000007091,1.1793469014272187,0.8197788863169404,0.8308497417265948,1.867199420928955
1.0,0.0,0,True,167526,5,"[[0, 45, 39, 32, 4, 29, 19, 6, 24, 41, 42, 0], [0, 21, 47, 9, 31, 36, 7, 8, 43, 22, 46, 0], [0, 1, 16, 15, 11, 25, 2, 28, 26, 23, 30, 0], [0, 48, 49, 12, 40, 37, 10, 13, 17, 44, 20, 0], [0, 14, 3, 38, 50, 5, 33, 34, 18, 35, 27, 0]]",8.06982952170074,0.06056478865768598,3.1033639260567725,0.15599937633507782,0.23188527517978774,0.593875132629587,0.7526840356324045,0.7664289185335831,1.0099999904632568
1.0,0.0,1,True,167160,5,"[[0, 14, 3, 16, 11, 25, 2, 28, 26, 23, 30, 0], [0, 20, 36, 7, 8, 43, 50, 38, 31, 9, 40, 0], [0, 49, 12, 13, 17, 44, 29, 47, 21, 27, 48, 0], [0, 37, 10, 35, 18, 34, 33, 5, 22, 46, 15, 0], [0, 1, 45, 39, 32, 4, 6, 19, 24, 41, 42, 0]]",7.618940864223987,0.05245116144418716,3.143314433749765,0.15599937633507782,0.30025883857346103,0.8163873717901033,0.7441777198124364,0.7515999009736166,1.0099999904632568
1.0,0.0,2,True,167775,5,"[[0, 11, 45, 39, 32, 4, 6, 19, 24, 41, 1, 0], [0, 15, 16, 25, 2, 28, 26, 23, 30, 49, 12, 0], [0, 13, 17, 44, 29, 47, 21, 27, 10, 37, 40, 0], [0, 42, 14, 3, 9, 31, 38, 50, 5, 20, 48, 0], [0, 35, 18, 34, 33, 36, 7, 8, 43, 22, 46, 0]]",7.120962178334594,0.05123889490834668,2.1208898690529168,0.12699919885822705,0.15635943437926958,0.1729124000087537,0.7286771963692669,0.7365508465972905,1.0099999904632568
