beta,lambda_concentration,seed,is_feasible,pyvrp_cost,num_routes,routes,global_risk,global_cvar90,max_vehicle_risk,max_vehicle_cvar90,vehicle_risk_gini,risk_variance,edge_burden_gini_used,top10_burden_share,max_edge_burden
0.0,0.0,0,True,145999,5,"[[0, 44, 14, 3, 15, 41, 11, 1, 37, 38, 50, 0], [0, 42, 7, 8, 34, 17, 9, 47, 43, 26, 33, 0], [0, 45, 12, 13, 24, 32, 46, 23, 10, 18, 19, 0], [0, 40, 25, 20, 35, 4, 16, 28, 30, 21, 29, 0], [0, 36, 31, 6, 22, 2, 48, 5, 39, 49, 27, 0]]",7.230041537375655,0.2138572378276751,2.8215495093609206,0.3591097721031734,0.23552145042751427,0.5130869254922588,0.8187522484372263,0.8505680058989946,0.8503499031066895
0.0,0.0,1,True,145999,5,"[[0, 6, 22, 5, 2, 48, 43, 9, 47, 31, 36, 0], [0, 12, 45, 13, 24, 32, 46, 23, 10, 18, 19, 0], [0, 27, 49, 39, 17, 34, 8, 7, 30, 21, 29, 0], [0, 33, 26, 28, 16, 4, 35, 20, 25, 40, 44, 0], [0, 14, 3, 15, 42, 41, 11, 1, 37, 38, 50, 0]]",8.095706667227205,0.24382076907003747,2.7870305664255284,0.42231233169635135,0.24344026515396622,0.503631994276567,0.8395073406039661,0.8712840125270032,1.700699806213379
0.0,0.0,2,True,146664,5,"[[0, 27, 49, 39, 17, 34, 8, 7, 16, 12, 45, 0], [0, 35, 4, 6, 22, 5, 43, 47, 9, 31, 36, 0], [0, 33, 26, 28, 30, 48, 2, 20, 25, 40, 19, 0], [0, 14, 3, 15, 42, 41, 11, 1, 37, 38, 50, 0], [0, 29, 21, 18, 10, 23, 46, 32, 24, 13, 44, 0]]",6.481632300361525,0.15399556130998665,2.1899528263602406,0.35821775794029237,0.2000361716260648,0.25248629462422423,0.8158463838344718,0.8434666747486657,0.8503499031066895
0.0,0.0,3,True,146664,5,"[[0, 44, 50, 38, 37, 1, 41, 11, 15, 3, 14, 0], [0, 19, 18, 21, 29, 10, 23, 46, 32, 24, 13, 0], [0, 45, 12, 42, 7, 8, 34, 17, 39, 49, 27, 0], [0, 16, 35, 4, 6, 22, 5, 30, 28, 26, 33, 0], [0, 40, 25, 20, 2, 48, 43, 47, 9, 31, 36, 0]]",7.720793826272711,0.2381797388994268,2.7155723741743714,0.41220613817373913,0.2448395524647633,0.5020371231116435,0.821945917449189,0.8515327000831862,0.8503499031066895
0.0,0.0,4,True,147330,5,"[[0, 36, 31, 9, 47, 43, 48, 2, 20, 25, 40, 0], [0, 45, 12, 13, 24, 32, 46, 23, 10, 29, 44, 0], [0, 14, 3, 15, 42, 11, 41, 1, 37, 38, 50, 0], [0, 21, 35, 4, 6, 22, 5, 30, 28, 26, 33, 0], [0, 27, 49, 39, 17, 34, 8, 7, 16, 18, 19, 0]]",6.957505978905829,0.20467407249941907,1.996075141010806,0.25937177538871764,0.18424763951167789,0.21153899000951001,0.8185248514613446,0.8506504495517767,0.8503499031066895
0.0,0.0,5,True,147330,5,"[[0, 27, 49, 39, 48, 2, 43, 9, 47, 31, 36, 0], [0, 14, 3, 15, 42, 11, 41, 1, 37, 38, 50, 0], [0, 33, 26, 28, 30, 8, 17, 34, 7, 16, 45, 0], [0, 12, 35, 4, 6, 22, 5, 20, 25, 40, 44, 0], [0, 29, 21, 13, 24, 32, 46, 23, 10, 18, 19, 0]]",7.689623508777004,0.2350299728236028,2.4452856655116193,0.35227560102939603,0.1982978729979532,0.33380892280344027,0.8191669162442519,0.8354465566694972,0.8503499031066895
0.0,0.0,6,True,147330,5,"[[0, 50, 38, 37, 1, 41, 11, 15, 3, 14, 45, 0], [0, 36, 31, 9, 47, 43, 2, 48, 39, 49, 27, 0], [0, 40, 25, 20, 5, 22, 6, 4, 35, 16, 12, 0], [0, 13, 24, 32, 46, 23, 10, 29, 21, 18, 19, 0], [0, 42, 7, 34, 17, 8, 30, 28, 26, 33, 44, 0]]",7.872406905458774,0.2423301794167076,2.1336262216209434,0.32195379585027695,0.16615964124608862,0.22002570093370682,0.8236246753038587,0.8543506705317884,0.8503499031066895
0.0,0.0,7,True,146664,5,"[[0, 19, 18, 10, 23, 46, 32, 24, 13, 21, 29, 0], [0, 33, 26, 28, 30, 5, 22, 6, 4, 35, 44, 0], [0, 12, 45, 16, 7, 8, 34, 17, 39, 49, 27, 0], [0, 40, 25, 20, 2, 48, 43, 47, 9, 31, 36, 0], [0, 14, 3, 15, 42, 11, 41, 1, 37, 38, 50, 0]]",7.234860591997858,0.22182529087045363,1.9941200404427946,0.24877568582693735,0.12931325416491624,0.11674228814415795,0.8158081337105407,0.8454321670863459,0.8503499031066895
0.0,0.0,8,True,147330,5,"[[0, 14, 3, 15, 42, 11, 41, 1, 37, 38, 50, 0], [0, 12, 45, 13, 46, 23, 10, 29, 21, 18, 19, 0], [0, 32, 24, 6, 22, 5, 48, 2, 20, 25, 40, 0], [0, 36, 31, 47, 9, 43, 30, 28, 26, 33, 44, 0], [0, 27, 49, 39, 17, 34, 8, 7, 16, 4, 35, 0]]",7.89064116141526,0.24162392637559346,2.3018464855849743,0.29388686429177013,0.14365601324625143,0.17844313933896053,0.8220132778064744,0.8455695311235288,0.8503499031066895
0.0,0.0,9,True,145999,5,"[[0, 14, 3, 15, 42, 41, 11, 1, 37, 38, 50, 0], [0, 27, 49, 39, 17, 34, 8, 7, 30, 21, 29, 0], [0, 12, 45, 13, 24, 32, 46, 23, 10, 18, 19, 0], [0, 44, 40, 25, 20, 35, 4, 16, 28, 26, 33, 0], [0, 6, 22, 5, 48, 2, 43, 47, 9, 31, 36, 0]]",8.090943190152757,0.24382076907003747,2.7870305664255284,0.42231233169635135,0.24334809188192685,0.5029908794666793,0.8399638249859458,0.8717969739112897,1.700699806213379
0.5,0.0,0,True,165383,5,"[[0, 12, 45, 16, 7, 8, 34, 17, 39, 49, 27, 0], [0, 13, 24, 32, 46, 23, 10, 18, 21, 29, 19, 0], [0, 33, 26, 30, 28, 43, 47, 9, 31, 36, 44, 0], [0, 2, 48, 5, 22, 6, 4, 35, 20, 25, 40, 0], [0, 14, 3, 15, 42, 41, 11, 1, 37, 38, 50, 0]]",5.458796397491824,0.12148939974203303,1.3093644410255365,0.1888000943387548,0.11690528447082005,0.06189571794367632,0.7898714998773582,0.8109417128719768,0.6931074261665344
0.5,0.0,1,True,165823,5,"[[0, 29, 43, 9, 47, 48, 2, 28, 30, 26, 33, 0], [0, 19, 16, 7, 8, 34, 17, 39, 49, 27, 44, 0], [0, 13, 24, 32, 46, 23, 10, 18, 21, 12, 45, 0], [0, 36, 31, 40, 25, 20, 5, 22, 6, 4, 35, 0], [0, 14, 3, 15, 11, 41, 42, 1, 37, 38, 50, 0]]",4.341338034981163,0.09836407591972281,1.3006645271088928,0.14235999770462512,0.21852066233184408,0.11572494024098048,0.7558485136433237,0.7654740769618017,0.6931074261665344
0.5,0.0,2,True,165291,5,"[[0, 40, 25, 20, 2, 48, 5, 46, 32, 24, 13, 0], [0, 19, 10, 23, 8, 7, 16, 28, 30, 26, 33, 0], [0, 36, 31, 47, 9, 43, 35, 4, 18, 21, 29, 0], [0, 50, 38, 14, 3, 15, 11, 41, 42, 1, 44, 0], [0, 45, 12, 6, 22, 34, 17, 39, 49, 37, 27, 0]]",4.174924339924473,0.09067312282110963,1.1959811851847917,0.17114936063687006,0.16260381648806765,0.06035242245547534,0.7438746762120028,0.7578051988390981,0.4548470079898834
0.5,0.0,3,True,165071,5,"[[0, 50, 38, 37, 1, 11, 41, 42, 15, 3, 14, 0], [0, 44, 36, 31, 46, 32, 24, 21, 18, 10, 19, 0], [0, 12, 35, 4, 6, 22, 34, 17, 39, 49, 27, 0], [0, 40, 25, 20, 5, 48, 2, 9, 47, 43, 29, 0], [0, 33, 26, 30, 28, 16, 7, 8, 23, 13, 45, 0]]",4.733456668036524,0.10739515631326607,1.6253022763412446,0.20258545875549316,0.27959637249559055,0.22422507055827584,0.7718360180718469,0.7849861536333594,0.6931074261665344
0.5,0.0,4,True,165207,5,"[[0, 29, 21, 18, 4, 35, 43, 9, 47, 31, 36, 0], [0, 44, 27, 49, 39, 17, 34, 22, 6, 12, 45, 0], [0, 13, 24, 32, 46, 5, 48, 2, 20, 25, 40, 0], [0, 19, 10, 23, 8, 7, 16, 28, 30, 26, 33, 0], [0, 50, 38, 37, 1, 42, 41, 11, 15, 3, 14, 0]]",4.77426998160081,0.10842609676931586,1.1959811851847917,0.17114936063687006,0.12016889889263571,0.04343840786972119,0.7753171194491564,0.7893263625624106,0.6931074261665344
0.5,0.0,5,True,165472,5,"[[0, 50, 38, 14, 3, 2, 48, 47, 9, 43, 44, 0], [0, 35, 4, 6, 22, 5, 20, 25, 40, 31, 36, 0], [0, 15, 11, 41, 42, 7, 16, 28, 30, 26, 33, 0], [0, 12, 45, 13, 23, 8, 34, 17, 39, 49, 27, 0], [0, 19, 29, 21, 18, 10, 46, 32, 24, 37, 1, 0]]",4.2281053244369105,0.10060263995546848,1.0870829946361482,0.1423448000103235,0.13866595651822,0.044685719106261894,0.7399848110439413,0.7565634069397572,0.37876027822494507
0.5,0.0,6,True,165752,5,"[[0, 13, 23, 8, 34, 17, 39, 49, 27, 37, 1, 0], [0, 19, 40, 25, 20, 5, 22, 6, 4, 35, 15, 0], [0, 41, 11, 42, 7, 16, 28, 30, 26, 33, 44, 0], [0, 50, 38, 14, 3, 48, 2, 9, 47, 43, 29, 0], [0, 45, 12, 21, 18, 10, 46, 32, 24, 31, 36, 0]]",4.526935124886222,0.10975412593688816,1.3185531602357514,0.15630776887493475,0.20154720718626895,0.10503433947633212,0.7574872721714085,0.7736863888359258,0.4548470079898834
0.5,0.0,7,True,165207,5,"[[0, 29, 21, 18, 4, 35, 43, 47, 9, 31, 36, 0], [0, 33, 26, 30, 28, 16, 7, 8, 23, 10, 19, 0], [0, 40, 25, 20, 5, 48, 2, 46, 32, 24, 13, 0], [0, 12, 45, 6, 22, 34, 17, 39, 49, 27, 44, 0], [0, 50, 38, 37, 1, 11, 41, 42, 15, 3, 14, 0]]",4.77426998160081,0.10842609676931586,1.1959811851847917,0.17114936063687006,0.12016889889263571,0.04343840786972119,0.7753171194491564,0.7893263625624106,0.6931074261665344
0.5,0.0,8,True,165612,5,"[[0, 50, 38, 37, 1, 11, 41, 15, 3, 14, 44, 0], [0, 12, 21, 18, 10, 29, 43, 9, 47, 31, 36, 0], [0, 42, 35, 4, 6, 22, 34, 17, 39, 49, 27, 0], [0, 33, 26, 30, 28, 16, 7, 8, 23, 13, 45, 0], [0, 19, 40, 25, 20, 2, 48, 5, 46, 32, 24, 0]]",4.9013098159921356,0.1154054897453855,1.324073189869523,0.16755884885787964,0.1468900919199958,0.06591908962458504,0.7767191744827273,0.7935151052969861,0.6931074261665344
0.5,0.0,9,True,165383,5,"[[0, 50, 38, 37, 1, 11, 41, 42, 15, 3, 14, 0], [0, 13, 24, 32, 46, 23, 10, 18, 21, 29, 19, 0], [0, 40, 25, 20, 35, 4, 6, 22, 5, 48, 2, 0], [0, 12, 45, 16, 7, 8, 34, 17, 39, 49, 27, 0], [0, 33, 26, 30, 28, 43, 47, 9, 31, 36, 44, 0]]",5.458796397491824,0.12148939974203303,1.3093644410255365,0.1888000943387548,0.11690528447082005,0.06189571794367631,0.7898714998773582,0.8109417128719768,0.6931074261665344
1.0,0.0,0,True,177114,5,"[[0, 50, 38, 14, 45, 12, 21, 18, 10, 19, 44, 0], [0, 1, 11, 41, 42, 7, 16, 28, 30, 26, 33, 0], [0, 29, 43, 35, 4, 6, 22, 5, 8, 23, 13, 0], [0, 36, 31, 46, 32, 24, 20, 25, 40, 3, 15, 0], [0, 27, 37, 49, 39, 17, 34, 47, 9, 2, 48, 0]]",3.3140759733505547,0.0725577557159047,1.2085948029416613,0.12054210738278925,0.2406162738612967,0.0910197040612031,0.6870819645142043,0.6840636663644313,0.37876027822494507
1.0,0.0,1,True,176210,5,"[[0, 44, 1, 11, 41, 42, 15, 3, 14, 38, 50, 0], [0, 19, 10, 18, 21, 24, 32, 46, 5, 2, 48, 0], [0, 36, 31, 9, 47, 34, 17, 39, 49, 37, 27, 0], [0, 45, 40, 25, 20, 22, 6, 4, 35, 43, 29, 0], [0, 33, 26, 30, 28, 16, 7, 8, 23, 13, 12, 0]]",3.486469740339089,0.07417658755950855,0.9172261228668503,0.08486862294375896,0.12601146616764747,0.02466037589766237,0.7008185467414918,0.7018510360918317,0.37876027822494507
1.0,0.0,2,True,176619,5,"[[0, 19, 16, 7, 8, 34, 17, 39, 49, 37, 27, 0], [0, 24, 32, 46, 5, 22, 6, 4, 35, 43, 29, 0], [0, 33, 26, 30, 28, 47, 9, 2, 48, 31, 36, 0], [0, 44, 50, 38, 14, 3, 15, 41, 42, 11, 1, 0], [0, 12, 45, 40, 25, 20, 21, 18, 10, 23, 13, 0]]",3.3390287754882593,0.07205033692298457,0.974196332070278,0.1119361895003489,0.1948787953964799,0.056339609013284095,0.6969533768473606,0.695361577585506,0.37876027822494507
1.0,0.0,3,True,176326,5,"[[0, 27, 37, 49, 39, 17, 34, 9, 47, 43, 29, 0], [0, 19, 10, 23, 8, 7, 16, 28, 30, 26, 33, 0], [0, 1, 11, 41, 42, 15, 3, 14, 38, 50, 44, 0], [0, 45, 21, 18, 4, 35, 20, 25, 40, 31, 36, 0], [0, 12, 13, 24, 32, 46, 48, 2, 5, 22, 6, 0]]",3.816839760693256,0.08015822102980955,1.427888066682499,0.1307239087505473,0.20750418143772942,0.11454578438013405,0.7239416424858132,0.7358347748992514,0.37876027822494507
1.0,0.0,4,True,176852,5,"[[0, 33, 26, 30, 28, 9, 47, 2, 48, 11, 1, 0], [0, 29, 43, 35, 4, 6, 22, 5, 42, 41, 15, 0], [0, 27, 37, 49, 39, 17, 34, 3, 14, 38, 50, 0], [0, 36, 31, 40, 25, 20, 46, 32, 24, 13, 44, 0], [0, 12, 45, 21, 18, 10, 23, 8, 7, 16, 19, 0]]",3.1677756984427106,0.07020101292679708,1.0801209725323133,0.1088123491499573,0.27657270797491007,0.09620828166504372,0.6836294976475243,0.6783829809360034,0.37876027822494507
1.0,0.0,5,True,175818,5,"[[0, 13, 24, 32, 46, 5, 20, 25, 40, 31, 36, 0], [0, 44, 50, 38, 14, 3, 15, 41, 42, 11, 1, 0], [0, 33, 26, 30, 28, 16, 7, 8, 23, 10, 19, 0], [0, 27, 37, 49, 39, 17, 34, 22, 6, 45, 12, 0], [0, 29, 21, 18, 4, 35, 43, 9, 47, 2, 48, 0]]",3.6318856548168696,0.07888121332860354,1.2084776596166193,0.11758400150574744,0.23451483897476533,0.09367433193546085,0.7117495814360044,0.7164969652854177,0.37876027822494507
1.0,0.0,6,True,175818,5,"[[0, 44, 50, 38, 14, 3, 15, 42, 41, 11, 1, 0], [0, 29, 21, 18, 4, 35, 43, 9, 47, 2, 48, 0], [0, 12, 45, 6, 22, 34, 17, 39, 49, 37, 27, 0], [0, 33, 26, 30, 28, 16, 7, 8, 23, 10, 19, 0], [0, 13, 24, 32, 46, 5, 20, 25, 40, 31, 36, 0]]",3.6318856548168696,0.07888121332860354,1.2084776596166193,0.11758400150574744,0.23451483897476533,0.09367433193546085,0.7117495814360044,0.7164969652854177,0.37876027822494507
1.0,0.0,7,True,175975,5,"[[0, 44, 1, 11, 41, 42, 15, 3, 14, 38, 50, 0], [0, 29, 43, 47, 9, 2, 48, 28, 30, 26, 33, 0], [0, 35, 4, 6, 22, 34, 17, 39, 49, 37, 27, 0], [0, 19, 16, 7, 8, 23, 10, 18, 21, 12, 45, 0], [0, 13, 24, 32, 46, 5, 20, 25, 40, 31, 36, 0]]",3.447146286634961,0.07562501326901838,1.3006645271088928,0.1303080813959241,0.3373410518603013,0.18147051346384188,0.7059423307119443,0.7089122067125928,0.37876027822494507
1.0,0.0,8,True,177149,5,"[[0, 29, 21, 18, 4, 35, 43, 47, 9, 2, 48, 0], [0, 44, 45, 6, 22, 5, 20, 25, 40, 3, 15, 0], [0, 19, 10, 23, 8, 34, 17, 39, 49, 37, 27, 0], [0, 36, 31, 46, 32, 24, 13, 12, 14, 38, 50, 0], [0, 1, 11, 41, 42, 7, 16, 28, 30, 26, 33, 0]]",3.7384292474016547,0.07930777150699321,1.2084776596166193,0.11758400150574744,0.22821555826791529,0.09375595092432502,0.709887972213626,0.7174076104832892,0.37876027822494507
1.0,0.0,9,True,176487,5,"[[0, 44, 50, 38, 14, 3, 15, 42, 41, 11, 1, 0], [0, 35, 4, 6, 22, 5, 20, 25, 40, 31, 36, 0], [0, 13, 24, 32, 46, 23, 10, 18, 21, 45, 12, 0], [0, 33, 26, 30, 28, 2, 48, 47, 9, 43, 29, 0], [0, 27, 37, 49, 39, 17, 34, 8, 7, 16, 19, 0]]",3.7372750491194893,0.08008895567892228,1.3006645271088928,0.1303080813959241,0.23803723860874548,0.11328079804105577,0.717925831687326,0.7274026932627401,0.37876027822494507
1.5,0.0,0,True,185606,5,"[[0, 1, 41, 2, 48, 47, 9, 28, 30, 26, 33, 0], [0, 50, 38, 14, 3, 34, 17, 39, 49, 37, 27, 0], [0, 12, 45, 21, 18, 10, 23, 8, 7, 16, 19, 0], [0, 44, 36, 31, 40, 25, 20, 46, 32, 24, 13, 0], [0, 29, 43, 35, 4, 6, 22, 5, 42, 11, 15, 0]]",3.1677756984427106,0.07020101292679708,1.0801209725323133,0.1088123491499573,0.27651235840886046,0.09617285071614899,0.6836294976475243,0.6783829809360034,0.37876027822494507
1.5,0.0,1,True,185606,5,"[[0, 44, 36, 31, 40, 25, 20, 46, 32, 24, 13, 0], [0, 12, 45, 21, 18, 10, 23, 8, 7, 16, 19, 0], [0, 33, 26, 30, 28, 47, 9, 48, 2, 41, 15, 0], [0, 50, 38, 14, 3, 34, 17, 39, 49, 37, 27, 0], [0, 1, 11, 42, 5, 22, 6, 4, 35, 43, 29, 0]]",3.1677756984427106,0.07020101292679708,1.0801209725323133,0.1088123491499573,0.2730921485780591,0.09446350330995851,0.6836294976475243,0.6783829809360034,0.37876027822494507
1.5,0.0,2,True,185802,5,"[[0, 44, 50, 27, 49, 37, 24, 32, 46, 31, 36, 0], [0, 45, 13, 23, 10, 18, 21, 20, 25, 40, 12, 0], [0, 19, 16, 7, 8, 39, 17, 34, 3, 14, 38, 0], [0, 33, 26, 30, 28, 47, 9, 48, 2, 41, 1, 0], [0, 15, 11, 42, 5, 22, 6, 4, 35, 43, 29, 0]]",2.9080409980670083,0.06105681632955869,0.8365951143205166,0.08187273490641798,0.1857040900809268,0.03779203835022636,0.6619193620594019,0.6481315029096267,0.4450260102748871
1.5,0.0,3,True,185927,5,"[[0, 33, 26, 30, 28, 47, 9, 48, 2, 31, 36, 0], [0, 45, 13, 23, 10, 18, 21, 20, 25, 40, 12, 0], [0, 24, 32, 46, 5, 22, 6, 4, 35, 43, 29, 0], [0, 1, 11, 41, 42, 15, 3, 14, 38, 50, 44, 0], [0, 27, 37, 49, 39, 17, 34, 8, 7, 16, 19, 0]]",3.3393777178425808,0.07205033692298457,0.974196332070278,0.1119361895003489,0.19477483730055223,0.05628926518940004,0.6964072100627356,0.6952889170102465,0.37876027822494507
1.5,0.0,4,True,186684,5,"[[0, 12, 6, 22, 5, 46, 32, 24, 37, 49, 27, 0], [0, 11, 41, 2, 48, 47, 9, 28, 30, 26, 33, 0], [0, 1, 42, 7, 16, 8, 39, 17, 34, 3, 15, 0], [0, 19, 21, 18, 10, 23, 13, 45, 14, 38, 50, 0], [0, 36, 31, 40, 25, 20, 35, 4, 43, 29, 44, 0]]",3.236302988661919,0.06974823430420891,0.8367875837720931,0.08187273490641798,0.14741497861268793,0.030348044727172847,0.6767802141027566,0.673583543502649,0.4450260102748871
1.5,0.0,5,True,185606,5,"[[0, 15, 11, 42, 5, 22, 6, 4, 35, 43, 29, 0], [0, 33, 26, 30, 28, 47, 9, 48, 2, 41, 1, 0], [0, 44, 12, 21, 18, 10, 23, 8, 7, 16, 19, 0], [0, 36, 31, 40, 25, 20, 46, 32, 24, 13, 45, 0], [0, 27, 37, 49, 39, 17, 34, 3, 14, 38, 50, 0]]",3.1677756984427106,0.07020101292679708,1.0801209725323133,0.1088123491499573,0.27470745570130717,0.09520293940300717,0.6836294976475243,0.6783829809360034,0.37876027822494507
1.5,0.0,6,True,185927,5,"[[0, 12, 40, 25, 20, 21, 18, 10, 23, 13, 45, 0], [0, 1, 41, 42, 11, 15, 3, 14, 38, 50, 44, 0], [0, 24, 32, 46, 5, 22, 6, 4, 35, 43, 29, 0], [0, 27, 37, 49, 39, 17, 34, 8, 7, 16, 19, 0], [0, 33, 26, 30, 28, 9, 47, 48, 2, 31, 36, 0]]",3.3390287754882593,0.07205033692298457,0.974196332070278,0.1119361895003489,0.1948787953964799,0.056339609013284095,0.6969533768473606,0.695361577585506,0.37876027822494507
1.5,0.0,7,True,185606,5,"[[0, 44, 15, 11, 42, 5, 20, 25, 40, 31, 36, 0], [0, 12, 45, 21, 18, 10, 23, 8, 7, 16, 19, 0], [0, 29, 43, 35, 4, 6, 22, 46, 32, 24, 13, 0], [0, 27, 37, 49, 39, 17, 34, 3, 14, 38, 50, 0], [0, 1, 41, 2, 48, 47, 9, 28, 30, 26, 33, 0]]",3.165881469118176,0.07020101292679708,1.0801209725323133,0.1088123491499573,0.2773452093950983,0.09671640664575396,0.6843673740294234,0.6787888751390202,0.37876027822494507
1.5,0.0,8,True,185606,5,"[[0, 15, 11, 42, 5, 20, 25, 40, 31, 36, 44, 0], [0, 13, 24, 32, 46, 22, 6, 4, 35, 43, 29, 0], [0, 27, 37, 49, 39, 17, 34, 3, 14, 38, 50, 0], [0, 33, 26, 30, 28, 47, 9, 48, 2, 41, 1, 0], [0, 19, 16, 7, 8, 23, 10, 18, 21, 12, 45, 0]]",3.1662304114724975,0.07020101292679708,1.0801209725323133,0.1088123491499573,0.27722647786740495,0.09665703861759678,0.6839391517497686,0.6787140675105798,0.37876027822494507
1.5,0.0,9,True,185606,5,"[[0, 12, 21, 18, 10, 23, 8, 7, 16, 19, 44, 0], [0, 29, 43, 35, 4, 6, 22, 5, 42, 11, 15, 0], [0, 1, 41, 2, 48, 47, 9, 28, 30, 26, 33, 0], [0, 27, 37, 49, 39, 17, 34, 3, 14, 38, 50, 0], [0, 45, 13, 24, 32, 46, 20, 25, 40, 31, 36, 0]]",3.165881469118176,0.07020101292679708,1.0801209725323133,0.1088123491499573,0.2751111507418633,0.0953976514172521,0.6843673740294234,0.6787888751390202,0.37876027822494507
2.0,0.0,0,True,195330,5,"[[0, 42, 5, 22, 34, 17, 39, 8, 7, 16, 19, 0], [0, 50, 38, 15, 11, 41, 1, 49, 37, 27, 44, 0], [0, 14, 3, 48, 2, 9, 47, 28, 30, 26, 33, 0], [0, 36, 31, 46, 32, 24, 6, 4, 35, 43, 29, 0], [0, 13, 23, 10, 18, 21, 20, 25, 40, 12, 45, 0]]",2.929761927429354,0.0602435260530441,0.9559779773117043,0.08187273490641798,0.2736136605766466,0.0829761010949062,0.6678973470183189,0.6531517441516138,0.4450260102748871
2.0,0.0,1,True,194468,5,"[[0, 38, 14, 3, 34, 17, 39, 8, 7, 16, 19, 0], [0, 33, 26, 30, 28, 47, 9, 2, 48, 11, 50, 0], [0, 29, 43, 35, 4, 6, 22, 5, 42, 41, 15, 0], [0, 44, 1, 49, 27, 37, 24, 32, 46, 31, 36, 0], [0, 13, 23, 10, 18, 21, 20, 25, 40, 45, 12, 0]]",2.9115713566716295,0.06105681632955869,0.8018239974044263,0.07357653283647128,0.18164523526653586,0.03683084492661303,0.6637452425478068,0.6476781120304125,0.4450260102748871
2.0,0.0,2,True,194363,5,"[[0, 50, 38, 14, 3, 34, 17, 39, 49, 37, 27, 0], [0, 36, 31, 40, 25, 20, 5, 46, 32, 24, 13, 0], [0, 12, 45, 21, 18, 10, 23, 8, 7, 16, 19, 0], [0, 1, 41, 48, 2, 47, 9, 28, 30, 26, 33, 0], [0, 29, 43, 35, 4, 6, 22, 42, 11, 15, 44, 0]]",3.1677756984427106,0.07020101292679708,1.0801209725323133,0.1088123491499573,0.2799583177659257,0.09931015341189271,0.6836294976475243,0.6783829809360034,0.37876027822494507
2.0,0.0,3,True,193738,5,"[[0, 36, 31, 46, 32, 24, 37, 49, 27, 50, 44, 0], [0, 29, 43, 35, 4, 6, 22, 5, 42, 11, 15, 0], [0, 12, 45, 40, 25, 20, 21, 18, 10, 23, 13, 0], [0, 33, 26, 30, 28, 9, 47, 48, 2, 41, 1, 0], [0, 38, 14, 3, 34, 17, 39, 8, 7, 16, 19, 0]]",2.908218298718566,0.06105681632955869,0.8365951143205166,0.08187273490641798,0.18625419035367852,0.03802348608158375,0.662235361172006,0.6480919893222831,0.4450260102748871
2.0,0.0,4,True,194363,5,"[[0, 29, 43, 35, 4, 6, 22, 46, 32, 24, 13, 0], [0, 27, 37, 49, 39, 17, 34, 3, 14, 38, 50, 0], [0, 33, 26, 30, 28, 47, 9, 48, 2, 1, 44, 0], [0, 36, 31, 40, 25, 20, 5, 42, 41, 11, 15, 0], [0, 45, 12, 21, 18, 10, 23, 8, 7, 16, 19, 0]]",3.1677756984427106,0.07020101292679708,1.0801209725323133,0.1088123491499573,0.28038443603220053,0.09905028935856758,0.6836294976475243,0.6783829809360034,0.37876027822494507
2.0,0.0,5,True,194363,5,"[[0, 50, 38, 14, 3, 34, 17, 39, 49, 37, 27, 0], [0, 1, 11, 41, 42, 22, 6, 4, 35, 43, 29, 0], [0, 45, 12, 21, 18, 10, 23, 8, 7, 16, 19, 0], [0, 36, 31, 40, 25, 20, 5, 46, 32, 24, 13, 0], [0, 44, 15, 48, 2, 47, 9, 28, 30, 26, 33, 0]]",3.1677756984427106,0.07020101292679708,1.0801209725323133,0.1088123491499573,0.27826023672203704,0.09853492376964691,0.6836294976475243,0.6783829809360034,0.37876027822494507
2.0,0.0,6,True,194363,5,"[[0, 1, 11, 41, 42, 5, 20, 25, 40, 31, 36, 0], [0, 44, 15, 2, 48, 9, 47, 28, 30, 26, 33, 0], [0, 29, 43, 35, 4, 6, 22, 46, 32, 24, 13, 0], [0, 45, 12, 21, 18, 10, 23, 8, 7, 16, 19, 0], [0, 50, 38, 14, 3, 34, 17, 39, 49, 37, 27, 0]]",3.165881469118176,0.07020101292679708,1.0801209725323133,0.1088123491499573,0.27394701529510534,0.09436677974377032,0.6843673740294234,0.6787888751390202,0.37876027822494507
2.0,0.0,7,True,194365,5,"[[0, 44, 19, 16, 7, 8, 23, 10, 18, 21, 45, 0], [0, 1, 41, 2, 48, 47, 9, 28, 30, 26, 33, 0], [0, 50, 38, 14, 3, 34, 17, 39, 49, 37, 27, 0], [0, 15, 11, 42, 5, 22, 6, 4, 35, 43, 29, 0], [0, 36, 31, 40, 25, 20, 46, 32, 24, 13, 12, 0]]",3.168124640797032,0.07020101292679708,1.0801209725323133,0.1088123491499573,0.2752116438110084,0.0954609430033208,0.6831981961591249,0.6783082627410651,0.37876027822494507
2.0,0.0,8,True,193738,5,"[[0, 13, 23, 10, 18, 21, 20, 25, 40, 12, 45, 0], [0, 1, 11, 42, 5, 22, 6, 4, 35, 43, 29, 0], [0, 44, 50, 27, 49, 37, 24, 32, 46, 31, 36, 0], [0, 38, 14, 3, 34, 17, 39, 8, 7, 16, 19, 0], [0, 15, 41, 48, 2, 9, 47, 28, 30, 26, 33, 0]]",2.906612140504876,0.06105681632955869,0.8095089703565463,0.08187273490641798,0.17853697371111976,0.03618086199457944,0.6626684196714099,0.6484501170054956,0.4450260102748871
2.0,0.0,9,True,194319,5,"[[0, 13, 23, 8, 39, 17, 34, 3, 14, 38, 50, 0], [0, 36, 31, 46, 32, 24, 37, 27, 49, 1, 44, 0], [0, 42, 7, 16, 5, 22, 6, 4, 35, 43, 29, 0], [0, 41, 12, 45, 40, 25, 20, 21, 18, 10, 19, 0], [0, 15, 11, 2, 48, 47, 9, 28, 30, 26, 33, 0]]",2.9022507766494527,0.06105575462182363,0.8099869050784037,0.08187273490641798,0.18242963180603766,0.03633329945895417,0.6610894189596526,0.6445624511514522,0.4450260102748871
3.0,0.0,0,True,210670,5,"[[0, 44, 50, 38, 14, 3, 15, 41, 42, 11, 1, 0], [0, 33, 26, 30, 28, 9, 47, 4, 35, 43, 29, 0], [0, 12, 2, 48, 34, 17, 39, 8, 7, 16, 19, 0], [0, 45, 6, 22, 5, 46, 32, 24, 37, 49, 27, 0], [0, 13, 23, 10, 18, 21, 20, 25, 40, 31, 36, 0]]",2.9630893957510125,0.06100392077238329,0.9688778647687286,0.08671325934119523,0.2148791174643414,0.05350697555983175,0.6646801772142472,0.6526610430251235,0.4450260102748871
3.0,0.0,1,True,210564,5,"[[0, 19, 16, 7, 8, 39, 17, 34, 3, 14, 38, 0], [0, 50, 44, 45, 12, 13, 23, 10, 18, 21, 29, 0], [0, 1, 11, 48, 2, 9, 47, 28, 30, 26, 33, 0], [0, 15, 41, 42, 5, 46, 32, 24, 37, 49, 27, 0], [0, 35, 43, 4, 6, 22, 20, 25, 40, 31, 36, 0]]",2.8538212781131733,0.053003016968860346,0.8370730490423739,0.08187273490641798,0.15337780523915745,0.027539504159139423,0.6511118730315708,0.6352076336582447,0.4450260102748871
3.0,0.0,2,True,210133,5,"[[0, 50, 38, 14, 3, 34, 17, 39, 8, 23, 13, 0], [0, 45, 12, 20, 40, 25, 21, 18, 10, 29, 19, 0], [0, 1, 49, 27, 37, 24, 32, 46, 31, 36, 44, 0], [0, 11, 42, 7, 16, 5, 22, 6, 4, 43, 35, 0], [0, 15, 41, 2, 48, 47, 9, 28, 30, 26, 33, 0]]",2.6864137161755934,0.04393600148001784,0.8095089703565463,0.08187273490641798,0.2086688210319907,0.04162916497638921,0.6383486119248056,0.6173838319209435,0.4450260102748871
3.0,0.0,3,True,210751,5,"[[0, 44, 15, 3, 34, 17, 39, 8, 7, 16, 19, 0], [0, 36, 31, 48, 2, 47, 9, 28, 30, 26, 33, 0], [0, 27, 49, 37, 24, 32, 46, 5, 22, 6, 45, 0], [0, 20, 25, 40, 4, 43, 35, 41, 42, 11, 1, 0], [0, 29, 21, 18, 10, 23, 13, 12, 14, 38, 50, 0]]",2.7589386814215686,0.05088928601506985,0.785920454422012,0.08187273490641798,0.19089056465895338,0.036408402541137835,0.6375509181850114,0.6216964863995291,0.4450260102748871
3.0,0.0,4,True,209558,5,"[[0, 36, 31, 46, 32, 24, 37, 49, 27, 44, 50, 0], [0, 15, 41, 48, 2, 9, 47, 28, 30, 26, 33, 0], [0, 1, 11, 42, 5, 22, 6, 4, 35, 43, 29, 0], [0, 38, 14, 3, 34, 17, 39, 8, 7, 16, 19, 0], [0, 20, 40, 25, 21, 18, 10, 23, 13, 12, 45, 0]]",2.83209553398774,0.05696240169627051,0.8095089703565463,0.08187273490641798,0.20511212783670807,0.04560462598536613,0.6548077946952064,0.6397609953638491,0.4450260102748871
3.0,0.0,5,True,209558,5,"[[0, 50, 44, 36, 31, 46, 32, 24, 37, 49, 27, 0], [0, 29, 43, 35, 4, 6, 22, 5, 42, 11, 1, 0], [0, 19, 16, 7, 8, 39, 17, 34, 3, 14, 38, 0], [0, 20, 40, 25, 21, 18, 10, 23, 13, 45, 12, 0], [0, 15, 41, 2, 48, 9, 47, 28, 30, 26, 33, 0]]",2.8335243915498722,0.05696240169627051,0.8095089703565463,0.08187273490641798,0.2048069887518369,0.045514972824160685,0.6540286690003758,0.639438383940807,0.4450260102748871
3.0,0.0,6,True,209558,5,"[[0, 50, 44, 27, 49, 37, 24, 32, 46, 31, 36, 0], [0, 38, 14, 3, 34, 17, 39, 8, 7, 16, 19, 0], [0, 13, 23, 10, 18, 21, 25, 40, 20, 12, 45, 0], [0, 15, 41, 48, 2, 9, 47, 28, 30, 26, 33, 0], [0, 29, 43, 35, 4, 6, 22, 5, 42, 11, 1, 0]]",2.907737276662374,0.06105681632955869,0.8095089703565463,0.08187273490641798,0.17815833313055318,0.036057751423272014,0.6638783156708083,0.6481992020831495,0.4450260102748871
3.0,0.0,7,True,209558,5,"[[0, 38, 14, 3, 34, 17, 39, 8, 7, 16, 19, 0], [0, 36, 31, 46, 32, 24, 37, 49, 27, 44, 50, 0], [0, 15, 41, 48, 2, 47, 9, 28, 30, 26, 33, 0], [0, 12, 45, 13, 23, 10, 18, 21, 25, 40, 20, 0], [0, 1, 11, 42, 5, 22, 6, 4, 35, 43, 29, 0]]",2.9096923772303853,0.06105681632955869,0.8095089703565463,0.08187273490641798,0.17830739451322675,0.036152534541616974,0.6630009182220404,0.6477636596051564,0.4450260102748871
3.0,0.0,8,True,211376,5,"[[0, 33, 26, 30, 28, 9, 47, 2, 48, 31, 36, 0], [0, 12, 45, 23, 10, 18, 21, 25, 40, 20, 35, 0], [0, 27, 37, 49, 1, 11, 42, 41, 15, 38, 50, 0], [0, 13, 24, 32, 46, 5, 22, 6, 4, 43, 29, 0], [0, 44, 19, 16, 7, 8, 39, 17, 34, 3, 14, 0]]",2.864051633310737,0.05831608969357706,0.9272578772506677,0.08928144001401961,0.23876535934554188,0.06103562887499013,0.6657628759993486,0.6495522301595402,0.4450260102748871
3.0,0.0,9,True,210849,5,"[[0, 44, 33, 26, 30, 28, 9, 47, 2, 48, 15, 0], [0, 50, 36, 31, 40, 25, 20, 21, 18, 10, 29, 0], [0, 1, 42, 11, 41, 35, 43, 4, 37, 49, 27, 0], [0, 12, 13, 23, 24, 32, 46, 5, 22, 6, 45, 0], [0, 38, 14, 3, 34, 17, 39, 8, 7, 16, 19, 0]]",2.7637316473701503,0.05160103320623889,0.8231472646584734,0.06557507440447807,0.23353304379057316,0.055436143168399246,0.6473692055406801,0.6291168476485743,0.4450260102748871
