beta,lambda_concentration,seed,is_feasible,pyvrp_cost,num_routes,routes,global_risk,global_cvar90,max_vehicle_risk,max_vehicle_cvar90,vehicle_risk_gini,risk_variance,edge_burden_gini_used,top10_burden_share,max_edge_burden
0.0,0.0,0,True,133997,5,"[[0, 14, 42, 41, 1, 45, 11, 15, 3, 16, 48, 0], [0, 18, 32, 4, 29, 19, 6, 24, 40, 20, 44, 0], [0, 27, 35, 5, 36, 28, 26, 23, 30, 12, 49, 0], [0, 46, 22, 7, 8, 43, 33, 34, 2, 25, 39, 0], [0, 17, 13, 10, 37, 50, 38, 31, 9, 47, 21, 0]]",14.558473960729316,0.14658642782951178,3.9560583881102502,0.48151812702417374,0.12816968661692618,0.45978819131947113,0.8246773756088344,0.8809955912730725,1.603624939918518
0.0,0.0,1,True,133997,5,"[[0, 17, 13, 10, 37, 50, 38, 31, 9, 47, 21, 0], [0, 18, 32, 4, 29, 6, 19, 24, 40, 20, 44, 0], [0, 14, 42, 41, 1, 11, 45, 15, 3, 16, 48, 0], [0, 46, 22, 7, 8, 43, 33, 34, 2, 25, 39, 0], [0, 27, 35, 5, 36, 28, 26, 23, 30, 12, 49, 0]]",14.558473960729316,0.14658642782951178,3.9560583881102502,0.48151812702417374,0.12816968661692618,0.459788191319471,0.8246773756088344,0.8809955912730725,1.603624939918518
0.0,0.0,2,True,133998,5,"[[0, 16, 3, 15, 45, 11, 1, 41, 42, 14, 48, 0], [0, 25, 2, 34, 33, 43, 8, 7, 22, 46, 39, 0], [0, 38, 31, 9, 47, 21, 27, 23, 30, 49, 12, 0], [0, 26, 28, 36, 5, 35, 10, 37, 50, 13, 17, 0], [0, 44, 20, 40, 24, 6, 19, 29, 4, 32, 18, 0]]",16.88258874346502,0.5715001133772043,4.35404012282379,0.6039999723434448,0.15142948744179563,0.9052144501197159,0.8255212955280173,0.8422337108126837,1.603624939918518
1.0,0.0,0,True,164640,5,"[[0, 12, 30, 23, 26, 28, 2, 25, 45, 11, 1, 0], [0, 48, 13, 17, 44, 29, 4, 32, 47, 21, 27, 0], [0, 15, 16, 3, 14, 42, 41, 24, 6, 19, 49, 0], [0, 20, 36, 5, 33, 34, 18, 35, 10, 37, 40, 0], [0, 46, 22, 7, 8, 43, 50, 38, 31, 9, 39, 0]]",6.833651688415557,0.06537687018253775,2.078065955080092,0.11654732575019201,0.22435201301393626,0.33733129791452865,0.7468021798262383,0.7583536847891197,1.0099999904632568
1.0,0.0,1,True,165280,5,"[[0, 40, 37, 10, 27, 21, 47, 29, 44, 17, 13, 0], [0, 15, 16, 39, 32, 4, 6, 19, 24, 41, 42, 0], [0, 1, 11, 46, 22, 43, 8, 7, 36, 5, 20, 0], [0, 35, 18, 34, 33, 50, 38, 31, 9, 3, 14, 0], [0, 48, 45, 25, 2, 28, 26, 23, 30, 12, 49, 0]]",6.328395789721981,0.06204159696381993,2.5934819225221872,0.2826006906107068,0.30901727474441887,0.5425756535762865,0.7323913659650181,0.7406678250864039,1.0099999904632568
1.0,0.0,2,True,164624,5,"[[0, 30, 23, 26, 28, 2, 25, 16, 3, 14, 42, 0], [0, 20, 43, 8, 7, 36, 50, 38, 31, 9, 40, 0], [0, 48, 12, 49, 13, 17, 44, 29, 47, 21, 27, 0], [0, 11, 46, 22, 5, 33, 34, 18, 35, 10, 37, 0], [0, 15, 45, 39, 32, 4, 19, 6, 24, 41, 1, 0]]",5.834798561874777,0.05490965422775064,2.2234741039574146,0.18178798304870725,0.36062824357067935,0.5743176400791304,0.7163652432692271,0.7200488967838617,1.0099999904632568
