beta,lambda_concentration,seed,is_feasible,pyvrp_cost,num_routes,routes,global_risk,global_cvar90,max_vehicle_risk,max_vehicle_cvar90,vehicle_risk_gini,risk_variance,edge_burden_gini_used,top10_burden_share,max_edge_burden
0.0,0.0,0,True,145999,5,"[[0, 44, 14, 3, 15, 41, 11, 1, 37, 38, 50, 0], [0, 42, 7, 8, 34, 17, 9, 47, 43, 26, 33, 0], [0, 45, 12, 13, 24, 32, 46, 23, 10, 18, 19, 0], [0, 40, 25, 20, 35, 4, 16, 28, 30, 21, 29, 0], [0, 36, 31, 6, 22, 2, 48, 5, 39, 49, 27, 0]]",8.709465496154735,0.28235760430938434,3.1289296336472034,0.41852272550264996,0.2620354366966009,0.6881173207784154,0.8679717807591527,0.9033218447116479,0.8542657494544983
0.0,0.0,1,True,145999,5,"[[0, 6, 22, 5, 2, 48, 43, 9, 47, 31, 36, 0], [0, 12, 45, 13, 24, 32, 46, 23, 10, 18, 19, 0], [0, 27, 49, 39, 17, 34, 8, 7, 30, 21, 29, 0], [0, 33, 26, 28, 16, 4, 35, 20, 25, 40, 44, 0], [0, 14, 3, 15, 42, 41, 11, 1, 37, 38, 50, 0]]",9.618017424392747,0.3036140511775839,3.335136470355792,0.5187562356392542,0.2608094050079721,0.8284814896599173,0.879394438752537,0.9136729305916768,1.7085314989089966
0.0,0.0,2,True,146664,5,"[[0, 27, 49, 39, 17, 34, 8, 7, 16, 12, 45, 0], [0, 35, 4, 6, 22, 5, 43, 47, 9, 31, 36, 0], [0, 33, 26, 28, 30, 48, 2, 20, 25, 40, 19, 0], [0, 14, 3, 15, 42, 41, 11, 1, 37, 38, 50, 0], [0, 29, 21, 18, 10, 23, 46, 32, 24, 13, 44, 0]]",7.878148857300403,0.22300069135962985,2.9594099638052285,0.47873790860176085,0.24520515602866055,0.5549849231665742,0.8705449054906791,0.9004154441321726,0.8542657494544983
0.0,0.0,3,True,146664,5,"[[0, 44, 50, 38, 37, 1, 41, 11, 15, 3, 14, 0], [0, 19, 18, 21, 29, 10, 23, 46, 32, 24, 13, 0], [0, 45, 12, 42, 7, 8, 34, 17, 39, 49, 27, 0], [0, 16, 35, 4, 6, 22, 5, 30, 28, 26, 33, 0], [0, 40, 25, 20, 2, 48, 43, 47, 9, 31, 36, 0]]",9.339998851559358,0.303848844420697,2.976881021168083,0.4514952227473259,0.2349110041200586,0.7315186536435991,0.8648331909293663,0.8978811744004375,0.8542657494544983
0.0,0.0,4,True,147330,5,"[[0, 36, 31, 9, 47, 43, 48, 2, 20, 25, 40, 0], [0, 45, 12, 13, 24, 32, 46, 23, 10, 29, 44, 0], [0, 14, 3, 15, 42, 11, 41, 1, 37, 38, 50, 0], [0, 21, 35, 4, 6, 22, 5, 30, 28, 26, 33, 0], [0, 27, 49, 39, 17, 34, 8, 7, 16, 18, 19, 0]]",8.813627339207358,0.28561567082735045,2.844709030818194,0.38138527423143387,0.22592588814849401,0.5317523921340912,0.8710684116065575,0.9064027575645394,0.8672356009483337
0.0,0.0,5,True,147330,5,"[[0, 27, 49, 39, 48, 2, 43, 9, 47, 31, 36, 0], [0, 14, 3, 15, 42, 11, 41, 1, 37, 38, 50, 0], [0, 33, 26, 28, 30, 8, 17, 34, 7, 16, 45, 0], [0, 12, 35, 4, 6, 22, 5, 20, 25, 40, 44, 0], [0, 29, 21, 13, 24, 32, 46, 23, 10, 18, 19, 0]]",9.208790517790476,0.2885923704196667,3.561953806987731,0.38916925638914107,0.26603481507749205,0.9102448925373239,0.8634620185353976,0.8811507148991303,0.8542657494544983
0.0,0.0,6,True,147330,5,"[[0, 50, 38, 37, 1, 41, 11, 15, 3, 14, 45, 0], [0, 36, 31, 9, 47, 43, 2, 48, 39, 49, 27, 0], [0, 40, 25, 20, 5, 22, 6, 4, 35, 16, 12, 0], [0, 13, 24, 32, 46, 23, 10, 29, 21, 18, 19, 0], [0, 42, 7, 34, 17, 8, 30, 28, 26, 33, 44, 0]]",9.421870899823261,0.3057165728615863,3.202335667068837,0.3838531162057604,0.2177673532202249,0.5723396860554744,0.8655615071401508,0.8988156861396157,0.8542657494544983
0.0,0.0,7,True,146664,5,"[[0, 19, 18, 10, 23, 46, 32, 24, 13, 21, 29, 0], [0, 33, 26, 28, 30, 5, 22, 6, 4, 35, 44, 0], [0, 12, 45, 16, 7, 8, 34, 17, 39, 49, 27, 0], [0, 40, 25, 20, 2, 48, 43, 47, 9, 31, 36, 0], [0, 14, 3, 15, 42, 11, 41, 1, 37, 38, 50, 0]]",8.852775895997183,0.2873434670535581,2.8454643739387393,0.3616507053375244,0.1942609300605973,0.3939432971788504,0.865987740892006,0.8979533154191219,0.8542657494544983
0.0,0.0,8,True,147330,5,"[[0, 14, 3, 15, 42, 11, 41, 1, 37, 38, 50, 0], [0, 12, 45, 13, 46, 23, 10, 29, 21, 18, 19, 0], [0, 32, 24, 6, 22, 5, 48, 2, 20, 25, 40, 0], [0, 36, 31, 47, 9, 43, 30, 28, 26, 33, 44, 0], [0, 27, 49, 39, 17, 34, 8, 7, 16, 4, 35, 0]]",9.418388347286964,0.2961099432974026,2.856159157352522,0.37844744537557873,0.17936919587955202,0.36825599104934936,0.866417632564735,0.8917194151953619,0.8542657494544983
0.0,0.0,9,True,145999,5,"[[0, 14, 3, 15, 42, 41, 11, 1, 37, 38, 50, 0], [0, 27, 49, 39, 17, 34, 8, 7, 30, 21, 29, 0], [0, 12, 45, 13, 24, 32, 46, 23, 10, 18, 19, 0], [0, 44, 40, 25, 20, 35, 4, 16, 28, 26, 33, 0], [0, 6, 22, 5, 48, 2, 43, 47, 9, 31, 36, 0]]",9.61740860392456,0.3036140511775839,3.335136470355792,0.5187562356392542,0.2608259152874668,0.8284351269894596,0.8789808353213107,0.9137307697460978,1.7085314989089966
1.0,0.0,0,True,180880,5,"[[0, 44, 1, 11, 41, 42, 15, 3, 14, 38, 50, 0], [0, 2, 48, 9, 47, 43, 35, 4, 18, 21, 29, 0], [0, 36, 31, 40, 25, 20, 5, 46, 32, 24, 13, 0], [0, 12, 45, 6, 22, 34, 17, 39, 49, 37, 27, 0], [0, 19, 10, 23, 8, 7, 16, 28, 30, 26, 33, 0]]",5.01495806951425,0.1451936143225637,1.974819833645597,0.21970499539747834,0.33664088363958,0.36995548022459895,0.8438818965229287,0.8469848035403278,0.7359781265258789
1.0,0.0,1,True,180776,5,"[[0, 44, 1, 11, 41, 42, 45, 12, 14, 38, 50, 0], [0, 19, 16, 7, 8, 34, 17, 39, 49, 37, 27, 0], [0, 15, 3, 2, 48, 9, 47, 28, 30, 26, 33, 0], [0, 13, 23, 10, 18, 21, 20, 25, 40, 31, 36, 0], [0, 24, 32, 46, 5, 22, 6, 4, 35, 43, 29, 0]]",4.498411533603701,0.0947775550186634,1.531460153288208,0.17700822704604693,0.3131349440181417,0.26511876304286963,0.8364730430550085,0.8302443189006015,0.7359781265258789
1.0,0.0,2,True,180776,5,"[[0, 29, 43, 35, 4, 6, 22, 5, 46, 32, 24, 0], [0, 44, 50, 38, 14, 45, 12, 42, 41, 11, 1, 0], [0, 15, 3, 2, 48, 9, 47, 28, 30, 26, 33, 0], [0, 36, 31, 40, 25, 20, 21, 18, 10, 23, 13, 0], [0, 19, 16, 7, 8, 34, 17, 39, 49, 37, 27, 0]]",4.4986015886015025,0.0947775550186634,1.531460153288208,0.17700822704604693,0.3130879167686349,0.2650726318183635,0.8364871133189682,0.8302092430933543,0.7359781265258789
1.0,0.0,3,True,181305,5,"[[0, 19, 10, 18, 21, 24, 32, 46, 5, 2, 48, 0], [0, 29, 43, 35, 4, 6, 22, 20, 25, 40, 45, 0], [0, 36, 31, 9, 47, 34, 17, 39, 49, 37, 27, 0], [0, 12, 13, 23, 8, 7, 16, 28, 30, 26, 33, 0], [0, 1, 11, 41, 42, 15, 3, 14, 38, 50, 44, 0]]",4.8448829103435855,0.13912345571764584,1.3064103546494152,0.18254078850150107,0.18373020694589992,0.12237488080352688,0.8395089921945609,0.8403832974033947,0.7359781265258789
1.0,0.0,4,True,180776,5,"[[0, 24, 32, 46, 5, 22, 6, 4, 35, 43, 29, 0], [0, 15, 3, 2, 48, 47, 9, 28, 30, 26, 33, 0], [0, 44, 50, 38, 14, 45, 12, 42, 41, 11, 1, 0], [0, 19, 16, 7, 8, 34, 17, 39, 49, 37, 27, 0], [0, 13, 23, 10, 18, 21, 20, 25, 40, 31, 36, 0]]",4.498411533603701,0.0947775550186634,1.531460153288208,0.17700822704604693,0.3131349440181417,0.26511876304286963,0.8364730430550085,0.8302443189006015,0.7359781265258789
1.0,0.0,5,True,181267,5,"[[0, 45, 40, 25, 20, 34, 17, 39, 49, 37, 27, 0], [0, 1, 11, 41, 42, 15, 3, 14, 38, 50, 44, 0], [0, 19, 16, 7, 8, 23, 10, 18, 21, 13, 12, 0], [0, 24, 32, 46, 5, 22, 6, 4, 35, 43, 29, 0], [0, 33, 26, 30, 28, 9, 47, 48, 2, 31, 36, 0]]",4.465810505039315,0.09400575160980225,1.507944410899654,0.1876567660697869,0.3347273410164475,0.3012640327496624,0.8397400726568476,0.8317520505124764,0.7359781265258789
1.0,0.0,6,True,180776,5,"[[0, 50, 38, 14, 12, 45, 42, 41, 11, 1, 44, 0], [0, 27, 37, 49, 39, 17, 34, 8, 7, 16, 19, 0], [0, 36, 31, 40, 25, 20, 21, 18, 10, 23, 13, 0], [0, 15, 3, 2, 48, 9, 47, 28, 30, 26, 33, 0], [0, 29, 43, 35, 4, 6, 22, 5, 46, 32, 24, 0]]",4.4986015886015025,0.0947775550186634,1.531460153288208,0.17700822704604693,0.3130879167686349,0.2650726318183635,0.8364871133189682,0.8302092430933543,0.7359781265258789
1.0,0.0,7,True,181335,5,"[[0, 19, 16, 7, 8, 34, 17, 39, 49, 37, 27, 0], [0, 15, 3, 48, 2, 9, 47, 28, 30, 26, 33, 0], [0, 44, 36, 31, 40, 25, 20, 42, 41, 11, 1, 0], [0, 24, 32, 46, 5, 22, 6, 4, 35, 43, 29, 0], [0, 45, 12, 13, 23, 10, 18, 21, 14, 38, 50, 0]]",4.602552917035553,0.09525309684799939,1.531460153288208,0.17700822704604693,0.29751472001486223,0.24317194486452895,0.8384381299299088,0.8331190310709385,0.7359781265258789
1.0,0.0,8,True,180810,5,"[[0, 29, 43, 47, 9, 2, 48, 28, 30, 26, 33, 0], [0, 35, 4, 6, 22, 34, 17, 39, 49, 37, 27, 0], [0, 45, 12, 21, 18, 10, 23, 8, 7, 16, 19, 0], [0, 50, 38, 14, 3, 15, 42, 41, 11, 1, 44, 0], [0, 13, 24, 32, 46, 5, 20, 25, 40, 31, 36, 0]]",4.75333342393327,0.10662587663452876,2.338628584286198,0.2618129886686802,0.46942928381246407,0.7100666011127321,0.8474542734508841,0.8489182065591478,0.7359781265258789
1.0,0.0,9,True,180776,5,"[[0, 36, 31, 40, 25, 20, 21, 18, 10, 23, 13, 0], [0, 27, 37, 49, 39, 17, 34, 8, 7, 16, 19, 0], [0, 29, 43, 35, 4, 6, 22, 5, 46, 32, 24, 0], [0, 1, 11, 41, 42, 12, 45, 14, 38, 50, 44, 0], [0, 15, 3, 2, 48, 9, 47, 28, 30, 26, 33, 0]]",4.4986015886015025,0.0947775550186634,1.531460153288208,0.17700822704604693,0.3130879167686349,0.2650726318183635,0.8364871133189682,0.8302092430933543,0.7359781265258789
1.0,1.0,0,True,200765,5,"[[0, 15, 3, 40, 25, 20, 34, 17, 39, 42, 1, 0], [0, 44, 12, 21, 18, 10, 23, 8, 7, 16, 19, 0], [0, 29, 43, 35, 4, 6, 22, 5, 46, 31, 36, 0], [0, 41, 11, 2, 48, 9, 47, 28, 30, 26, 33, 0], [0, 50, 38, 14, 45, 13, 32, 24, 37, 49, 27, 0]]",4.169149740576302,0.09066702484300262,1.5253125062445179,0.1876567660697869,0.31705625705128093,0.21981695700345133,0.8319097009013001,0.8217951234481627,0.7359781265258789
1.0,1.0,1,True,199318,5,"[[0, 1, 41, 42, 5, 22, 6, 4, 35, 43, 29, 0], [0, 15, 11, 2, 48, 9, 47, 28, 30, 26, 33, 0], [0, 20, 40, 25, 21, 18, 10, 23, 13, 45, 12, 0], [0, 44, 36, 31, 46, 32, 24, 37, 49, 27, 50, 0], [0, 38, 14, 3, 34, 17, 39, 8, 7, 16, 19, 0]]",3.8469422706174896,0.0838337536599185,1.516457644291222,0.1876567660697869,0.34979046016875515,0.24171692322682709,0.8268435895414787,0.8107162301303453,0.7359781265258789
1.0,1.0,2,True,200604,5,"[[0, 11, 41, 35, 43, 4, 40, 25, 20, 42, 1, 0], [0, 50, 38, 14, 12, 13, 23, 10, 18, 21, 29, 0], [0, 36, 31, 2, 48, 9, 47, 28, 30, 26, 33, 0], [0, 19, 16, 7, 8, 39, 17, 34, 3, 15, 44, 0], [0, 27, 49, 37, 24, 32, 46, 5, 22, 6, 45, 0]]",3.7942443788987816,0.07641303464770317,1.5071890677791089,0.1876567660697869,0.344642349371721,0.21897604798362527,0.8215786468687685,0.8011278456229672,0.7359781265258789
1.0,1.0,3,True,201664,5,"[[0, 33, 26, 30, 28, 9, 47, 48, 2, 3, 15, 0], [0, 36, 31, 40, 25, 20, 12, 45, 14, 38, 50, 0], [0, 41, 42, 5, 46, 32, 24, 37, 27, 49, 1, 0], [0, 6, 22, 34, 17, 39, 8, 7, 16, 19, 44, 0], [0, 11, 13, 23, 10, 18, 21, 4, 35, 43, 29, 0]]",4.013192560151708,0.0840793702369317,1.531460153288208,0.1679521482437849,0.32214323248812193,0.21546444654495706,0.8290561461091486,0.8122898571500519,0.7359781265258789
1.0,1.0,4,True,199318,5,"[[0, 20, 40, 25, 21, 18, 10, 23, 13, 45, 12, 0], [0, 38, 14, 3, 34, 17, 39, 8, 7, 16, 19, 0], [0, 29, 43, 35, 4, 6, 22, 5, 42, 41, 1, 0], [0, 33, 26, 30, 28, 47, 9, 48, 2, 11, 15, 0], [0, 44, 36, 31, 46, 32, 24, 37, 49, 27, 50, 0]]",3.8469422706174896,0.0838337536599185,1.516457644291222,0.1876567660697869,0.34979046016875515,0.24171692322682709,0.8268435895414787,0.8107162301303453,0.7359781265258789
1.0,1.0,5,True,200247,5,"[[0, 19, 10, 18, 21, 20, 25, 40, 31, 36, 44, 0], [0, 29, 43, 4, 35, 41, 15, 3, 14, 38, 50, 0], [0, 33, 26, 30, 28, 47, 9, 48, 2, 11, 1, 0], [0, 6, 22, 34, 17, 39, 8, 23, 13, 45, 12, 0], [0, 42, 7, 16, 5, 46, 32, 24, 37, 49, 27, 0]]",4.000927722655376,0.08817001754367673,1.5510582032147795,0.1876567660697869,0.33479417332789474,0.24159192559497722,0.8318397558551622,0.8168730808995286,0.7359781265258789
1.0,1.0,6,True,200782,5,"[[0, 44, 19, 16, 7, 8, 39, 17, 34, 3, 15, 0], [0, 50, 38, 14, 12, 45, 13, 23, 10, 18, 21, 0], [0, 33, 26, 30, 28, 9, 47, 2, 48, 31, 36, 0], [0, 29, 43, 35, 4, 40, 25, 20, 42, 41, 11, 0], [0, 1, 49, 27, 37, 24, 32, 46, 5, 22, 6, 0]]",3.9947378306887344,0.0795942243733784,1.507944410899654,0.1876567660697869,0.3393359282186805,0.24666855061645063,0.8289753804322486,0.8105130076252209,0.7359781265258789
1.0,1.0,7,True,199318,5,"[[0, 20, 40, 25, 21, 18, 10, 23, 13, 45, 12, 0], [0, 38, 14, 3, 34, 17, 39, 8, 7, 16, 19, 0], [0, 44, 36, 31, 46, 32, 24, 37, 49, 27, 50, 0], [0, 33, 26, 30, 28, 47, 9, 48, 2, 11, 15, 0], [0, 1, 41, 42, 5, 22, 6, 4, 35, 43, 29, 0]]",3.8469422706174896,0.0838337536599185,1.516457644291222,0.1876567660697869,0.34979046016875515,0.24171692322682709,0.8268435895414787,0.8107162301303453,0.7359781265258789
1.0,1.0,8,True,199318,5,"[[0, 44, 36, 31, 46, 32, 24, 37, 49, 27, 50, 0], [0, 20, 40, 25, 21, 18, 10, 23, 13, 12, 45, 0], [0, 29, 43, 35, 4, 6, 22, 5, 42, 41, 1, 0], [0, 15, 11, 2, 48, 9, 47, 28, 30, 26, 33, 0], [0, 19, 16, 7, 8, 39, 17, 34, 3, 14, 38, 0]]",3.8470806937902466,0.0838337536599185,1.516457644291222,0.1876567660697869,0.34976348169269467,0.2416890879075715,0.8267853579297657,0.8106870594625812,0.7359781265258789
1.0,1.0,9,True,200755,5,"[[0, 1, 42, 7, 16, 8, 39, 17, 34, 3, 15, 0], [0, 11, 41, 48, 2, 9, 47, 28, 30, 26, 33, 0], [0, 50, 38, 14, 12, 20, 25, 40, 31, 36, 44, 0], [0, 13, 23, 10, 18, 21, 4, 35, 43, 29, 19, 0], [0, 45, 6, 22, 5, 46, 32, 24, 37, 49, 27, 0]]",4.210735713480972,0.0867838169913739,1.5253125062445179,0.1876567660697869,0.2713810144325546,0.1749875756200773,0.8283339795181792,0.8169432919067435,0.7359781265258789
