beta,lambda_concentration,seed,is_feasible,pyvrp_cost,num_routes,routes,global_risk,global_cvar90,max_vehicle_risk,max_vehicle_cvar90,vehicle_risk_gini,risk_variance,edge_burden_gini_used,top10_burden_share,max_edge_burden
0.0,0.0,0,True,133997,5,"[[0, 14, 42, 41, 1, 45, 11, 15, 3, 16, 48, 0], [0, 18, 32, 4, 29, 19, 6, 24, 40, 20, 44, 0], [0, 27, 35, 5, 36, 28, 26, 23, 30, 12, 49, 0], [0, 46, 22, 7, 8, 43, 33, 34, 2, 25, 39, 0], [0, 17, 13, 10, 37, 50, 38, 31, 9, 47, 21, 0]]",14.40919831302017,0.1335513211414218,3.8890763320960104,0.46358148008584976,0.1254704919706886,0.4211077287577468,0.822336335448701,0.8754916031159446,1.9072096347808838
0.0,0.0,1,True,133997,5,"[[0, 17, 13, 10, 37, 50, 38, 31, 9, 47, 21, 0], [0, 18, 32, 4, 29, 6, 19, 24, 40, 20, 44, 0], [0, 14, 42, 41, 1, 11, 45, 15, 3, 16, 48, 0], [0, 46, 22, 7, 8, 43, 33, 34, 2, 25, 39, 0], [0, 27, 35, 5, 36, 28, 26, 23, 30, 12, 49, 0]]",14.40919831302017,0.1335513211414218,3.8890763320960104,0.46358148008584976,0.1254704919706886,0.4211077287577468,0.822336335448701,0.8754916031159446,1.9072096347808838
0.0,0.0,2,True,133998,5,"[[0, 16, 3, 15, 45, 11, 1, 41, 42, 14, 48, 0], [0, 25, 2, 34, 33, 43, 8, 7, 22, 46, 39, 0], [0, 38, 31, 9, 47, 21, 27, 23, 30, 49, 12, 0], [0, 26, 28, 36, 5, 35, 10, 37, 50, 13, 17, 0], [0, 44, 20, 40, 24, 6, 19, 29, 4, 32, 18, 0]]",16.806930683087558,0.5675727736491424,4.310775744728744,0.6039999723434448,0.14791603680865717,0.8794276327322443,0.8249959962021345,0.8438884385475584,1.9072096347808838
1.0,0.0,0,True,164988,5,"[[0, 48, 42, 14, 3, 16, 20, 44, 17, 13, 49, 0], [0, 37, 10, 35, 18, 34, 33, 5, 50, 38, 39, 0], [0, 40, 9, 31, 36, 7, 8, 43, 22, 46, 1, 0], [0, 41, 24, 19, 6, 29, 4, 32, 47, 21, 27, 0], [0, 12, 30, 23, 26, 28, 2, 25, 11, 45, 15, 0]]",6.673720869235694,0.0595197802733468,2.5157880685292184,0.09446315995107095,0.3051649876949567,0.5435035420706175,0.7371961308243538,0.744085629867714,1.0099999904632568
1.0,0.0,1,True,165586,5,"[[0, 15, 16, 45, 25, 2, 28, 26, 23, 30, 12, 0], [0, 42, 14, 3, 9, 31, 38, 50, 5, 20, 48, 0], [0, 49, 41, 24, 19, 6, 4, 32, 39, 11, 1, 0], [0, 40, 37, 10, 13, 17, 44, 29, 47, 21, 27, 0], [0, 35, 18, 34, 33, 36, 7, 8, 43, 22, 46, 0]]",5.846909426618367,0.05093724075704813,1.483445226214826,0.0764199106820992,0.11672156500477593,0.06063517011085764,0.6978781367404394,0.7002591250082018,1.0099999904632568
1.0,0.0,2,True,165226,5,"[[0, 15, 45, 11, 25, 2, 28, 26, 23, 30, 12, 0], [0, 49, 41, 24, 19, 6, 29, 4, 32, 39, 1, 0], [0, 46, 22, 5, 50, 38, 31, 9, 47, 21, 27, 0], [0, 42, 14, 3, 16, 20, 44, 17, 13, 40, 48, 0], [0, 36, 7, 8, 43, 33, 34, 18, 35, 10, 37, 0]]",7.210368904285133,0.0633447315347822,1.5768167302012444,0.07203159406781197,0.03951798432276021,0.010572410096738552,0.7464401538551169,0.7624782560236457,1.0099999904632568
