beta,lambda_concentration,seed,is_feasible,pyvrp_cost,num_routes,routes,global_risk,global_cvar90,max_vehicle_risk,max_vehicle_cvar90,vehicle_risk_gini,risk_variance,edge_burden_gini_used,top10_burden_share,max_edge_burden
0.0,0.0,0,True,145999,5,"[[0, 44, 14, 3, 15, 41, 11, 1, 37, 38, 50, 0], [0, 42, 7, 8, 34, 17, 9, 47, 43, 26, 33, 0], [0, 45, 12, 13, 24, 32, 46, 23, 10, 18, 19, 0], [0, 40, 25, 20, 35, 4, 16, 28, 30, 21, 29, 0], [0, 36, 31, 6, 22, 2, 48, 5, 39, 49, 27, 0]]",9.37205420925602,0.26653583301231265,3.183846536121564,0.4705861782034238,0.2155620909043543,0.5677319469492115,0.879068782279524,0.9054451481460024,1.1597681045532227
0.0,0.0,1,True,145999,5,"[[0, 6, 22, 5, 2, 48, 43, 9, 47, 31, 36, 0], [0, 12, 45, 13, 24, 32, 46, 23, 10, 18, 19, 0], [0, 27, 49, 39, 17, 34, 8, 7, 30, 21, 29, 0], [0, 33, 26, 28, 16, 4, 35, 20, 25, 40, 44, 0], [0, 14, 3, 15, 42, 41, 11, 1, 37, 38, 50, 0]]",10.333490569981223,0.2791463479618816,3.287743568653241,0.5033845057090124,0.20914644290390427,0.6136171512155603,0.8883402835137757,0.9142852507702146,1.7231816053390503
0.0,0.0,2,True,146664,5,"[[0, 27, 49, 39, 17, 34, 8, 7, 16, 12, 45, 0], [0, 35, 4, 6, 22, 5, 43, 47, 9, 31, 36, 0], [0, 33, 26, 28, 30, 48, 2, 20, 25, 40, 19, 0], [0, 14, 3, 15, 42, 41, 11, 1, 37, 38, 50, 0], [0, 29, 21, 18, 10, 23, 46, 32, 24, 13, 44, 0]]",8.348096489426098,0.2511734108130137,2.9531944208138157,0.4776504814624786,0.23352553877765847,0.5380730535216459,0.8806471100155182,0.9015714346877696,1.1597681045532227
0.0,0.0,3,True,146664,5,"[[0, 44, 50, 38, 37, 1, 41, 11, 15, 3, 14, 0], [0, 19, 18, 21, 29, 10, 23, 46, 32, 24, 13, 0], [0, 45, 12, 42, 7, 8, 34, 17, 39, 49, 27, 0], [0, 16, 35, 4, 6, 22, 5, 30, 28, 26, 33, 0], [0, 40, 25, 20, 2, 48, 43, 47, 9, 31, 36, 0]]",10.300609320365766,0.26315790890819496,3.1436508569750004,0.4843422422806422,0.21824342673750685,0.7529055801164671,0.8762828980713226,0.9113305473892095,1.1597681045532227
0.0,0.0,4,True,147330,5,"[[0, 36, 31, 9, 47, 43, 48, 2, 20, 25, 40, 0], [0, 45, 12, 13, 24, 32, 46, 23, 10, 29, 44, 0], [0, 14, 3, 15, 42, 11, 41, 1, 37, 38, 50, 0], [0, 21, 35, 4, 6, 22, 5, 30, 28, 26, 33, 0], [0, 27, 49, 39, 17, 34, 8, 7, 16, 18, 19, 0]]",9.506310775498804,0.25564143905306563,3.1447518334607594,0.4281728625297546,0.23521281617224,0.6426868671596149,0.8815749321496755,0.910670463992512,1.1597681045532227
0.0,0.0,5,True,147330,5,"[[0, 27, 49, 39, 48, 2, 43, 9, 47, 31, 36, 0], [0, 14, 3, 15, 42, 11, 41, 1, 37, 38, 50, 0], [0, 33, 26, 28, 30, 8, 17, 34, 7, 16, 45, 0], [0, 12, 35, 4, 6, 22, 5, 20, 25, 40, 44, 0], [0, 29, 21, 13, 24, 32, 46, 23, 10, 18, 19, 0]]",9.957086635680753,0.32366110091762884,3.6873866480309516,0.42202028632164,0.22189961059449326,0.7978076975120423,0.8719311307300137,0.888848246407843,1.1597681045532227
0.0,0.0,6,True,147330,5,"[[0, 50, 38, 37, 1, 41, 11, 15, 3, 14, 45, 0], [0, 36, 31, 9, 47, 43, 2, 48, 39, 49, 27, 0], [0, 40, 25, 20, 5, 22, 6, 4, 35, 16, 12, 0], [0, 13, 24, 32, 46, 23, 10, 29, 21, 18, 19, 0], [0, 42, 7, 34, 17, 8, 30, 28, 26, 33, 44, 0]]",10.272082482748374,0.33468073566577267,3.2514130908530205,0.4061486100157102,0.2024784493933376,0.5865695568284388,0.8763714608583151,0.911433712355115,1.1597681045532227
0.0,0.0,7,True,146664,5,"[[0, 19, 18, 10, 23, 46, 32, 24, 13, 21, 29, 0], [0, 33, 26, 28, 30, 5, 22, 6, 4, 35, 44, 0], [0, 12, 45, 16, 7, 8, 34, 17, 39, 49, 27, 0], [0, 40, 25, 20, 2, 48, 43, 47, 9, 31, 36, 0], [0, 14, 3, 15, 42, 11, 41, 1, 37, 38, 50, 0]]",9.545902096768259,0.2719186332542449,3.1436508569750004,0.38798855741818744,0.16769457932021314,0.41665003229672387,0.8744130089750657,0.906095485038539,1.1597681045532227
0.0,0.0,8,True,147330,5,"[[0, 14, 3, 15, 42, 11, 41, 1, 37, 38, 50, 0], [0, 12, 45, 13, 46, 23, 10, 29, 21, 18, 19, 0], [0, 32, 24, 6, 22, 5, 48, 2, 20, 25, 40, 0], [0, 36, 31, 47, 9, 43, 30, 28, 26, 33, 44, 0], [0, 27, 49, 39, 17, 34, 8, 7, 16, 4, 35, 0]]",10.548675522601116,0.3453393982989447,2.7717128080766997,0.36826674693397116,0.1322020867613687,0.2615626295755823,0.877918994945492,0.9046475170445679,1.1597681045532227
0.0,0.0,9,True,145999,5,"[[0, 14, 3, 15, 42, 41, 11, 1, 37, 38, 50, 0], [0, 27, 49, 39, 17, 34, 8, 7, 30, 21, 29, 0], [0, 12, 45, 13, 24, 32, 46, 23, 10, 18, 19, 0], [0, 44, 40, 25, 20, 35, 4, 16, 28, 26, 33, 0], [0, 6, 22, 5, 48, 2, 43, 47, 9, 31, 36, 0]]",10.332456379306677,0.2791463479618816,3.287743568653241,0.5033845057090124,0.20912734009217138,0.6135215403510569,0.8880317071418937,0.9143767629184889,1.7231816053390503
1.5,1.0,0,True,203511,5,"[[0, 36, 31, 46, 32, 24, 6, 22, 5, 16, 19, 0], [0, 44, 1, 2, 48, 47, 9, 28, 30, 26, 33, 0], [0, 27, 49, 37, 4, 40, 25, 20, 35, 43, 29, 0], [0, 15, 3, 34, 17, 39, 8, 7, 42, 41, 11, 0], [0, 50, 38, 14, 13, 23, 10, 18, 21, 45, 12, 0]]",2.982379487634205,0.0659700178287246,1.235282160814677,0.0959078934457567,0.41426462063660474,0.21539453547485848,0.7969556888374205,0.7403281809602775,0.6248788237571716
1.5,1.0,1,True,203511,5,"[[0, 44, 33, 26, 30, 28, 9, 47, 48, 2, 1, 0], [0, 36, 31, 46, 32, 24, 6, 22, 5, 16, 19, 0], [0, 50, 38, 14, 45, 12, 13, 23, 10, 18, 21, 0], [0, 29, 43, 35, 20, 25, 40, 4, 37, 49, 27, 0], [0, 15, 3, 34, 17, 39, 8, 7, 42, 11, 41, 0]]",2.982379487634205,0.0659700178287246,1.235282160814677,0.0959078934457567,0.41426462063660474,0.21539453547485846,0.7969556888374205,0.7403281809602775,0.6248788237571716
1.5,1.0,2,True,203511,5,"[[0, 29, 43, 35, 20, 25, 40, 4, 37, 49, 27, 0], [0, 1, 2, 48, 9, 47, 28, 30, 26, 33, 44, 0], [0, 12, 13, 23, 10, 18, 21, 45, 14, 38, 50, 0], [0, 15, 3, 34, 17, 39, 8, 7, 42, 41, 11, 0], [0, 19, 16, 5, 22, 6, 24, 32, 46, 31, 36, 0]]",2.981278511148446,0.0659700178287246,1.235282160814677,0.0959078934457567,0.41456532592031237,0.21558809522278377,0.7974152607304832,0.7406015817565915,0.6248788237571716
1.5,1.0,3,True,204184,5,"[[0, 50, 38, 14, 3, 47, 9, 28, 30, 26, 33, 0], [0, 44, 19, 10, 18, 21, 24, 32, 46, 31, 36, 0], [0, 1, 2, 48, 34, 17, 39, 8, 23, 13, 12, 0], [0, 29, 43, 35, 20, 25, 40, 4, 37, 49, 27, 0], [0, 45, 6, 22, 5, 16, 7, 42, 41, 11, 15, 0]]",2.987768690404863,0.0659700178287246,1.235282160814677,0.09909780075152715,0.3786530732749547,0.17004583735454196,0.8006293767415493,0.7437564536100013,0.6248788237571716
1.5,1.0,4,True,203761,5,"[[0, 50, 44, 36, 31, 47, 9, 28, 30, 26, 33, 0], [0, 12, 13, 23, 10, 18, 21, 42, 11, 41, 15, 0], [0, 45, 6, 22, 5, 46, 32, 24, 37, 49, 27, 0], [0, 1, 2, 48, 34, 17, 39, 8, 7, 16, 19, 0], [0, 38, 14, 3, 20, 25, 40, 4, 35, 43, 29, 0]]",3.1043237062269498,0.061756745987647285,0.8804456524958368,0.10300459659525327,0.22801626850388756,0.07146553430218217,0.7943844160957674,0.7412403386195906,0.6248788237571716
1.5,1.0,5,True,204057,5,"[[0, 11, 41, 35, 43, 4, 40, 25, 20, 3, 15, 0], [0, 27, 49, 37, 24, 32, 46, 5, 16, 7, 42, 0], [0, 1, 2, 48, 47, 9, 28, 30, 26, 33, 44, 0], [0, 13, 23, 8, 39, 17, 34, 22, 6, 31, 36, 0], [0, 50, 38, 14, 45, 12, 21, 18, 10, 29, 19, 0]]",2.9444738565409523,0.06632450094912201,1.0698950686419266,0.10250548220106534,0.3155876358177998,0.11193490658785352,0.7927812439742026,0.739006501426613,0.6248788237571716
1.5,1.0,6,True,203511,5,"[[0, 12, 13, 23, 10, 18, 21, 45, 14, 38, 50, 0], [0, 41, 11, 42, 7, 8, 39, 17, 34, 3, 15, 0], [0, 19, 16, 5, 22, 6, 24, 32, 46, 31, 36, 0], [0, 33, 26, 30, 28, 9, 47, 48, 2, 1, 44, 0], [0, 29, 43, 35, 20, 25, 40, 4, 37, 49, 27, 0]]",2.981278511148446,0.0659700178287246,1.235282160814677,0.0959078934457567,0.41456532592031237,0.21558809522278377,0.7974152607304832,0.7406015817565915,0.6248788237571716
1.5,1.0,7,True,203761,5,"[[0, 12, 13, 23, 10, 18, 21, 42, 11, 41, 15, 0], [0, 27, 49, 37, 24, 32, 46, 5, 22, 6, 45, 0], [0, 19, 16, 7, 8, 39, 17, 34, 48, 2, 1, 0], [0, 29, 43, 35, 4, 40, 25, 20, 3, 14, 38, 0], [0, 36, 31, 9, 47, 28, 30, 26, 33, 50, 44, 0]]",3.1043237062269498,0.061756745987647285,0.8804456524958368,0.10300459659525327,0.22801626850388756,0.07146553430218215,0.7943844160957674,0.7412403386195906,0.6248788237571716
1.5,1.0,8,True,203518,5,"[[0, 29, 10, 18, 21, 20, 25, 40, 4, 43, 35, 0], [0, 45, 6, 22, 5, 46, 32, 24, 37, 49, 27, 0], [0, 19, 16, 7, 42, 41, 11, 15, 3, 14, 38, 0], [0, 12, 13, 23, 8, 39, 17, 34, 48, 2, 1, 0], [0, 44, 33, 26, 30, 28, 47, 9, 31, 36, 50, 0]]",2.970475141134756,0.06292966402628843,0.8804456524958368,0.10300459659525327,0.19953921190276547,0.04662540330279712,0.7921770845709086,0.7390704877148834,0.6248788237571716
1.5,1.0,9,True,204057,5,"[[0, 50, 38, 14, 45, 12, 21, 18, 10, 29, 19, 0], [0, 33, 26, 30, 28, 9, 47, 48, 2, 1, 44, 0], [0, 36, 31, 6, 22, 34, 17, 39, 8, 23, 13, 0], [0, 15, 3, 20, 25, 40, 4, 43, 35, 11, 41, 0], [0, 42, 7, 16, 5, 46, 32, 24, 37, 49, 27, 0]]",2.9455748330267113,0.06632450094912201,1.0698950686419266,0.10250548220106534,0.31517065922597554,0.11176355993447906,0.7923192483575954,0.7387302807135043,0.6248788237571716
