beta,lambda_concentration,seed,is_feasible,pyvrp_cost,num_routes,routes,global_risk,global_cvar90,max_vehicle_risk,max_vehicle_cvar90,vehicle_risk_gini,risk_variance,edge_burden_gini_used,top10_burden_share,max_edge_burden
0.0,0.0,0,True,133997,5,"[[0, 14, 42, 41, 1, 45, 11, 15, 3, 16, 48, 0], [0, 18, 32, 4, 29, 19, 6, 24, 40, 20, 44, 0], [0, 27, 35, 5, 36, 28, 26, 23, 30, 12, 49, 0], [0, 46, 22, 7, 8, 43, 33, 34, 2, 25, 39, 0], [0, 17, 13, 10, 37, 50, 38, 31, 9, 47, 21, 0]]",7.301419748344415,0.20031993472102014,2.352219030377455,0.31136792339384556,0.13418733046510312,0.200883479689361,0.8729897630446577,0.8973057188423206,1.0516544580459595
0.0,0.0,1,True,133997,5,"[[0, 17, 13, 10, 37, 50, 38, 31, 9, 47, 21, 0], [0, 18, 32, 4, 29, 6, 19, 24, 40, 20, 44, 0], [0, 14, 42, 41, 1, 11, 45, 15, 3, 16, 48, 0], [0, 46, 22, 7, 8, 43, 33, 34, 2, 25, 39, 0], [0, 27, 35, 5, 36, 28, 26, 23, 30, 12, 49, 0]]",7.301419748344415,0.20031993472102014,2.352219030377455,0.31136792339384556,0.13418733046510312,0.20088347968936096,0.8729897630446577,0.8973057188423206,1.0516544580459595
0.0,0.0,2,True,133998,5,"[[0, 16, 3, 15, 45, 11, 1, 41, 42, 14, 48, 0], [0, 25, 2, 34, 33, 43, 8, 7, 22, 46, 39, 0], [0, 38, 31, 9, 47, 21, 27, 23, 30, 49, 12, 0], [0, 26, 28, 36, 5, 35, 10, 37, 50, 13, 17, 0], [0, 44, 20, 40, 24, 6, 19, 29, 4, 32, 18, 0]]",8.851195261117027,0.31051815988925785,2.5283347625518218,0.4351471185684204,0.22233913478622047,0.5297292097981952,0.8740658549045006,0.8974667092966514,1.0516544580459595
1.0,0.0,0,True,159462,5,"[[0, 12, 49, 13, 17, 44, 20, 16, 3, 14, 42, 0], [0, 1, 41, 24, 19, 6, 4, 29, 47, 21, 27, 0], [0, 40, 9, 31, 38, 50, 43, 8, 7, 22, 46, 0], [0, 48, 30, 23, 26, 28, 2, 25, 45, 11, 15, 0], [0, 39, 32, 18, 35, 10, 37, 34, 33, 5, 36, 0]]",2.3777368214887247,0.051931427509495705,0.8790366901375819,0.09988001973501273,0.2679425998745468,0.054551997955840315,0.7775338723006591,0.7356909452232319,0.5258272290229797
1.0,0.0,1,True,159851,5,"[[0, 12, 10, 37, 13, 17, 44, 20, 16, 3, 15, 0], [0, 1, 41, 24, 19, 6, 29, 4, 32, 39, 48, 0], [0, 40, 8, 43, 5, 50, 38, 31, 9, 47, 21, 0], [0, 11, 46, 22, 7, 36, 33, 34, 18, 35, 27, 0], [0, 45, 25, 2, 28, 26, 23, 30, 49, 14, 42, 0]]",3.238818729094419,0.09317648735035348,1.0457641949760728,0.12811772897839546,0.27486727597654736,0.10211869785634149,0.8133652966189087,0.7941086815504065,0.5717883110046387
1.0,0.0,2,True,159462,5,"[[0, 1, 41, 24, 19, 6, 4, 29, 47, 21, 27, 0], [0, 48, 49, 13, 17, 44, 20, 16, 3, 14, 42, 0], [0, 15, 11, 45, 25, 2, 28, 26, 23, 30, 12, 0], [0, 40, 9, 31, 38, 50, 43, 8, 7, 22, 46, 0], [0, 39, 32, 18, 35, 10, 37, 34, 33, 5, 36, 0]]",2.3777368214887247,0.051931427509495705,0.8790366901375819,0.09988001973501273,0.267960619342835,0.05455638723282706,0.7775338723006591,0.7356909452232319,0.5258272290229797
