beta,lambda_concentration,seed,is_feasible,pyvrp_cost,num_routes,routes,global_risk,global_cvar90,max_vehicle_risk,max_vehicle_cvar90,vehicle_risk_gini,risk_variance,edge_burden_gini_used,top10_burden_share,max_edge_burden
0.0,0.0,0,True,133997,5,"[[0, 14, 42, 41, 1, 45, 11, 15, 3, 16, 48, 0], [0, 18, 32, 4, 29, 19, 6, 24, 40, 20, 44, 0], [0, 27, 35, 5, 36, 28, 26, 23, 30, 12, 49, 0], [0, 46, 22, 7, 8, 43, 33, 34, 2, 25, 39, 0], [0, 17, 13, 10, 37, 50, 38, 31, 9, 47, 21, 0]]",6.665311083728739,0.19958663145080208,2.268355028470978,0.34730983013287187,0.1731251451675868,0.2368872014106534,0.8728286729572277,0.8944110663424046,0.9035153985023499
0.0,0.0,1,True,133997,5,"[[0, 17, 13, 10, 37, 50, 38, 31, 9, 47, 21, 0], [0, 18, 32, 4, 29, 6, 19, 24, 40, 20, 44, 0], [0, 14, 42, 41, 1, 11, 45, 15, 3, 16, 48, 0], [0, 46, 22, 7, 8, 43, 33, 34, 2, 25, 39, 0], [0, 27, 35, 5, 36, 28, 26, 23, 30, 12, 49, 0]]",6.665311083728739,0.19958663145080208,2.268355028470978,0.34730983013287187,0.1731251451675868,0.2368872014106534,0.8728286729572277,0.8944110663424046,0.9035153985023499
0.0,0.0,2,True,133998,5,"[[0, 16, 3, 15, 45, 11, 1, 41, 42, 14, 48, 0], [0, 25, 2, 34, 33, 43, 8, 7, 22, 46, 39, 0], [0, 38, 31, 9, 47, 21, 27, 23, 30, 49, 12, 0], [0, 26, 28, 36, 5, 35, 10, 37, 50, 13, 17, 0], [0, 44, 20, 40, 24, 6, 19, 29, 4, 32, 18, 0]]",8.501551206347358,0.29887099306170756,2.4706911440589465,0.42672953605651853,0.2533001039045475,0.6355483551246367,0.876100506757852,0.8995402001961866,0.9035153985023499
0.0,0.0,3,True,133997,5,"[[0, 39, 25, 2, 36, 28, 26, 23, 30, 49, 18, 0], [0, 44, 20, 40, 24, 19, 6, 4, 32, 29, 12, 0], [0, 17, 13, 10, 37, 50, 38, 31, 9, 47, 21, 0], [0, 46, 22, 7, 8, 43, 5, 34, 33, 35, 27, 0], [0, 14, 42, 41, 1, 11, 45, 15, 3, 16, 48, 0]]",7.978942625988566,0.2800191741866561,2.977258115177392,0.47202693422635394,0.2607400253842893,0.6159101867562555,0.8926796327488078,0.9146101835401342,1.6943957805633545
0.0,0.0,4,True,133997,5,"[[0, 48, 14, 42, 41, 1, 45, 11, 15, 3, 16, 0], [0, 44, 20, 40, 24, 19, 6, 4, 32, 29, 12, 0], [0, 25, 2, 34, 33, 43, 8, 7, 22, 46, 39, 0], [0, 27, 35, 5, 36, 28, 26, 23, 30, 18, 49, 0], [0, 17, 13, 10, 37, 50, 38, 31, 9, 47, 21, 0]]",7.5416021112541785,0.22224426810299197,2.879355696597486,0.540696057677269,0.3014821269219141,0.6952358641848729,0.8930944259231932,0.9113193644433473,1.6943957805633545
0.0,0.0,5,True,133999,5,"[[0, 16, 3, 14, 42, 41, 1, 45, 39, 11, 15, 0], [0, 18, 32, 4, 29, 6, 19, 24, 40, 20, 44, 0], [0, 25, 2, 34, 33, 35, 10, 37, 50, 13, 17, 0], [0, 46, 22, 7, 8, 43, 5, 36, 28, 26, 12, 0], [0, 48, 38, 31, 9, 47, 21, 27, 23, 30, 49, 0]]",8.769522597845935,0.30764572179088223,2.268355028470978,0.4319065932650119,0.12279795153230344,0.14782026178033886,0.8744845720074534,0.8916072271120196,0.9035153985023499
0.0,0.0,6,True,133997,5,"[[0, 16, 3, 14, 42, 41, 1, 45, 11, 39, 48, 0], [0, 15, 46, 22, 7, 8, 43, 17, 13, 18, 49, 0], [0, 27, 35, 10, 37, 50, 38, 31, 9, 47, 21, 0], [0, 12, 29, 4, 32, 6, 19, 24, 40, 20, 44, 0], [0, 25, 2, 34, 33, 5, 36, 28, 26, 23, 30, 0]]",7.864316522456647,0.23269604522013856,2.0667323148663854,0.2844414561986923,0.1748751815048475,0.2633157446695152,0.8964149313723149,0.9183513737445179,1.6943957805633545
0.0,0.0,7,True,133998,5,"[[0, 13, 17, 43, 33, 34, 5, 2, 25, 45, 11, 0], [0, 16, 1, 41, 42, 12, 49, 14, 3, 15, 48, 0], [0, 44, 20, 40, 24, 19, 6, 29, 4, 32, 18, 0], [0, 30, 23, 26, 28, 36, 8, 7, 22, 46, 39, 0], [0, 21, 47, 9, 31, 38, 50, 37, 10, 35, 27, 0]]",7.798736502161773,0.21660592542453247,2.4305215127023985,0.37532136325413984,0.24546974775105523,0.5269085372254988,0.8774977821654653,0.9034862174764082,0.9035153985023499
0.0,0.0,8,True,133998,5,"[[0, 48, 14, 42, 41, 1, 45, 11, 15, 3, 16, 0], [0, 49, 18, 12, 29, 32, 4, 6, 19, 24, 40, 0], [0, 44, 20, 34, 33, 5, 36, 28, 26, 23, 30, 0], [0, 17, 13, 37, 10, 35, 22, 43, 8, 7, 46, 0], [0, 27, 21, 47, 9, 31, 38, 50, 2, 25, 39, 0]]",7.60014733538992,0.2648266844021586,2.780483269627439,0.5168774098157882,0.25100357056345857,0.5129419996426186,0.892559551263177,0.9093362431005738,1.6943957805633545
0.0,0.0,9,True,133997,5,"[[0, 48, 15, 45, 11, 1, 41, 42, 14, 3, 16, 0], [0, 27, 35, 5, 36, 28, 26, 23, 30, 12, 49, 0], [0, 21, 47, 9, 31, 38, 50, 37, 10, 13, 17, 0], [0, 25, 2, 34, 33, 43, 8, 7, 22, 46, 39, 0], [0, 44, 20, 40, 24, 6, 19, 29, 4, 32, 18, 0]]",6.380967101205897,0.20375645100804313,2.4295378561946563,0.37532136325413984,0.2558783953948851,0.4244186598757045,0.8752127950002349,0.8940311030364545,0.9035153985023499
0.5,0.0,0,True,148680,5,"[[0, 42, 41, 24, 6, 19, 29, 4, 32, 18, 49, 0], [0, 46, 22, 43, 8, 7, 36, 5, 33, 34, 40, 0], [0, 48, 14, 3, 15, 16, 20, 44, 17, 13, 12, 0], [0, 1, 45, 11, 39, 25, 2, 28, 26, 23, 30, 0], [0, 21, 47, 9, 31, 38, 50, 37, 10, 35, 27, 0]]",4.024136588450347,0.12390186865296629,2.1496814515339793,0.32838766773541767,0.401726942207709,0.4717383382772023,0.8442737357075443,0.8466250870792146,0.8471978902816772
0.5,0.0,1,True,148680,5,"[[0, 11, 45, 39, 25, 2, 28, 26, 23, 30, 49, 0], [0, 40, 5, 33, 34, 36, 7, 8, 43, 22, 46, 0], [0, 42, 41, 24, 19, 6, 29, 4, 32, 18, 48, 0], [0, 21, 47, 9, 31, 38, 50, 37, 10, 35, 27, 0], [0, 20, 44, 17, 13, 12, 14, 3, 15, 16, 1, 0]]",4.0242667401980725,0.12390186865296629,2.151266079490597,0.28268542659602,0.4039799245164466,0.47346509370813,0.8423876960340608,0.8432331410985336,0.8471978902816772
0.5,0.0,2,True,148646,5,"[[0, 21, 47, 9, 31, 38, 50, 37, 10, 35, 27, 0], [0, 40, 5, 33, 34, 36, 7, 8, 43, 22, 46, 0], [0, 12, 18, 32, 4, 29, 19, 6, 24, 41, 1, 0], [0, 13, 17, 44, 20, 16, 15, 3, 14, 42, 48, 0], [0, 49, 30, 23, 26, 28, 2, 25, 45, 11, 39, 0]]",3.8414676988104475,0.11767708351490674,1.9119379083422245,0.2464952145570091,0.3674764167751301,0.3458465347789633,0.8414996281071421,0.843523070464995,0.8471978902816772
0.5,0.0,3,True,148700,5,"[[0, 48, 49, 12, 13, 17, 44, 20, 16, 3, 15, 0], [0, 18, 32, 4, 29, 6, 19, 24, 41, 42, 14, 0], [0, 1, 45, 11, 39, 25, 2, 28, 26, 23, 30, 0], [0, 46, 22, 7, 8, 43, 5, 33, 34, 36, 40, 0], [0, 27, 35, 10, 37, 50, 38, 31, 9, 47, 21, 0]]",4.078302613685082,0.1257759810735782,1.9982874390043435,0.25867554106350454,0.36878473644622267,0.37995985776303615,0.8439294043664467,0.8472698194129626,0.8471978902816772
0.5,0.0,4,True,148680,5,"[[0, 40, 34, 33, 5, 36, 7, 8, 43, 22, 46, 0], [0, 20, 44, 17, 13, 12, 14, 3, 15, 16, 1, 0], [0, 42, 41, 24, 19, 6, 29, 4, 32, 18, 49, 0], [0, 27, 35, 10, 37, 50, 38, 31, 9, 47, 21, 0], [0, 48, 45, 39, 11, 25, 2, 28, 26, 23, 30, 0]]",4.0242667401980725,0.12390186865296629,2.1496814515339793,0.32838766773541767,0.4033498955212853,0.4722812962366243,0.8423876960340608,0.8432331410985336,0.8471978902816772
0.5,0.0,5,True,148680,5,"[[0, 48, 42, 41, 24, 19, 6, 29, 4, 32, 18, 0], [0, 45, 39, 11, 25, 2, 28, 26, 23, 30, 49, 0], [0, 20, 44, 17, 13, 12, 14, 3, 15, 16, 1, 0], [0, 21, 47, 9, 31, 38, 50, 37, 10, 35, 27, 0], [0, 40, 34, 33, 5, 36, 7, 8, 43, 22, 46, 0]]",4.0242667401980725,0.12390186865296629,2.151266079490597,0.28268542659602,0.4039799245164466,0.47346509370813,0.8423876960340608,0.8432331410985336,0.8471978902816772
0.5,0.0,6,True,148680,5,"[[0, 42, 41, 24, 19, 6, 29, 4, 32, 18, 48, 0], [0, 27, 35, 10, 37, 50, 38, 31, 9, 47, 21, 0], [0, 39, 45, 11, 25, 2, 28, 26, 23, 30, 49, 0], [0, 46, 22, 43, 8, 7, 36, 34, 33, 5, 40, 0], [0, 1, 16, 15, 3, 14, 12, 13, 17, 44, 20, 0]]",4.0242667401980725,0.12390186865296629,2.151266079490597,0.28268542659602,0.4039799245164466,0.47346509370813006,0.8423876960340608,0.8432331410985336,0.8471978902816772
0.5,0.0,7,True,148646,5,"[[0, 49, 30, 23, 26, 28, 2, 25, 11, 45, 39, 0], [0, 1, 41, 24, 19, 6, 29, 4, 32, 18, 12, 0], [0, 48, 13, 17, 44, 20, 16, 15, 3, 14, 42, 0], [0, 40, 34, 33, 5, 36, 7, 8, 43, 22, 46, 0], [0, 27, 35, 10, 37, 50, 38, 31, 9, 47, 21, 0]]",4.012159559242718,0.12390186865296629,2.0826297687744955,0.2705051000895245,0.3858775431539174,0.4285925625521493,0.8456405683168837,0.8495264898596455,0.8471978902816772
0.5,0.0,8,True,149350,5,"[[0, 11, 39, 25, 2, 28, 26, 23, 30, 49, 12, 0], [0, 18, 32, 4, 29, 19, 6, 24, 41, 42, 48, 0], [0, 40, 34, 33, 5, 36, 7, 8, 43, 22, 46, 0], [0, 14, 3, 15, 16, 20, 44, 17, 13, 45, 1, 0], [0, 27, 35, 10, 37, 50, 38, 31, 9, 47, 21, 0]]",3.85475106753438,0.11767708351490674,1.980574219058326,0.25867554106350454,0.3849327272079235,0.3855662781162757,0.8384986517935751,0.8367144411457406,0.8471978902816772
0.5,0.0,9,True,148646,5,"[[0, 46, 22, 43, 8, 7, 36, 34, 33, 5, 40, 0], [0, 27, 35, 10, 37, 50, 38, 31, 9, 47, 21, 0], [0, 42, 14, 3, 15, 16, 20, 44, 17, 13, 12, 0], [0, 1, 41, 24, 6, 19, 29, 4, 32, 18, 48, 0], [0, 11, 39, 45, 25, 2, 28, 26, 23, 30, 49, 0]]",4.012159559242718,0.12390186865296629,2.083412882508128,0.21223394314034116,0.38611176526459956,0.42910672653936743,0.8456405683168837,0.8495264898596455,0.8471978902816772
1.0,0.0,0,True,156752,5,"[[0, 1, 41, 24, 6, 19, 29, 4, 32, 39, 45, 0], [0, 15, 3, 38, 50, 5, 33, 34, 18, 35, 27, 0], [0, 30, 23, 26, 28, 2, 25, 11, 16, 42, 14, 0], [0, 46, 22, 43, 8, 7, 36, 31, 9, 47, 21, 0], [0, 49, 12, 40, 10, 37, 13, 17, 44, 20, 48, 0]]",2.4633419477613643,0.05533538191743633,0.8666586999461288,0.09025531727820635,0.23206514852275073,0.04530168743540814,0.7930860367906232,0.760669989281326,0.4517576992511749
1.0,0.0,1,True,156455,5,"[[0, 1, 11, 45, 39, 32, 4, 29, 47, 21, 27, 0], [0, 49, 12, 13, 17, 19, 6, 24, 41, 42, 48, 0], [0, 20, 44, 38, 50, 5, 43, 8, 7, 22, 46, 0], [0, 37, 10, 35, 18, 34, 33, 36, 31, 9, 40, 0], [0, 14, 3, 15, 16, 25, 2, 28, 26, 23, 30, 0]]",2.190540962430532,0.04346984657584815,0.7378925298180548,0.06719953587485684,0.25330268353368757,0.039124358599711466,0.7838515086264752,0.7363778152054001,0.4517576992511749
1.0,0.0,2,True,157358,5,"[[0, 42, 14, 3, 38, 50, 5, 33, 34, 18, 35, 0], [0, 40, 9, 31, 36, 7, 8, 43, 22, 46, 45, 0], [0, 49, 12, 30, 23, 26, 28, 2, 25, 39, 11, 0], [0, 15, 16, 20, 44, 17, 13, 37, 10, 27, 48, 0], [0, 21, 47, 29, 4, 32, 19, 6, 24, 41, 1, 0]]",2.45283970113087,0.056491457941857254,1.1150833639476332,0.13389893301895686,0.3161110634469937,0.10327774594939425,0.7996931279296384,0.7656538381509058,0.45256683230400085
1.0,0.0,3,True,156753,5,"[[0, 27, 35, 18, 34, 33, 5, 50, 38, 3, 15, 0], [0, 30, 23, 26, 28, 2, 25, 11, 16, 42, 14, 0], [0, 48, 12, 49, 40, 10, 37, 13, 17, 44, 20, 0], [0, 46, 22, 43, 8, 7, 36, 31, 9, 47, 21, 0], [0, 45, 39, 32, 4, 29, 19, 6, 24, 41, 1, 0]]",2.4620013918029144,0.05533538191743633,0.8666586999461288,0.09025531727820635,0.23262710640342732,0.04542349124188909,0.7943873551976532,0.7610841729166155,0.4517576992511749
1.0,0.0,4,True,156392,5,"[[0, 20, 44, 38, 50, 5, 43, 8, 7, 22, 46, 0], [0, 48, 27, 21, 47, 29, 4, 32, 39, 45, 11, 0], [0, 13, 17, 19, 6, 24, 41, 42, 14, 3, 15, 0], [0, 40, 9, 31, 36, 33, 34, 18, 35, 10, 37, 0], [0, 1, 16, 25, 2, 28, 26, 23, 30, 12, 49, 0]]",2.181065732918796,0.04346984657584815,0.7423142014959012,0.07454927440267056,0.25224305938992053,0.038830101262007616,0.7809794709483437,0.7359926658869715,0.4517576992511749
1.0,0.0,5,True,157114,5,"[[0, 48, 27, 21, 47, 9, 31, 38, 50, 36, 14, 0], [0, 35, 18, 34, 33, 5, 43, 8, 7, 22, 46, 0], [0, 42, 41, 24, 6, 19, 29, 4, 32, 39, 45, 0], [0, 40, 10, 37, 13, 17, 44, 20, 16, 3, 15, 0], [0, 49, 12, 30, 23, 26, 28, 2, 25, 11, 1, 0]]",2.3050715647113975,0.045736482241065114,0.9345118969285977,0.132834039007624,0.3262618768043517,0.07724871394014153,0.7675997341835099,0.7257751162790176,0.4517576992511749
1.0,0.0,6,True,156752,5,"[[0, 15, 3, 38, 50, 5, 33, 34, 18, 35, 27, 0], [0, 49, 12, 40, 10, 37, 13, 17, 44, 20, 48, 0], [0, 14, 42, 16, 11, 25, 2, 28, 26, 23, 30, 0], [0, 21, 47, 9, 31, 36, 7, 8, 43, 22, 46, 0], [0, 45, 39, 32, 4, 29, 19, 6, 24, 41, 1, 0]]",2.4633419477613643,0.05533538191743633,0.8666586999461288,0.09025531727820635,0.23206514852275073,0.04530168743540814,0.7930860367906232,0.760669989281326,0.4517576992511749
1.0,0.0,7,True,156752,5,"[[0, 27, 35, 18, 34, 33, 5, 50, 38, 3, 15, 0], [0, 1, 41, 24, 6, 19, 29, 4, 32, 39, 45, 0], [0, 46, 22, 43, 8, 7, 36, 31, 9, 47, 21, 0], [0, 48, 20, 44, 17, 13, 37, 10, 40, 12, 49, 0], [0, 14, 42, 16, 11, 25, 2, 28, 26, 23, 30, 0]]",2.4620013918029144,0.05533538191743633,0.8666586999461288,0.09025531727820635,0.23262710640342732,0.045423491241889095,0.7943873551976532,0.7610841729166155,0.4517576992511749
1.0,0.0,8,True,157102,5,"[[0, 37, 10, 13, 17, 44, 20, 16, 3, 14, 42, 0], [0, 15, 45, 11, 25, 2, 28, 26, 23, 30, 12, 0], [0, 1, 41, 24, 6, 19, 29, 4, 32, 39, 48, 0], [0, 35, 18, 34, 33, 36, 7, 8, 43, 22, 46, 0], [0, 27, 21, 47, 9, 31, 38, 50, 5, 40, 49, 0]]",2.6357853723529843,0.0566441572478248,0.8796397370606428,0.09066913113929331,0.23145739729233616,0.049464358028807706,0.7952829193997337,0.7702728838674845,0.4517576992511749
1.0,0.0,9,True,156752,5,"[[0, 11, 39, 32, 4, 29, 19, 6, 24, 41, 1, 0], [0, 15, 3, 38, 50, 5, 33, 34, 18, 35, 27, 0], [0, 30, 23, 26, 28, 2, 25, 45, 16, 42, 14, 0], [0, 21, 47, 9, 31, 36, 7, 8, 43, 22, 46, 0], [0, 49, 12, 40, 10, 37, 13, 17, 44, 20, 48, 0]]",2.4633419477613643,0.05533538191743633,0.8648073007498169,0.09025531727820635,0.23146388430996234,0.04496220750257461,0.7930860367906232,0.760669989281326,0.4517576992511749
1.5,0.0,0,True,163799,5,"[[0, 12, 49, 40, 10, 37, 13, 17, 44, 20, 48, 0], [0, 15, 3, 38, 50, 5, 33, 34, 18, 35, 27, 0], [0, 30, 23, 26, 28, 2, 25, 11, 45, 16, 1, 0], [0, 46, 22, 43, 8, 7, 36, 31, 9, 47, 21, 0], [0, 39, 32, 4, 29, 19, 6, 24, 41, 42, 14, 0]]",2.4633419477613643,0.05533538191743633,0.9652061539891292,0.10153253376483917,0.27061399626405835,0.06732936178390883,0.7923884731680373,0.7603031346625418,0.4517576992511749
1.5,0.0,1,True,163090,5,"[[0, 46, 22, 7, 8, 43, 50, 38, 31, 9, 40, 0], [0, 12, 30, 23, 26, 28, 2, 25, 11, 16, 42, 0], [0, 15, 3, 14, 13, 17, 44, 29, 47, 21, 27, 0], [0, 20, 36, 5, 33, 34, 18, 35, 10, 37, 49, 0], [0, 1, 41, 24, 6, 19, 4, 32, 39, 45, 48, 0]]",2.372439993167063,0.04856394761655894,0.8500195847445866,0.09509178586304187,0.273223739265801,0.05560566876798987,0.7798879251290711,0.736432883966821,0.4517576992511749
1.5,0.0,2,True,163676,5,"[[0, 39, 32, 4, 41, 24, 19, 6, 29, 47, 21, 0], [0, 1, 45, 46, 22, 7, 8, 43, 9, 31, 36, 0], [0, 48, 20, 44, 17, 13, 37, 10, 40, 49, 12, 0], [0, 42, 16, 15, 11, 25, 2, 28, 26, 23, 30, 0], [0, 14, 3, 38, 50, 5, 33, 34, 18, 35, 27, 0]]",1.7634102265074034,0.032834449516875405,0.41848355851107044,0.04296766438831886,0.06871069797799745,0.001850253131817648,0.7233737894292624,0.6540785848385039,0.22628341615200043
1.5,0.0,3,True,163174,5,"[[0, 1, 45, 39, 32, 4, 41, 24, 19, 6, 40, 0], [0, 37, 10, 35, 18, 34, 33, 50, 38, 3, 14, 0], [0, 30, 23, 26, 28, 2, 25, 11, 15, 16, 42, 0], [0, 46, 22, 7, 8, 43, 9, 31, 36, 5, 20, 0], [0, 27, 21, 47, 29, 44, 17, 13, 49, 12, 48, 0]]",1.630381104449043,0.029359964106012795,0.4232945372496033,0.04296766438831886,0.15643003241542264,0.009206431982440885,0.7121834960975593,0.6344857559886214,0.22628341615200043
1.5,0.0,4,True,163298,5,"[[0, 48, 37, 10, 35, 18, 34, 33, 5, 36, 20, 0], [0, 1, 45, 39, 32, 4, 41, 24, 19, 6, 49, 0], [0, 12, 30, 23, 26, 28, 2, 25, 11, 16, 42, 0], [0, 27, 21, 47, 29, 44, 17, 13, 14, 3, 15, 0], [0, 40, 9, 31, 38, 50, 43, 8, 7, 22, 46, 0]]",1.500326826266246,0.024214729951280687,0.4150028605799889,0.0395611726811954,0.21468806249475048,0.016014133224695477,0.6788419762162876,0.5924186677206578,0.22628341615200043
1.5,0.0,5,True,163209,5,"[[0, 20, 5, 36, 33, 34, 18, 35, 10, 37, 48, 0], [0, 14, 12, 49, 13, 17, 44, 29, 47, 21, 27, 0], [0, 46, 22, 7, 8, 43, 50, 38, 31, 9, 40, 0], [0, 1, 45, 39, 32, 4, 6, 19, 24, 41, 42, 0], [0, 30, 23, 26, 28, 2, 25, 11, 16, 3, 15, 0]]",2.386051478184527,0.04856394761655894,0.9344616397356731,0.10135030257515609,0.3138136679236678,0.07360801179582727,0.7752870100196858,0.7286532630629141,0.4517576992511749
1.5,0.0,6,True,163467,5,"[[0, 1, 16, 45, 11, 25, 2, 28, 26, 23, 30, 0], [0, 39, 32, 4, 41, 24, 6, 19, 29, 47, 21, 0], [0, 12, 40, 9, 31, 36, 7, 8, 43, 22, 46, 0], [0, 27, 35, 18, 34, 33, 5, 50, 38, 3, 15, 0], [0, 42, 14, 49, 37, 10, 13, 17, 44, 20, 48, 0]]",1.814421393253724,0.0356426580589922,0.4545396103421808,0.05139515623450279,0.1080869328361087,0.004838781137344181,0.7314321736988636,0.6670323095363277,0.22628341615200043
1.5,0.0,7,True,162971,5,"[[0, 48, 15, 39, 32, 4, 6, 19, 24, 41, 1, 0], [0, 37, 10, 35, 18, 34, 33, 36, 31, 9, 40, 0], [0, 42, 14, 3, 16, 20, 44, 29, 47, 21, 27, 0], [0, 13, 17, 38, 50, 5, 43, 8, 7, 22, 46, 0], [0, 45, 11, 25, 2, 28, 26, 23, 30, 49, 12, 0]]",2.072155645219027,0.041392421509538375,0.8537515274510952,0.09066913113929331,0.36460003116198325,0.07859986787106157,0.7615245799566348,0.7113492240111613,0.4517576992511749
1.5,0.0,8,True,163799,5,"[[0, 14, 42, 41, 24, 19, 6, 29, 4, 32, 39, 0], [0, 30, 23, 26, 28, 2, 25, 11, 45, 16, 1, 0], [0, 27, 35, 18, 34, 33, 5, 50, 38, 3, 15, 0], [0, 21, 47, 9, 31, 36, 7, 8, 43, 22, 46, 0], [0, 12, 49, 40, 10, 37, 13, 17, 44, 20, 48, 0]]",2.4620013918029144,0.05533538191743633,0.9652061539891292,0.10153253376483917,0.2711969439328412,0.06745116559038977,0.79369131459774,0.7607171185460575,0.4517576992511749
1.5,0.0,9,True,163365,5,"[[0, 12, 49, 30, 23, 26, 28, 2, 25, 11, 45, 0], [0, 14, 42, 16, 39, 32, 4, 29, 47, 21, 27, 0], [0, 40, 9, 31, 36, 33, 34, 18, 35, 10, 37, 0], [0, 1, 41, 24, 19, 6, 13, 17, 44, 20, 48, 0], [0, 46, 22, 7, 8, 43, 5, 50, 38, 3, 15, 0]]",2.4798253062181175,0.051330331536765035,0.8274085703014862,0.08164194482378662,0.2747160819334824,0.059183707995890324,0.7944610490047979,0.754734685677436,0.4517576992511749
2.0,0.0,0,True,167756,5,"[[0, 40, 6, 19, 24, 41, 4, 32, 39, 45, 1, 0], [0, 20, 5, 36, 31, 9, 43, 8, 7, 22, 46, 0], [0, 14, 42, 16, 11, 25, 2, 28, 26, 23, 30, 0], [0, 15, 3, 38, 50, 33, 34, 18, 35, 10, 37, 0], [0, 48, 12, 49, 13, 17, 44, 29, 47, 21, 27, 0]]",1.6249585440964438,0.028770519926079683,0.4191279233345995,0.04296766438831886,0.1729463882915665,0.01180863916658429,0.7045469064443357,0.6322281992972139,0.22628341615200043
2.0,0.0,1,True,167756,5,"[[0, 1, 45, 39, 32, 4, 41, 24, 6, 19, 40, 0], [0, 30, 23, 26, 28, 2, 25, 11, 16, 42, 14, 0], [0, 46, 22, 7, 8, 43, 9, 31, 36, 5, 20, 0], [0, 37, 10, 35, 18, 34, 33, 50, 38, 3, 15, 0], [0, 48, 12, 49, 13, 17, 44, 29, 47, 21, 27, 0]]",1.6277846020529978,0.028770519926079683,0.4232945372496033,0.04296766438831886,0.17535271365988248,0.01207224668677041,0.7092810287980027,0.6317294569527289,0.22628341615200043
2.0,0.0,2,True,167756,5,"[[0, 27, 21, 47, 29, 44, 17, 13, 12, 49, 48, 0], [0, 40, 6, 19, 24, 41, 4, 32, 39, 45, 1, 0], [0, 30, 23, 26, 28, 2, 25, 11, 16, 42, 14, 0], [0, 20, 5, 36, 31, 9, 43, 8, 7, 22, 46, 0], [0, 15, 3, 38, 50, 33, 34, 18, 35, 10, 37, 0]]",1.6249585440964438,0.028770519926079683,0.4191279233345995,0.04296766438831886,0.1729463882915665,0.011808639166584292,0.7045469064443357,0.6322281992972139,0.22628341615200043
2.0,0.0,3,True,167756,5,"[[0, 1, 16, 11, 25, 2, 28, 26, 23, 30, 49, 0], [0, 46, 22, 7, 8, 43, 9, 31, 36, 5, 20, 0], [0, 48, 27, 21, 47, 29, 44, 17, 13, 14, 42, 0], [0, 15, 3, 38, 50, 33, 34, 18, 35, 10, 37, 0], [0, 12, 40, 6, 19, 24, 41, 4, 32, 39, 45, 0]]",1.6250886958441697,0.028770519926079683,0.49453733347763773,0.0395611726811954,0.2089127102817907,0.014803027080235393,0.6987763127427125,0.6260041254051396,0.22628341615200043
2.0,0.0,4,True,167756,5,"[[0, 39, 32, 4, 41, 24, 19, 6, 40, 12, 49, 0], [0, 37, 10, 35, 18, 34, 33, 50, 38, 3, 15, 0], [0, 1, 16, 45, 11, 25, 2, 28, 26, 23, 30, 0], [0, 46, 22, 7, 8, 43, 9, 31, 36, 5, 20, 0], [0, 27, 21, 47, 29, 44, 17, 13, 14, 42, 48, 0]]",1.6279147538007237,0.028770519926079683,0.49453733347763773,0.03958789924425738,0.2130328612621435,0.015484722806737853,0.7035551156987019,0.6255162279195094,0.22628341615200043
2.0,0.0,5,True,168113,5,"[[0, 48, 12, 19, 6, 24, 41, 4, 32, 39, 1, 0], [0, 27, 21, 47, 29, 44, 17, 13, 14, 3, 15, 0], [0, 20, 5, 33, 34, 18, 35, 10, 37, 40, 49, 0], [0, 42, 16, 45, 11, 25, 2, 28, 26, 23, 30, 0], [0, 36, 50, 38, 31, 9, 43, 8, 7, 22, 46, 0]]",1.6531004263160867,0.027674566425785824,0.4197582007473102,0.04296766438831886,0.1562885912688985,0.009915129094285456,0.699225128373262,0.6236726203890316,0.22628341615200043
2.0,0.0,6,True,167756,5,"[[0, 48, 49, 12, 13, 17, 44, 29, 47, 21, 27, 0], [0, 20, 5, 36, 31, 9, 43, 8, 7, 22, 46, 0], [0, 37, 10, 35, 18, 34, 33, 50, 38, 3, 15, 0], [0, 14, 42, 16, 45, 25, 2, 28, 26, 23, 30, 0], [0, 40, 6, 19, 24, 41, 4, 32, 39, 11, 1, 0]]",1.623617988137994,0.028770519926079683,0.41727652413828764,0.04296766438831886,0.17329359397890798,0.01190407374370063,0.7087736825574551,0.6378096101073811,0.22628341615200043
2.0,0.0,7,True,168400,5,"[[0, 49, 12, 40, 31, 9, 43, 8, 7, 22, 46, 0], [0, 27, 10, 37, 13, 17, 44, 20, 16, 42, 14, 0], [0, 39, 32, 4, 41, 24, 19, 6, 29, 47, 21, 0], [0, 48, 1, 45, 11, 25, 2, 28, 26, 23, 30, 0], [0, 35, 18, 34, 33, 5, 36, 50, 38, 3, 15, 0]]",1.7380815290962346,0.03512501346995123,0.5702980809510336,0.06134712429983275,0.23430064444464604,0.022332410069175967,0.7171638737477424,0.6546955229699799,0.22628341615200043
2.0,0.0,8,True,168310,5,"[[0, 48, 15, 16, 20, 44, 17, 13, 37, 10, 27, 0], [0, 12, 40, 9, 31, 36, 7, 8, 43, 22, 46, 0], [0, 35, 18, 34, 33, 5, 50, 38, 3, 14, 42, 0], [0, 1, 45, 11, 25, 2, 28, 26, 23, 30, 49, 0], [0, 21, 47, 29, 6, 19, 24, 41, 4, 32, 39, 0]]",1.7875283814355498,0.03826377408639077,0.45874725583416875,0.05139515623450279,0.12704435955659155,0.0066039993185277425,0.7391528597393897,0.6809093994582401,0.22628341615200043
2.0,0.0,9,True,168400,5,"[[0, 48, 12, 40, 9, 31, 43, 8, 7, 22, 46, 0], [0, 35, 18, 34, 33, 5, 36, 50, 38, 3, 15, 0], [0, 27, 10, 37, 13, 17, 44, 20, 16, 42, 14, 0], [0, 1, 11, 45, 25, 2, 28, 26, 23, 30, 49, 0], [0, 39, 32, 4, 41, 24, 19, 6, 29, 47, 21, 0]]",1.7380815290962346,0.03512501346995123,0.5702980809510336,0.06134712429983275,0.2346653288233913,0.02233620318704966,0.7171638737477424,0.6546955229699799,0.22628341615200043
3.0,0.0,0,True,176161,5,"[[0, 40, 6, 19, 24, 41, 4, 29, 44, 17, 13, 0], [0, 42, 16, 1, 11, 45, 39, 32, 47, 21, 27, 0], [0, 46, 22, 7, 8, 43, 9, 31, 36, 5, 20, 0], [0, 48, 25, 2, 28, 26, 23, 30, 12, 49, 14, 0], [0, 15, 3, 38, 50, 33, 34, 18, 35, 10, 37, 0]]",1.4265727462479845,0.022961317095905542,0.39571190992137417,0.036840105429291725,0.17242686168687404,0.008161562625406207,0.6496529600135086,0.5566423824017068,0.1595465987920761
3.0,0.0,1,True,175932,5,"[[0, 48, 1, 25, 2, 28, 26, 23, 30, 12, 49, 0], [0, 40, 6, 19, 24, 41, 4, 29, 44, 17, 13, 0], [0, 14, 42, 16, 45, 11, 39, 32, 47, 21, 27, 0], [0, 37, 10, 35, 18, 34, 33, 50, 38, 3, 15, 0], [0, 46, 22, 7, 8, 43, 9, 31, 36, 5, 20, 0]]",1.4121432089305017,0.022961317095905542,0.39585447145509534,0.036840105429291725,0.1712810265351099,0.007908305363372777,0.6624260260557138,0.5706299170014136,0.1595465987920761
3.0,0.0,2,True,175932,5,"[[0, 1, 25, 2, 28, 26, 23, 30, 12, 49, 48, 0], [0, 13, 17, 44, 29, 4, 41, 24, 19, 6, 40, 0], [0, 14, 42, 16, 11, 45, 39, 32, 47, 21, 27, 0], [0, 37, 10, 35, 18, 34, 33, 50, 38, 3, 15, 0], [0, 46, 22, 7, 8, 43, 9, 31, 36, 5, 20, 0]]",1.4163098228455056,0.022961317095905542,0.39585447145509534,0.036840105429291725,0.16960038615816408,0.00788431258990275,0.6633855400792108,0.5705793296884031,0.1595465987920761
3.0,0.0,3,True,175932,5,"[[0, 37, 10, 35, 18, 34, 33, 50, 38, 3, 15, 0], [0, 46, 22, 7, 8, 43, 9, 31, 36, 5, 20, 0], [0, 48, 14, 42, 16, 45, 39, 32, 47, 21, 27, 0], [0, 40, 6, 19, 24, 41, 4, 29, 44, 17, 13, 0], [0, 12, 49, 30, 23, 26, 28, 2, 25, 11, 1, 0]]",1.4121432089305017,0.022961317095905542,0.4106869077659212,0.036908323876559734,0.17548242373534406,0.008317519699865725,0.6624260260557138,0.5706299170014136,0.1595465987920761
3.0,0.0,4,True,176234,5,"[[0, 12, 19, 6, 24, 41, 4, 29, 44, 17, 13, 0], [0, 42, 14, 3, 15, 16, 39, 32, 47, 21, 27, 0], [0, 36, 50, 38, 31, 9, 43, 8, 7, 22, 46, 0], [0, 40, 37, 10, 35, 18, 34, 33, 5, 20, 48, 0], [0, 1, 45, 11, 25, 2, 28, 26, 23, 30, 49, 0]]",1.427016666457348,0.022157653933390975,0.4068474111845717,0.04103416217757123,0.16153197509016182,0.00709487660200947,0.6624534016101804,0.5683894399056909,0.1595465987920761
3.0,0.0,5,True,175932,5,"[[0, 1, 11, 25, 2, 28, 26, 23, 30, 49, 12, 0], [0, 48, 14, 42, 16, 45, 39, 32, 47, 21, 27, 0], [0, 40, 6, 19, 24, 41, 4, 29, 44, 17, 13, 0], [0, 37, 10, 35, 18, 34, 33, 50, 38, 3, 15, 0], [0, 20, 5, 36, 31, 9, 43, 8, 7, 22, 46, 0]]",1.4121432089305017,0.022961317095905542,0.4106869077659212,0.036908323876559734,0.17548242373534406,0.008317519699865725,0.6624260260557138,0.5706299170014136,0.1595465987920761
3.0,0.0,6,True,175932,5,"[[0, 14, 42, 16, 45, 11, 39, 32, 47, 21, 27, 0], [0, 15, 3, 38, 50, 33, 34, 18, 35, 10, 37, 0], [0, 40, 6, 19, 24, 41, 4, 29, 44, 17, 13, 0], [0, 46, 22, 7, 8, 43, 9, 31, 36, 5, 20, 0], [0, 48, 49, 12, 30, 23, 26, 28, 2, 25, 1, 0]]",1.4134837648889516,0.022961317095905542,0.39585447145509534,0.036840105429291725,0.17035985814266397,0.007827493603506545,0.657452288814883,0.564095041027328,0.1595465987920761
3.0,0.0,7,True,175932,5,"[[0, 40, 6, 19, 24, 41, 4, 29, 44, 17, 13, 0], [0, 27, 21, 47, 32, 39, 45, 11, 16, 42, 14, 0], [0, 46, 22, 7, 8, 43, 9, 31, 36, 5, 20, 0], [0, 48, 12, 49, 30, 23, 26, 28, 2, 25, 1, 0], [0, 37, 10, 35, 18, 34, 33, 50, 38, 3, 15, 0]]",1.4121432089305017,0.022961317095905542,0.39585447145509534,0.036840105429291725,0.1712810265351099,0.007908305363372775,0.6624260260557138,0.5706299170014136,0.1595465987920761
3.0,0.0,8,True,175932,5,"[[0, 20, 5, 36, 31, 9, 43, 8, 7, 22, 46, 0], [0, 40, 6, 19, 24, 41, 4, 29, 44, 17, 13, 0], [0, 48, 12, 49, 30, 23, 26, 28, 2, 25, 1, 0], [0, 27, 21, 47, 32, 39, 11, 45, 16, 42, 14, 0], [0, 37, 10, 35, 18, 34, 33, 50, 38, 3, 15, 0]]",1.4121432089305017,0.022961317095905542,0.39585447145509534,0.036840105429291725,0.1712810265351099,0.007908305363372775,0.6624260260557138,0.5706299170014136,0.1595465987920761
3.0,0.0,9,True,175932,5,"[[0, 40, 6, 19, 24, 41, 4, 29, 44, 17, 13, 0], [0, 14, 42, 16, 11, 45, 39, 32, 47, 21, 27, 0], [0, 1, 25, 2, 28, 26, 23, 30, 49, 12, 48, 0], [0, 20, 5, 36, 31, 9, 43, 8, 7, 22, 46, 0], [0, 15, 3, 38, 50, 33, 34, 18, 35, 10, 37, 0]]",1.4134837648889516,0.022961317095905542,0.39585447145509534,0.036840105429291725,0.17035985814266397,0.007827493603506546,0.657452288814883,0.564095041027328,0.1595465987920761
