beta,lambda_concentration,seed,is_feasible,pyvrp_cost,num_routes,routes,global_risk,global_cvar90,max_vehicle_risk,max_vehicle_cvar90,vehicle_risk_gini,risk_variance,edge_burden_gini_used,top10_burden_share,max_edge_burden
0.0,0.0,0,True,145999,5,"[[0, 44, 14, 3, 15, 41, 11, 1, 37, 38, 50, 0], [0, 42, 7, 8, 34, 17, 9, 47, 43, 26, 33, 0], [0, 45, 12, 13, 24, 32, 46, 23, 10, 18, 19, 0], [0, 40, 25, 20, 35, 4, 16, 28, 30, 21, 29, 0], [0, 36, 31, 6, 22, 2, 48, 5, 39, 49, 27, 0]]",8.8769997604104,0.1409470384041297,3.460893983603455,0.5239199449618658,0.2529902894061966,0.8075952654898799,0.8691642631256671,0.8859894611514632,0.9999998807907104
0.0,0.0,1,True,145999,5,"[[0, 6, 22, 5, 2, 48, 43, 9, 47, 31, 36, 0], [0, 12, 45, 13, 24, 32, 46, 23, 10, 18, 19, 0], [0, 27, 49, 39, 17, 34, 8, 7, 30, 21, 29, 0], [0, 33, 26, 28, 16, 4, 35, 20, 25, 40, 44, 0], [0, 14, 3, 15, 42, 41, 11, 1, 37, 38, 50, 0]]",9.9977868708811,0.15509991974880297,3.7934837071661605,0.6989753052592278,0.2597146946063844,1.0468899024027871,0.8826485035220373,0.8997986562463605,1.999999761581421
0.0,0.0,2,True,146664,5,"[[0, 27, 49, 39, 17, 34, 8, 7, 16, 12, 45, 0], [0, 35, 4, 6, 22, 5, 43, 47, 9, 31, 36, 0], [0, 33, 26, 28, 30, 48, 2, 20, 25, 40, 19, 0], [0, 14, 3, 15, 42, 41, 11, 1, 37, 38, 50, 0], [0, 29, 21, 18, 10, 23, 46, 32, 24, 13, 44, 0]]",7.644797982349701,0.13074848263190603,2.2168805077890283,0.37315062880516053,0.1980621372157929,0.31411717048639803,0.867910873639826,0.8750616563445708,0.9999998807907104
0.0,0.0,3,True,146664,5,"[[0, 44, 50, 38, 37, 1, 41, 11, 15, 3, 14, 0], [0, 19, 18, 21, 29, 10, 23, 46, 32, 24, 13, 0], [0, 45, 12, 42, 7, 8, 34, 17, 39, 49, 27, 0], [0, 16, 35, 4, 6, 22, 5, 30, 28, 26, 33, 0], [0, 40, 25, 20, 2, 48, 43, 47, 9, 31, 36, 0]]",9.332987799381954,0.13927456760598766,3.3015401733864564,0.5110448772708575,0.19809222347240318,0.5645342105604636,0.8684455143382555,0.8866424533593585,0.9999998807907104
0.0,0.0,4,True,147330,5,"[[0, 36, 31, 9, 47, 43, 48, 2, 20, 25, 40, 0], [0, 45, 12, 13, 24, 32, 46, 23, 10, 29, 44, 0], [0, 14, 3, 15, 42, 11, 41, 1, 37, 38, 50, 0], [0, 21, 35, 4, 6, 22, 5, 30, 28, 26, 33, 0], [0, 27, 49, 39, 17, 34, 8, 7, 16, 18, 19, 0]]",8.243862419869401,0.1321664155836691,2.556429555916111,0.4763603016734123,0.192799570208956,0.33512509532902385,0.8689395585154862,0.8810779855807316,0.9999998807907104
0.0,0.0,5,True,147330,5,"[[0, 27, 49, 39, 48, 2, 43, 9, 47, 31, 36, 0], [0, 14, 3, 15, 42, 11, 41, 1, 37, 38, 50, 0], [0, 33, 26, 28, 30, 8, 17, 34, 7, 16, 45, 0], [0, 12, 35, 4, 6, 22, 5, 20, 25, 40, 44, 0], [0, 29, 21, 13, 24, 32, 46, 23, 10, 18, 19, 0]]",8.9466827005308,0.28327983039032134,3.085457864275668,0.4263629615306854,0.21813586261986528,0.5364661180695304,0.8635710740201563,0.8785320410143636,0.9999998807907104
0.0,0.0,6,True,147330,5,"[[0, 50, 38, 37, 1, 41, 11, 15, 3, 14, 45, 0], [0, 36, 31, 9, 47, 43, 2, 48, 39, 49, 27, 0], [0, 40, 25, 20, 5, 22, 6, 4, 35, 16, 12, 0], [0, 13, 24, 32, 46, 23, 10, 29, 21, 18, 19, 0], [0, 42, 7, 34, 17, 8, 30, 28, 26, 33, 44, 0]]",9.57261127147649,0.14088260819987644,2.800578940426931,0.42742639904220897,0.18765892367495307,0.4652728748971355,0.869271874632221,0.8895800825018249,0.9999998807907104
0.0,0.0,7,True,146664,5,"[[0, 19, 18, 10, 23, 46, 32, 24, 13, 21, 29, 0], [0, 33, 26, 28, 30, 5, 22, 6, 4, 35, 44, 0], [0, 12, 45, 16, 7, 8, 34, 17, 39, 49, 27, 0], [0, 40, 25, 20, 2, 48, 43, 47, 9, 31, 36, 0], [0, 14, 3, 15, 42, 11, 41, 1, 37, 38, 50, 0]]",8.531551072308503,0.13712566329591108,2.2168805077890283,0.2567706793546677,0.10384826970793726,0.10397651966489874,0.8636296322473842,0.8798122113056802,0.9999998807907104
0.0,0.0,8,True,147330,5,"[[0, 14, 3, 15, 42, 11, 41, 1, 37, 38, 50, 0], [0, 12, 45, 13, 46, 23, 10, 29, 21, 18, 19, 0], [0, 32, 24, 6, 22, 5, 48, 2, 20, 25, 40, 0], [0, 36, 31, 47, 9, 43, 30, 28, 26, 33, 44, 0], [0, 27, 49, 39, 17, 34, 8, 7, 16, 4, 35, 0]]",9.738738564185041,0.31157776101359297,2.95063867817953,0.3097421063317193,0.16620563672748756,0.3495481242113593,0.8740158438545884,0.890461059669077,0.9999998807907104
0.0,0.0,9,True,145999,5,"[[0, 14, 3, 15, 42, 41, 11, 1, 37, 38, 50, 0], [0, 27, 49, 39, 17, 34, 8, 7, 30, 21, 29, 0], [0, 12, 45, 13, 24, 32, 46, 23, 10, 18, 19, 0], [0, 44, 40, 25, 20, 35, 4, 16, 28, 26, 33, 0], [0, 6, 22, 5, 48, 2, 43, 47, 9, 31, 36, 0]]",9.994257991042105,0.15509991974880297,3.7934837071661605,0.6989753052592278,0.2596651611656473,1.0461834256629148,0.8826571056758343,0.9001163668097688,1.999999761581421
1.0,0.0,0,True,175366,5,"[[0, 50, 27, 49, 37, 24, 32, 46, 31, 36, 44, 0], [0, 33, 26, 30, 28, 43, 9, 47, 2, 48, 1, 0], [0, 11, 41, 42, 39, 17, 34, 8, 7, 16, 19, 0], [0, 29, 21, 18, 10, 23, 13, 12, 45, 14, 38, 0], [0, 15, 3, 40, 25, 20, 5, 22, 6, 4, 35, 0]]",3.8753184307861375,0.06337020956740087,1.2347165132232476,0.10073631324551323,0.23952057681575356,0.11812781215098574,0.7993874648999779,0.7644856622216755,0.8502613306045532
1.0,0.0,1,True,174294,5,"[[0, 29, 43, 9, 47, 34, 17, 39, 8, 23, 13, 0], [0, 35, 4, 6, 22, 46, 32, 24, 37, 49, 27, 0], [0, 44, 19, 10, 18, 21, 12, 45, 14, 38, 50, 0], [0, 1, 41, 11, 42, 7, 16, 28, 30, 26, 33, 0], [0, 15, 3, 2, 48, 5, 20, 25, 40, 31, 36, 0]]",3.6570343385028536,0.05835673905909061,1.5319594145694282,0.11340847983956337,0.27826123971443106,0.17646511092408723,0.7913874196815833,0.7568357679276568,0.8502613306045532
1.0,0.0,2,True,174778,5,"[[0, 50, 38, 14, 3, 15, 41, 42, 11, 1, 44, 0], [0, 45, 40, 25, 20, 46, 32, 24, 37, 49, 27, 0], [0, 2, 48, 5, 39, 17, 34, 22, 6, 4, 35, 0], [0, 19, 10, 18, 21, 29, 43, 9, 47, 31, 36, 0], [0, 33, 26, 30, 28, 16, 7, 8, 23, 13, 12, 0]]",3.6861381598500884,0.05835673905909061,1.4394941886130255,0.09993101083315335,0.2747344509943084,0.1489060778453872,0.7868355013063548,0.7476579682993117,0.8502613306045532
1.0,0.0,3,True,174815,5,"[[0, 41, 42, 7, 16, 8, 39, 17, 34, 3, 15, 0], [0, 27, 49, 37, 24, 32, 46, 22, 6, 4, 35, 0], [0, 36, 31, 40, 25, 20, 5, 2, 48, 11, 1, 0], [0, 21, 18, 10, 23, 13, 12, 45, 14, 38, 50, 0], [0, 44, 33, 26, 30, 28, 9, 47, 43, 29, 19, 0]]",3.5553830589342397,0.05803308542817831,1.5319594145694282,0.11340847983956337,0.32974117167871886,0.2030188509372588,0.7804461214808562,0.7426890242669926,0.8502613306045532
1.0,0.0,4,True,174815,5,"[[0, 27, 49, 37, 24, 32, 46, 2, 48, 11, 1, 0], [0, 21, 18, 10, 23, 13, 12, 45, 14, 38, 50, 0], [0, 15, 3, 34, 17, 39, 8, 16, 7, 42, 41, 0], [0, 36, 31, 40, 25, 20, 5, 22, 6, 4, 35, 0], [0, 19, 29, 43, 47, 9, 28, 30, 26, 33, 44, 0]]",3.4321022578224074,0.05653229133879885,1.5394209446385503,0.09960162479962621,0.3716691226374611,0.22813917542572595,0.7762532405731837,0.7369956205121998,0.8502613306045532
1.0,0.0,5,True,174815,5,"[[0, 27, 49, 37, 24, 32, 46, 2, 48, 11, 1, 0], [0, 50, 38, 14, 13, 23, 10, 18, 21, 45, 12, 0], [0, 35, 4, 6, 22, 5, 20, 25, 40, 31, 36, 0], [0, 33, 26, 30, 28, 9, 47, 43, 29, 19, 44, 0], [0, 41, 42, 7, 16, 8, 39, 17, 34, 3, 15, 0]]",3.5523409945017193,0.05803308542817831,1.5394209446385503,0.09960162479962621,0.3315621969969633,0.20572150512103757,0.7809144414667264,0.7433250296135069,0.8502613306045532
1.0,0.0,6,True,174815,5,"[[0, 15, 3, 34, 17, 39, 8, 16, 7, 42, 41, 0], [0, 33, 26, 30, 28, 47, 9, 43, 29, 19, 44, 0], [0, 1, 11, 48, 2, 46, 32, 24, 37, 49, 27, 0], [0, 50, 38, 14, 13, 23, 10, 18, 21, 12, 45, 0], [0, 35, 4, 6, 22, 5, 20, 25, 40, 31, 36, 0]]",3.429060193389887,0.05653229133879885,1.5394209446385503,0.09960162479962621,0.3719254418156863,0.228125103762202,0.7767514631368444,0.7376494405204937,0.8502613306045532
1.0,0.0,7,True,174815,5,"[[0, 36, 31, 40, 25, 20, 5, 2, 48, 11, 41, 0], [0, 44, 19, 29, 43, 47, 9, 28, 30, 26, 33, 0], [0, 35, 4, 6, 22, 46, 32, 24, 37, 49, 27, 0], [0, 12, 45, 21, 18, 10, 23, 13, 14, 38, 50, 0], [0, 15, 3, 34, 17, 39, 8, 16, 7, 42, 1, 0]]",3.4321022578224074,0.05653229133879885,1.5319594145694282,0.11340847983956337,0.36012795088348537,0.2184719201883698,0.7762532405731837,0.7369956205121998,0.8502613306045532
1.0,0.0,8,True,174778,5,"[[0, 45, 40, 25, 20, 46, 32, 24, 37, 49, 27, 0], [0, 19, 10, 18, 21, 29, 43, 9, 47, 31, 36, 0], [0, 1, 11, 42, 41, 15, 3, 14, 38, 50, 44, 0], [0, 33, 26, 30, 28, 16, 7, 8, 23, 13, 12, 0], [0, 35, 4, 6, 22, 34, 17, 39, 5, 2, 48, 0]]",4.100171635647712,0.06541279579202335,1.4394941886130255,0.09993101083315335,0.28738370943061553,0.18223840297210242,0.8018655206477021,0.7697367012581576,0.8502613306045532
1.0,0.0,9,True,174815,5,"[[0, 41, 11, 48, 2, 46, 32, 24, 37, 49, 27, 0], [0, 15, 3, 34, 17, 39, 8, 16, 7, 42, 1, 0], [0, 13, 23, 10, 18, 21, 12, 45, 14, 38, 50, 0], [0, 33, 26, 30, 28, 47, 9, 43, 29, 19, 44, 0], [0, 35, 4, 6, 22, 5, 20, 25, 40, 31, 36, 0]]",3.429060193389887,0.05653229133879885,1.4973693726642523,0.13544227480888366,0.3523041720320368,0.20600277819541762,0.7767514631368444,0.7376494405204937,0.8502613306045532
2.0,0.0,0,True,190581,5,"[[0, 15, 3, 34, 17, 39, 8, 7, 16, 19, 44, 0], [0, 27, 49, 37, 24, 32, 46, 5, 42, 11, 45, 0], [0, 33, 26, 30, 28, 9, 47, 2, 48, 41, 1, 0], [0, 50, 38, 14, 12, 13, 23, 10, 18, 21, 29, 0], [0, 35, 43, 4, 6, 22, 20, 25, 40, 31, 36, 0]]",2.9072177414927864,0.044475800357759,1.2371616517484654,0.10073631324551323,0.32003039419162604,0.12696915330540187,0.7560897511609295,0.6979387590587405,0.8502613306045532
2.0,0.0,1,True,190581,5,"[[0, 44, 19, 16, 7, 8, 39, 17, 34, 3, 15, 0], [0, 29, 21, 18, 10, 23, 13, 12, 14, 38, 50, 0], [0, 45, 11, 2, 48, 47, 9, 28, 30, 26, 33, 0], [0, 36, 31, 40, 25, 20, 22, 6, 4, 43, 35, 0], [0, 1, 41, 42, 5, 46, 32, 24, 37, 49, 27, 0]]",2.908303432588582,0.044475800357759,1.2746194211649708,0.10073631324551323,0.3254183844213021,0.13672925338391728,0.7554645103276383,0.6976782133785238,0.8502613306045532
2.0,0.0,2,True,191039,5,"[[0, 44, 11, 15, 3, 34, 17, 39, 8, 23, 13, 0], [0, 1, 41, 48, 2, 47, 9, 28, 30, 26, 33, 0], [0, 19, 29, 10, 18, 21, 12, 45, 14, 38, 50, 0], [0, 35, 43, 4, 6, 22, 20, 25, 40, 31, 36, 0], [0, 42, 7, 16, 5, 46, 32, 24, 37, 49, 27, 0]]",2.8848256850178586,0.044475800357759,1.2005886296974495,0.15258563522781646,0.3076855067865465,0.11504074828725161,0.762109892458924,0.7052613068001087,0.8502613306045532
2.0,0.0,3,True,190813,5,"[[0, 41, 35, 4, 43, 47, 9, 28, 30, 26, 33, 0], [0, 36, 31, 40, 25, 20, 21, 18, 10, 29, 44, 0], [0, 45, 6, 22, 5, 46, 32, 24, 37, 49, 27, 0], [0, 19, 16, 7, 42, 11, 15, 3, 14, 38, 50, 0], [0, 1, 2, 48, 34, 17, 39, 8, 23, 13, 12, 0]]",3.2740788524242816,0.05588484803835551,1.2575152112112846,0.08677688040412389,0.32410229210258135,0.14855164384849467,0.7877778115635496,0.7458798305373234,0.8502613306045532
2.0,0.0,4,True,190142,5,"[[0, 12, 45, 13, 23, 8, 39, 17, 34, 3, 15, 0], [0, 33, 26, 30, 28, 9, 47, 48, 2, 11, 41, 0], [0, 50, 38, 14, 40, 25, 20, 21, 18, 10, 19, 0], [0, 29, 43, 35, 4, 6, 22, 5, 16, 7, 42, 0], [0, 44, 36, 31, 46, 32, 24, 37, 27, 49, 1, 0]]",3.0690993786993204,0.04992480357380017,1.2766650802805088,0.08677688040412389,0.30154250087562295,0.12793741160224048,0.7723634789998683,0.7220828348117698,0.8502613306045532
2.0,0.0,5,True,191803,5,"[[0, 27, 49, 37, 24, 32, 46, 5, 16, 7, 42, 0], [0, 1, 11, 41, 35, 43, 4, 18, 10, 29, 19, 0], [0, 15, 3, 34, 17, 39, 8, 23, 13, 45, 44, 0], [0, 33, 26, 30, 28, 9, 47, 2, 48, 22, 6, 0], [0, 36, 31, 40, 25, 20, 21, 12, 14, 38, 50, 0]]",2.8980647669377504,0.044475800357759,1.2005886296974495,0.15258563522781646,0.30948879293656395,0.11682191491429841,0.7579397375263777,0.7011884823665631,0.8502613306045532
2.0,0.0,6,True,190961,5,"[[0, 36, 31, 40, 25, 20, 5, 22, 6, 4, 35, 0], [0, 27, 49, 37, 24, 32, 46, 2, 48, 11, 41, 0], [0, 33, 26, 30, 28, 47, 9, 43, 29, 19, 44, 0], [0, 45, 13, 23, 10, 18, 21, 12, 14, 38, 50, 0], [0, 1, 42, 7, 16, 8, 39, 17, 34, 3, 15, 0]]",3.556012327753706,0.05803308542817831,1.4973693726642523,0.13544227480888366,0.31702929977252126,0.18555403067395396,0.7796181182640518,0.742557598669313,0.8502613306045532
2.0,0.0,7,True,190889,5,"[[0, 15, 3, 34, 17, 39, 8, 16, 7, 42, 1, 0], [0, 44, 6, 22, 5, 46, 32, 24, 37, 49, 27, 0], [0, 19, 29, 43, 4, 35, 12, 45, 14, 38, 50, 0], [0, 41, 11, 2, 48, 9, 47, 28, 30, 26, 33, 0], [0, 13, 23, 10, 18, 21, 20, 25, 40, 31, 36, 0]]",3.0806959380570333,0.0510270879086521,1.2598420142603572,0.08677688040412389,0.32649805432404144,0.1378303557227118,0.766540063810365,0.7175133559188551,0.8502613306045532
2.0,0.0,8,True,190506,5,"[[0, 38, 14, 3, 34, 17, 39, 8, 7, 16, 19, 0], [0, 15, 11, 2, 48, 47, 9, 28, 30, 26, 33, 0], [0, 50, 36, 31, 46, 32, 24, 37, 49, 27, 44, 0], [0, 12, 45, 40, 25, 20, 21, 18, 10, 23, 13, 0], [0, 1, 41, 42, 5, 22, 6, 4, 35, 43, 29, 0]]",3.1060371360363206,0.04826127008224527,1.2385977174562868,0.10073631324551323,0.2925406119525549,0.11689956440922092,0.7677218097940264,0.7181652671399162,0.8502613306045532
2.0,0.0,9,True,190142,5,"[[0, 12, 45, 13, 23, 8, 39, 17, 34, 3, 15, 0], [0, 44, 1, 49, 27, 37, 24, 32, 46, 31, 36, 0], [0, 42, 7, 16, 5, 22, 6, 4, 35, 43, 29, 0], [0, 19, 10, 18, 21, 20, 25, 40, 14, 38, 50, 0], [0, 41, 11, 2, 48, 47, 9, 28, 30, 26, 33, 0]]",3.0658474432857474,0.04992480357380017,1.2727838760474697,0.08677688040412389,0.3007674870431092,0.126852335924544,0.7742639927270436,0.7228487459621108,0.8502613306045532
