beta,lambda_concentration,seed,is_feasible,pyvrp_cost,num_routes,routes,global_risk,global_cvar90,max_vehicle_risk,max_vehicle_cvar90,vehicle_risk_gini,risk_variance,edge_burden_gini_used,top10_burden_share,max_edge_burden
0.0,0.0,0,True,145999,5,"[[0, 44, 14, 3, 15, 41, 11, 1, 37, 38, 50, 0], [0, 42, 7, 8, 34, 17, 9, 47, 43, 26, 33, 0], [0, 45, 12, 13, 24, 32, 46, 23, 10, 18, 19, 0], [0, 40, 25, 20, 35, 4, 16, 28, 30, 21, 29, 0], [0, 36, 31, 6, 22, 2, 48, 5, 39, 49, 27, 0]]",8.746286508481717,0.1608958015590906,3.414645572513109,0.5036767969528834,0.26940556885603995,0.8223184481905671,0.878725481819741,0.8923547240019357,1.1830387115478516
0.0,0.0,1,True,145999,5,"[[0, 6, 22, 5, 2, 48, 43, 9, 47, 31, 36, 0], [0, 12, 45, 13, 24, 32, 46, 23, 10, 18, 19, 0], [0, 27, 49, 39, 17, 34, 8, 7, 30, 21, 29, 0], [0, 33, 26, 28, 16, 4, 35, 20, 25, 40, 44, 0], [0, 14, 3, 15, 42, 41, 11, 1, 37, 38, 50, 0]]",9.763391529442742,0.1626757333786892,3.228572348220041,0.5722583085298538,0.21582171151430796,0.5810884894284271,0.891066410616616,0.903358330872049,1.999999761581421
0.0,0.0,2,True,146664,5,"[[0, 27, 49, 39, 17, 34, 8, 7, 16, 12, 45, 0], [0, 35, 4, 6, 22, 5, 43, 47, 9, 31, 36, 0], [0, 33, 26, 28, 30, 48, 2, 20, 25, 40, 19, 0], [0, 14, 3, 15, 42, 41, 11, 1, 37, 38, 50, 0], [0, 29, 21, 18, 10, 23, 46, 32, 24, 13, 44, 0]]",7.436684665786743,0.14953602618641323,2.7541866936080623,0.4888415202498436,0.2513859717981679,0.5010075534269683,0.8774493017541107,0.8819953348786513,1.1830387115478516
0.0,0.0,3,True,146664,5,"[[0, 44, 50, 38, 37, 1, 41, 11, 15, 3, 14, 0], [0, 19, 18, 21, 29, 10, 23, 46, 32, 24, 13, 0], [0, 45, 12, 42, 7, 8, 34, 17, 39, 49, 27, 0], [0, 16, 35, 4, 6, 22, 5, 30, 28, 26, 33, 0], [0, 40, 25, 20, 2, 48, 43, 47, 9, 31, 36, 0]]",9.123143947275821,0.15615404373103822,3.073566884995671,0.48010096823175746,0.2277320695401457,0.5873267214751005,0.8780686640315034,0.8900836872381411,1.1830387115478516
0.0,0.0,4,True,147330,5,"[[0, 36, 31, 9, 47, 43, 48, 2, 20, 25, 40, 0], [0, 45, 12, 13, 24, 32, 46, 23, 10, 29, 44, 0], [0, 14, 3, 15, 42, 11, 41, 1, 37, 38, 50, 0], [0, 21, 35, 4, 6, 22, 5, 30, 28, 26, 33, 0], [0, 27, 49, 39, 17, 34, 8, 7, 16, 18, 19, 0]]",8.023295849274927,0.1495751001472984,2.3275520362658426,0.34900292456150056,0.176990512636509,0.26831243194995585,0.8795968685408571,0.8885600189268046,1.1830387115478516
0.0,0.0,5,True,147330,5,"[[0, 27, 49, 39, 48, 2, 43, 9, 47, 31, 36, 0], [0, 14, 3, 15, 42, 11, 41, 1, 37, 38, 50, 0], [0, 33, 26, 28, 30, 8, 17, 34, 7, 16, 45, 0], [0, 12, 35, 4, 6, 22, 5, 20, 25, 40, 44, 0], [0, 29, 21, 13, 24, 32, 46, 23, 10, 18, 19, 0]]",8.762909429256979,0.27042191103100777,2.930933156865649,0.38299295157194135,0.21855466927427414,0.489857367249723,0.8730747771959109,0.8798406496637361,1.1830387115478516
0.0,0.0,6,True,147330,5,"[[0, 50, 38, 37, 1, 41, 11, 15, 3, 14, 45, 0], [0, 36, 31, 9, 47, 43, 2, 48, 39, 49, 27, 0], [0, 40, 25, 20, 5, 22, 6, 4, 35, 16, 12, 0], [0, 13, 24, 32, 46, 23, 10, 29, 21, 18, 19, 0], [0, 42, 7, 34, 17, 8, 30, 28, 26, 33, 44, 0]]",9.353205504856305,0.29968166311404537,2.5713966794719454,0.39602529505888623,0.16186850392076102,0.31729824639484233,0.8781575153005714,0.8926490280944698,1.1830387115478516
0.0,0.0,7,True,146664,5,"[[0, 19, 18, 10, 23, 46, 32, 24, 13, 21, 29, 0], [0, 33, 26, 28, 30, 5, 22, 6, 4, 35, 44, 0], [0, 12, 45, 16, 7, 8, 34, 17, 39, 49, 27, 0], [0, 40, 25, 20, 2, 48, 43, 47, 9, 31, 36, 0], [0, 14, 3, 15, 42, 11, 41, 1, 37, 38, 50, 0]]",8.239745966151531,0.15372981374361078,2.3252731093671173,0.3208821366230647,0.10135634035736207,0.12217189270558501,0.8728492422104324,0.8824063441405815,1.1830387115478516
0.0,0.0,8,True,147330,5,"[[0, 14, 3, 15, 42, 11, 41, 1, 37, 38, 50, 0], [0, 12, 45, 13, 46, 23, 10, 29, 21, 18, 19, 0], [0, 32, 24, 6, 22, 5, 48, 2, 20, 25, 40, 0], [0, 36, 31, 47, 9, 43, 30, 28, 26, 33, 44, 0], [0, 27, 49, 39, 17, 34, 8, 7, 16, 4, 35, 0]]",9.32844096415647,0.2902309489918166,2.180788942903746,0.358089417219162,0.08771668897210017,0.0947286289594564,0.8814940156922109,0.8904147973188258,1.1830387115478516
0.0,0.0,9,True,145999,5,"[[0, 14, 3, 15, 42, 41, 11, 1, 37, 38, 50, 0], [0, 27, 49, 39, 17, 34, 8, 7, 30, 21, 29, 0], [0, 12, 45, 13, 24, 32, 46, 23, 10, 18, 19, 0], [0, 44, 40, 25, 20, 35, 4, 16, 28, 26, 33, 0], [0, 6, 22, 5, 48, 2, 43, 47, 9, 31, 36, 0]]",9.761806080088718,0.1626757333786892,3.228572348220041,0.5722583085298538,0.21579179846890328,0.5808871516604059,0.8908204226600966,0.9035050484845873,1.999999761581421
1.0,0.0,0,True,175272,5,"[[0, 27, 49, 37, 24, 32, 46, 22, 6, 4, 35, 0], [0, 13, 23, 8, 39, 17, 34, 3, 14, 38, 50, 0], [0, 19, 10, 18, 21, 29, 43, 9, 47, 31, 36, 0], [0, 1, 41, 42, 7, 16, 28, 30, 26, 33, 44, 0], [0, 15, 11, 2, 48, 5, 20, 25, 40, 12, 45, 0]]",3.625415523063566,0.07150401351973415,1.3749675302242395,0.09724942881327409,0.28321621231685357,0.14460104257256554,0.8119962822136879,0.7759745408009403,0.8648942708969116
1.0,0.0,1,True,175198,5,"[[0, 1, 41, 11, 42, 15, 3, 14, 38, 50, 44, 0], [0, 36, 31, 9, 47, 43, 35, 4, 18, 21, 29, 0], [0, 19, 10, 23, 8, 7, 16, 28, 30, 26, 33, 0], [0, 27, 37, 49, 39, 17, 34, 6, 22, 48, 2, 0], [0, 45, 12, 40, 25, 20, 5, 46, 32, 24, 13, 0]]",4.147526945271238,0.07773899540982464,2.116733084752923,0.27204039692878723,0.3802439637468682,0.4359742133148834,0.8261309519153726,0.7979474345530333,0.8648942708969116
1.0,0.0,2,True,175504,5,"[[0, 44, 50, 38, 14, 3, 15, 42, 11, 41, 1, 0], [0, 27, 37, 49, 39, 17, 34, 8, 7, 16, 19, 0], [0, 24, 32, 46, 5, 22, 6, 4, 35, 12, 45, 0], [0, 36, 31, 40, 25, 20, 21, 18, 10, 23, 13, 0], [0, 29, 43, 9, 47, 2, 48, 28, 30, 26, 33, 0]]",3.942762132738334,0.08365822220711332,1.6049751762475353,0.17163733718916774,0.3580613205747232,0.28743232753012704,0.8308169261511156,0.7980950833082281,0.8648942708969116
1.0,0.0,3,True,175465,5,"[[0, 50, 38, 14, 3, 15, 11, 42, 41, 1, 44, 0], [0, 21, 18, 10, 23, 13, 24, 32, 46, 31, 36, 0], [0, 33, 26, 30, 28, 2, 48, 47, 9, 43, 29, 0], [0, 27, 37, 49, 39, 17, 34, 8, 7, 16, 19, 0], [0, 35, 4, 6, 22, 5, 20, 25, 40, 12, 45, 0]]",3.9317740493031117,0.08108265774372296,1.6049751762475353,0.17163733718916774,0.38730482986156756,0.3059353134633246,0.8275070666163451,0.7959954083898683,0.8648942708969116
1.0,0.0,4,True,175057,5,"[[0, 29, 21, 18, 10, 23, 8, 7, 16, 19, 44, 0], [0, 27, 37, 49, 39, 17, 34, 22, 6, 4, 35, 0], [0, 33, 26, 30, 28, 43, 9, 47, 48, 2, 1, 0], [0, 36, 31, 40, 25, 20, 5, 46, 32, 24, 13, 0], [0, 12, 45, 41, 42, 11, 15, 3, 14, 38, 50, 0]]",3.9871901138728383,0.08309328441436474,1.6075015554961283,0.16293019109538623,0.36283835702938094,0.3095995647315432,0.8317748165069334,0.8042207632511625,0.8648942708969116
1.0,0.0,5,True,175800,5,"[[0, 1, 41, 11, 42, 15, 3, 14, 38, 50, 44, 0], [0, 12, 35, 4, 43, 9, 47, 28, 30, 26, 33, 0], [0, 45, 13, 24, 32, 46, 23, 10, 18, 21, 29, 0], [0, 19, 16, 7, 8, 34, 17, 39, 49, 37, 27, 0], [0, 6, 22, 5, 48, 2, 20, 25, 40, 31, 36, 0]]",4.399011393605814,0.07863401463057132,1.4281801744364202,0.20919265846411386,0.25684481630346356,0.16753372779584677,0.8352381469111663,0.8105372277209808,0.8648942708969116
1.0,0.0,6,True,174805,5,"[[0, 19, 16, 7, 8, 23, 10, 18, 21, 45, 12, 0], [0, 50, 38, 14, 3, 15, 11, 42, 41, 1, 44, 0], [0, 33, 26, 30, 28, 48, 2, 9, 47, 43, 29, 0], [0, 35, 4, 6, 22, 34, 17, 39, 49, 37, 27, 0], [0, 13, 24, 32, 46, 5, 20, 25, 40, 31, 36, 0]]",3.798554509242148,0.08033054243577153,1.6049751762475353,0.17163733718916774,0.41093900007090345,0.34654088407777467,0.8317728540634493,0.7997074848475759,0.8648942708969116
1.0,0.0,7,True,175271,5,"[[0, 15, 11, 48, 2, 46, 32, 24, 37, 49, 27, 0], [0, 35, 4, 6, 22, 5, 20, 25, 40, 45, 12, 0], [0, 50, 38, 14, 3, 34, 17, 39, 8, 23, 13, 0], [0, 36, 31, 47, 9, 43, 29, 21, 18, 10, 19, 0], [0, 1, 41, 42, 7, 16, 28, 30, 26, 33, 44, 0]]",3.6283091832810896,0.07150401351973415,1.6253052570682485,0.18156080087646842,0.3105886202992554,0.2217474140180013,0.8110432901254252,0.7753556832160154,0.8648942708969116
1.0,0.0,8,True,174805,5,"[[0, 29, 43, 9, 47, 2, 48, 28, 30, 26, 33, 0], [0, 19, 16, 7, 8, 23, 10, 18, 21, 45, 12, 0], [0, 13, 24, 32, 46, 5, 20, 25, 40, 31, 36, 0], [0, 1, 11, 41, 42, 15, 3, 14, 38, 50, 44, 0], [0, 35, 4, 6, 22, 34, 17, 39, 49, 37, 27, 0]]",3.798554509242148,0.08033054243577153,1.6049751762475353,0.17163733718916774,0.41093900007090345,0.34654088407777467,0.8317728540634493,0.7997074848475759,0.8648942708969116
1.0,0.0,9,True,175465,5,"[[0, 29, 43, 47, 9, 2, 48, 28, 30, 26, 33, 0], [0, 21, 18, 10, 23, 13, 24, 32, 46, 31, 36, 0], [0, 19, 16, 7, 8, 34, 17, 39, 49, 37, 27, 0], [0, 45, 12, 40, 25, 20, 5, 22, 6, 4, 35, 0], [0, 44, 50, 38, 14, 3, 15, 42, 41, 11, 1, 0]]",3.9317740493031117,0.08108265774372296,1.6049751762475353,0.17163733718916774,0.38730482986156756,0.3059353134633246,0.8275070666163451,0.7959954083898683,0.8648942708969116
2.0,0.0,0,True,191306,5,"[[0, 33, 26, 30, 28, 9, 47, 48, 2, 41, 11, 0], [0, 19, 10, 18, 21, 25, 40, 20, 14, 38, 50, 0], [0, 29, 43, 35, 4, 6, 22, 5, 16, 7, 42, 0], [0, 12, 45, 13, 23, 8, 39, 17, 34, 3, 15, 0], [0, 44, 36, 31, 46, 32, 24, 37, 27, 49, 1, 0]]",3.119796710657919,0.06329117262282886,1.1665255236730445,0.11183326236075825,0.2677720838386022,0.09517738640680774,0.8020332306046407,0.7521861714594552,0.8648942708969116
2.0,0.0,1,True,191635,5,"[[0, 44, 50, 38, 14, 3, 15, 41, 11, 42, 1, 0], [0, 36, 31, 40, 25, 20, 21, 18, 10, 23, 13, 0], [0, 45, 2, 48, 34, 17, 39, 8, 7, 16, 19, 0], [0, 33, 26, 30, 28, 47, 9, 4, 35, 43, 29, 0], [0, 12, 6, 22, 5, 46, 32, 24, 37, 49, 27, 0]]",3.1361323512434858,0.058092033808551186,1.0891583650124623,0.09448942691087722,0.25054890503304894,0.08348467582635243,0.8017558076281126,0.756399275177944,0.8648942708969116
2.0,0.0,2,True,190915,5,"[[0, 15, 41, 48, 2, 47, 9, 28, 30, 26, 33, 0], [0, 1, 11, 42, 5, 22, 6, 4, 35, 43, 29, 0], [0, 38, 14, 3, 34, 17, 39, 8, 7, 16, 19, 0], [0, 20, 40, 25, 21, 18, 10, 23, 13, 45, 12, 0], [0, 36, 31, 46, 32, 24, 37, 49, 27, 44, 50, 0]]",2.9120969827387846,0.05718089036039404,1.1814652076573111,0.11183326236075825,0.3287964521251492,0.12608709934448462,0.7889714579224181,0.734816816183254,0.8648942708969116
2.0,0.0,3,True,192774,5,"[[0, 41, 35, 4, 43, 47, 9, 28, 30, 26, 33, 0], [0, 11, 42, 12, 45, 13, 23, 10, 18, 21, 29, 0], [0, 1, 49, 27, 37, 24, 32, 46, 31, 36, 44, 0], [0, 15, 2, 48, 34, 17, 39, 8, 7, 16, 19, 0], [0, 6, 22, 5, 20, 25, 40, 3, 14, 38, 50, 0]]",3.3137245136937956,0.0638051338493824,1.066160041901366,0.15081571166714033,0.1916035910114966,0.055079544457314,0.8081402039564349,0.7608986147448517,0.8648942708969116
2.0,0.0,4,True,191860,5,"[[0, 1, 49, 27, 37, 24, 32, 46, 31, 36, 44, 0], [0, 11, 42, 7, 16, 9, 47, 28, 30, 26, 33, 0], [0, 29, 43, 35, 4, 6, 22, 5, 48, 2, 41, 0], [0, 50, 38, 14, 20, 40, 25, 21, 18, 10, 19, 0], [0, 15, 3, 34, 17, 39, 8, 23, 13, 45, 12, 0]]",3.071256887356867,0.060241375314561946,1.5212620808160864,0.1344823457300663,0.3925567290688585,0.23568524149666287,0.7921289243818468,0.7418380758138031,0.8648942708969116
2.0,0.0,5,True,191306,5,"[[0, 50, 38, 14, 20, 40, 25, 21, 18, 10, 19, 0], [0, 42, 7, 16, 5, 22, 6, 4, 35, 43, 29, 0], [0, 1, 49, 27, 37, 24, 32, 46, 31, 36, 44, 0], [0, 33, 26, 30, 28, 47, 9, 48, 2, 41, 11, 0], [0, 15, 3, 34, 17, 39, 8, 23, 13, 45, 12, 0]]",2.9488188011616323,0.06011810640080108,1.1665255236730445,0.11183326236075825,0.31261782234752267,0.11463870349118029,0.7940325569116777,0.7407747431732213,0.8648942708969116
2.0,0.0,6,True,190915,5,"[[0, 33, 26, 30, 28, 9, 47, 2, 48, 41, 15, 0], [0, 38, 14, 3, 34, 17, 39, 8, 7, 16, 19, 0], [0, 29, 43, 35, 4, 6, 22, 5, 42, 11, 1, 0], [0, 20, 40, 25, 21, 18, 10, 23, 13, 45, 12, 0], [0, 36, 31, 46, 32, 24, 37, 49, 27, 44, 50, 0]]",2.9120969827387846,0.05718089036039404,1.1814652076573111,0.11183326236075825,0.3287964521251492,0.12608709934448462,0.7889714579224181,0.734816816183254,0.8648942708969116
2.0,0.0,7,True,190915,5,"[[0, 19, 16, 7, 8, 39, 17, 34, 3, 14, 38, 0], [0, 20, 40, 25, 21, 18, 10, 23, 13, 45, 12, 0], [0, 1, 11, 42, 5, 22, 6, 4, 35, 43, 29, 0], [0, 15, 41, 48, 2, 9, 47, 28, 30, 26, 33, 0], [0, 44, 50, 36, 31, 46, 32, 24, 37, 49, 27, 0]]",2.9118524892298403,0.05718089036039404,1.1814652076573111,0.11183326236075825,0.3288912314474137,0.12612289957257788,0.7891098829492111,0.7348785150304601,0.8648942708969116
2.0,0.0,8,True,190915,5,"[[0, 36, 31, 46, 32, 24, 37, 49, 27, 44, 50, 0], [0, 29, 43, 35, 4, 6, 22, 5, 42, 11, 1, 0], [0, 38, 14, 3, 34, 17, 39, 8, 7, 16, 19, 0], [0, 45, 20, 40, 25, 21, 18, 10, 23, 13, 12, 0], [0, 33, 26, 30, 28, 9, 47, 48, 2, 41, 15, 0]]",2.9120969827387846,0.05718089036039404,1.1814652076573111,0.11183326236075825,0.3287964521251492,0.12608709934448462,0.7889714579224181,0.734816816183254,0.8648942708969116
2.0,0.0,9,True,190915,5,"[[0, 38, 14, 3, 34, 17, 39, 8, 7, 16, 19, 0], [0, 15, 41, 48, 2, 9, 47, 28, 30, 26, 33, 0], [0, 20, 40, 25, 21, 18, 10, 23, 13, 45, 12, 0], [0, 1, 11, 42, 5, 22, 6, 4, 35, 43, 29, 0], [0, 44, 50, 36, 31, 46, 32, 24, 37, 49, 27, 0]]",2.9120969827387846,0.05718089036039404,1.1814652076573111,0.11183326236075825,0.3287964521251492,0.12608709934448462,0.7889714579224181,0.734816816183254,0.8648942708969116
