beta,lambda_concentration,seed,is_feasible,pyvrp_cost,num_routes,routes,global_risk,global_cvar90,max_vehicle_risk,max_vehicle_cvar90,vehicle_risk_gini,risk_variance,edge_burden_gini_used,top10_burden_share,max_edge_burden
0.0,0.0,0,True,145999,5,"[[0, 44, 14, 3, 15, 41, 11, 1, 37, 38, 50, 0], [0, 42, 7, 8, 34, 17, 9, 47, 43, 26, 33, 0], [0, 45, 12, 13, 24, 32, 46, 23, 10, 18, 19, 0], [0, 40, 25, 20, 35, 4, 16, 28, 30, 21, 29, 0], [0, 36, 31, 6, 22, 2, 48, 5, 39, 49, 27, 0]]",13.645046147401445,0.2675083303388129,4.2985469698905945,0.5381346302373069,0.1925249322821294,0.917605387063983,0.8585971676834601,0.8976286413099105,1.3868564367294312
0.0,0.0,1,True,145999,5,"[[0, 6, 22, 5, 2, 48, 43, 9, 47, 31, 36, 0], [0, 12, 45, 13, 24, 32, 46, 23, 10, 18, 19, 0], [0, 27, 49, 39, 17, 34, 8, 7, 30, 21, 29, 0], [0, 33, 26, 28, 16, 4, 35, 20, 25, 40, 44, 0], [0, 14, 3, 15, 42, 41, 11, 1, 37, 38, 50, 0]]",14.5700335878646,0.2756708239262201,4.16531563969329,0.7137919366359711,0.17498880791808413,0.8494269324740358,0.8686559805213572,0.911999982509906,1.985986351966858
0.0,0.0,2,True,146664,5,"[[0, 27, 49, 39, 17, 34, 8, 7, 16, 12, 45, 0], [0, 35, 4, 6, 22, 5, 43, 47, 9, 31, 36, 0], [0, 33, 26, 28, 30, 48, 2, 20, 25, 40, 19, 0], [0, 14, 3, 15, 42, 41, 11, 1, 37, 38, 50, 0], [0, 29, 21, 18, 10, 23, 46, 32, 24, 13, 44, 0]]",12.005240514758043,0.25439791966143044,4.375604465836659,0.6561957836151123,0.23850404515845924,1.2015256458447503,0.8586197139518408,0.8978671052667481,1.3868564367294312
0.0,0.0,3,True,146664,5,"[[0, 44, 50, 38, 37, 1, 41, 11, 15, 3, 14, 0], [0, 19, 18, 21, 29, 10, 23, 46, 32, 24, 13, 0], [0, 45, 12, 42, 7, 8, 34, 17, 39, 49, 27, 0], [0, 16, 35, 4, 6, 22, 5, 30, 28, 26, 33, 0], [0, 40, 25, 20, 2, 48, 43, 47, 9, 31, 36, 0]]",14.812076635542326,0.48334573954343796,4.591148236533627,0.6371337076028188,0.21290928230254202,1.4077897805306263,0.857183840333408,0.8957223980978585,1.3868564367294312
0.0,0.0,4,True,147330,5,"[[0, 36, 31, 9, 47, 43, 48, 2, 20, 25, 40, 0], [0, 45, 12, 13, 24, 32, 46, 23, 10, 29, 44, 0], [0, 14, 3, 15, 42, 11, 41, 1, 37, 38, 50, 0], [0, 21, 35, 4, 6, 22, 5, 30, 28, 26, 33, 0], [0, 27, 49, 39, 17, 34, 8, 7, 16, 18, 19, 0]]",14.152842904790305,0.2679105120501956,4.591978123411536,0.6269640624523163,0.2268959341962158,1.3421569578732637,0.8667556474194615,0.9120157117696278,1.551846981048584
0.0,0.0,5,True,147330,5,"[[0, 27, 49, 39, 48, 2, 43, 9, 47, 31, 36, 0], [0, 14, 3, 15, 42, 11, 41, 1, 37, 38, 50, 0], [0, 33, 26, 28, 30, 8, 17, 34, 7, 16, 45, 0], [0, 12, 35, 4, 6, 22, 5, 20, 25, 40, 44, 0], [0, 29, 21, 13, 24, 32, 46, 23, 10, 18, 19, 0]]",14.631304190144874,0.4702549699161734,5.199115523369983,0.5694650948047638,0.21412786317579302,1.5012117070973559,0.8550601286238131,0.8793191757363858,1.3868564367294312
0.0,0.0,6,True,147330,5,"[[0, 50, 38, 37, 1, 41, 11, 15, 3, 14, 45, 0], [0, 36, 31, 9, 47, 43, 2, 48, 39, 49, 27, 0], [0, 40, 25, 20, 5, 22, 6, 4, 35, 16, 12, 0], [0, 13, 24, 32, 46, 23, 10, 29, 21, 18, 19, 0], [0, 42, 7, 34, 17, 8, 30, 28, 26, 33, 44, 0]]",14.936049219686538,0.4835629532379763,4.5830805585719645,0.5321620404720306,0.17596810121449202,0.9113457364278693,0.8571201221229274,0.8970443179227928,1.3868564367294312
0.0,0.0,7,True,146664,5,"[[0, 19, 18, 10, 23, 46, 32, 24, 13, 21, 29, 0], [0, 33, 26, 28, 30, 5, 22, 6, 4, 35, 44, 0], [0, 12, 45, 16, 7, 8, 34, 17, 39, 49, 27, 0], [0, 40, 25, 20, 2, 48, 43, 47, 9, 31, 36, 0], [0, 14, 3, 15, 42, 11, 41, 1, 37, 38, 50, 0]]",14.054812346934341,0.4570278504065105,4.591148236533627,0.528925304611524,0.16145920625910337,0.8556774617427152,0.8570729506841002,0.8915528432292774,1.3868564367294312
0.0,0.0,8,True,147330,5,"[[0, 14, 3, 15, 42, 11, 41, 1, 37, 38, 50, 0], [0, 12, 45, 13, 46, 23, 10, 29, 21, 18, 19, 0], [0, 32, 24, 6, 22, 5, 48, 2, 20, 25, 40, 0], [0, 36, 31, 47, 9, 43, 30, 28, 26, 33, 44, 0], [0, 27, 49, 39, 17, 34, 8, 7, 16, 4, 35, 0]]",15.20057030103635,0.48931662685104776,3.8858974704053253,0.5146609608616147,0.12120679940134149,0.4481449212742807,0.860209209637026,0.8896854497608143,1.3868564367294312
0.0,0.0,9,True,145999,5,"[[0, 14, 3, 15, 42, 41, 11, 1, 37, 38, 50, 0], [0, 27, 49, 39, 17, 34, 8, 7, 30, 21, 29, 0], [0, 12, 45, 13, 24, 32, 46, 23, 10, 18, 19, 0], [0, 44, 40, 25, 20, 35, 4, 16, 28, 26, 33, 0], [0, 6, 22, 5, 48, 2, 43, 47, 9, 31, 36, 0]]",14.56805828155484,0.2756708239262201,4.16531563969329,0.7137919366359711,0.17501253493027336,0.8491842660306872,0.8682709194576725,0.9121236420453867,1.985986351966858
1.5,1.0,0,True,220499,5,"[[0, 19, 10, 18, 6, 22, 5, 16, 7, 42, 15, 0], [0, 1, 38, 2, 48, 9, 47, 28, 30, 26, 33, 0], [0, 14, 3, 34, 17, 39, 8, 23, 13, 45, 12, 0], [0, 41, 11, 35, 43, 4, 40, 25, 20, 21, 29, 0], [0, 36, 31, 46, 32, 24, 37, 49, 27, 50, 44, 0]]",5.28734459343832,0.10188730712980032,2.586739637190476,0.249305856310659,0.4366195276086,0.7566149327015049,0.7881415517247625,0.771237298192262,1.0034152269363403
1.5,1.0,1,True,220704,5,"[[0, 36, 31, 3, 34, 17, 39, 8, 7, 16, 19, 0], [0, 20, 25, 40, 4, 43, 35, 42, 11, 41, 15, 0], [0, 1, 38, 2, 48, 47, 9, 28, 30, 26, 33, 0], [0, 14, 6, 22, 5, 46, 32, 24, 37, 49, 27, 0], [0, 29, 21, 18, 10, 23, 13, 45, 12, 50, 44, 0]]",5.317834649118595,0.09353391555222598,2.586739637190476,0.249305856310659,0.43786867220385606,0.7663736392795867,0.7865909200318357,0.7692737289180188,1.0034152269363403
1.5,1.0,2,True,221163,5,"[[0, 15, 41, 11, 42, 7, 16, 5, 22, 6, 19, 0], [0, 36, 31, 46, 32, 24, 37, 49, 27, 50, 44, 0], [0, 1, 38, 2, 48, 47, 9, 28, 30, 26, 33, 0], [0, 14, 3, 34, 17, 39, 8, 23, 13, 45, 12, 0], [0, 29, 10, 18, 21, 20, 25, 40, 4, 43, 35, 0]]",5.290170807042159,0.10188730712980032,2.586739637190476,0.249305856310659,0.4367577752190104,0.7567358996639446,0.7880016081667107,0.7708252734347556,1.0034152269363403
1.5,1.0,3,True,219693,5,"[[0, 15, 11, 41, 35, 43, 29, 21, 18, 10, 19, 0], [0, 50, 38, 2, 48, 47, 9, 28, 30, 26, 33, 0], [0, 20, 25, 40, 4, 6, 22, 5, 16, 7, 42, 0], [0, 1, 49, 27, 37, 24, 32, 46, 31, 36, 44, 0], [0, 12, 45, 13, 23, 8, 39, 17, 34, 3, 14, 0]]",5.242287432891317,0.10672348120102756,2.530326916370541,0.31767895817756653,0.43097799884844745,0.7276707838537466,0.7962882015632733,0.7795761572836563,1.0034152269363403
1.5,1.0,4,True,220631,5,"[[0, 44, 19, 16, 7, 8, 39, 17, 34, 31, 36, 0], [0, 33, 26, 30, 28, 47, 9, 48, 2, 38, 50, 0], [0, 12, 6, 22, 5, 46, 32, 24, 37, 49, 27, 0], [0, 15, 11, 41, 45, 13, 23, 10, 18, 21, 29, 0], [0, 14, 3, 20, 25, 40, 4, 43, 35, 42, 1, 0]]",5.298698007012717,0.10188730712980032,2.530326916370541,0.31767895817756653,0.42273534168155424,0.7107703772232455,0.7846707829237205,0.7689665473291406,1.0034152269363403
1.5,1.0,5,True,220570,5,"[[0, 42, 5, 22, 6, 4, 40, 25, 20, 3, 14, 0], [0, 11, 41, 35, 43, 29, 21, 18, 10, 23, 13, 0], [0, 33, 26, 30, 28, 9, 47, 48, 2, 38, 1, 0], [0, 15, 45, 12, 34, 17, 39, 8, 7, 16, 19, 0], [0, 50, 36, 31, 46, 32, 24, 37, 49, 27, 44, 0]]",5.2840395612875,0.10672348120102756,2.586739637190476,0.249305856310659,0.43155215305440975,0.7494134229108308,0.7899947999402628,0.7727906443713669,1.0034152269363403
1.5,1.0,6,True,219934,5,"[[0, 19, 16, 7, 8, 39, 17, 34, 3, 14, 15, 0], [0, 35, 43, 29, 21, 18, 10, 23, 13, 45, 12, 0], [0, 36, 31, 46, 32, 24, 37, 49, 27, 44, 50, 0], [0, 1, 38, 2, 48, 9, 47, 28, 30, 26, 33, 0], [0, 20, 25, 40, 4, 6, 22, 5, 42, 41, 11, 0]]",5.288943680003285,0.10188730712980032,2.586739637190476,0.249305856310659,0.43263186338528836,0.7521260709034352,0.7910268816935309,0.7741662152361555,1.0034152269363403
1.5,1.0,7,True,219111,5,"[[0, 15, 41, 11, 35, 43, 29, 21, 18, 10, 19, 0], [0, 14, 3, 34, 17, 39, 8, 23, 13, 45, 12, 0], [0, 1, 38, 2, 48, 9, 47, 28, 30, 26, 33, 0], [0, 44, 36, 31, 46, 32, 24, 37, 49, 27, 50, 0], [0, 20, 25, 40, 4, 6, 22, 5, 16, 7, 42, 0]]",5.260572191677056,0.10188730712980032,2.586739637190476,0.249305856310659,0.43515979928570214,0.7559575687271642,0.7938390706975293,0.7775638205698165,1.0034152269363403
1.5,1.0,8,True,219934,5,"[[0, 50, 44, 36, 31, 46, 32, 24, 37, 49, 27, 0], [0, 1, 38, 2, 48, 9, 47, 28, 30, 26, 33, 0], [0, 45, 13, 23, 10, 18, 21, 29, 43, 35, 15, 0], [0, 14, 3, 34, 17, 39, 8, 7, 42, 41, 11, 0], [0, 12, 20, 25, 40, 4, 6, 22, 5, 16, 19, 0]]",5.2974042751593515,0.10188730712980032,2.586739637190476,0.249305856310659,0.4347488900529217,0.7523492834523824,0.7876416715541048,0.7722373032947999,1.0034152269363403
1.5,1.0,9,True,220704,5,"[[0, 15, 41, 11, 42, 35, 43, 4, 40, 25, 20, 0], [0, 27, 49, 37, 24, 32, 46, 5, 22, 6, 14, 0], [0, 1, 38, 2, 48, 47, 9, 28, 30, 26, 33, 0], [0, 50, 12, 45, 13, 23, 10, 18, 21, 29, 44, 0], [0, 36, 31, 3, 34, 17, 39, 8, 7, 16, 19, 0]]",5.329895785194822,0.09353391555222598,2.586739637190476,0.249305856310659,0.4368778097457875,0.7644147058859324,0.7839663995523363,0.7675329228125566,1.0034152269363403
2.0,1.0,0,True,231460,5,"[[0, 42, 5, 22, 6, 4, 40, 25, 20, 45, 12, 0], [0, 44, 2, 48, 9, 47, 28, 30, 26, 33, 15, 0], [0, 41, 11, 35, 43, 29, 21, 18, 10, 23, 13, 0], [0, 50, 38, 1, 49, 37, 24, 32, 46, 31, 36, 0], [0, 27, 19, 16, 7, 8, 39, 17, 34, 3, 14, 0]]",5.280144462711178,0.10672348120102756,2.0319840784650296,0.25443355792335104,0.39401179777534345,0.6221994952046039,0.7935174654831845,0.7766554912746135,1.0034152269363403
2.0,1.0,1,True,232668,5,"[[0, 50, 44, 2, 48, 9, 47, 28, 30, 26, 33, 0], [0, 19, 16, 7, 8, 39, 17, 34, 3, 31, 36, 0], [0, 45, 6, 22, 5, 46, 32, 24, 37, 49, 27, 0], [0, 1, 38, 14, 12, 13, 23, 10, 18, 21, 29, 0], [0, 20, 25, 40, 4, 43, 35, 42, 11, 41, 15, 0]]",5.316554072313011,0.09353391555222598,1.9646415195893496,0.15427897972139445,0.342566501983399,0.43835672628324557,0.7854124120068173,0.7693862839186623,1.0034152269363403
2.0,1.0,2,True,232798,5,"[[0, 1, 38, 2, 48, 9, 47, 28, 30, 26, 33, 0], [0, 44, 6, 22, 5, 46, 32, 24, 37, 49, 27, 0], [0, 19, 16, 7, 8, 39, 17, 34, 3, 31, 36, 0], [0, 20, 25, 40, 4, 43, 35, 42, 11, 41, 15, 0], [0, 29, 21, 18, 10, 23, 13, 12, 45, 14, 50, 0]]",5.3170047622406855,0.09353391555222598,2.586739637190476,0.249305856310659,0.43643382155152666,0.7597175530223879,0.7868297970671356,0.7693937984311559,1.0034152269363403
2.0,1.0,3,True,230676,5,"[[0, 45, 12, 13, 23, 8, 39, 17, 34, 3, 14, 0], [0, 27, 44, 2, 48, 9, 47, 28, 30, 26, 33, 0], [0, 19, 10, 18, 21, 29, 43, 35, 41, 11, 15, 0], [0, 20, 25, 40, 4, 6, 22, 5, 16, 7, 42, 0], [0, 36, 31, 46, 32, 24, 37, 49, 1, 38, 50, 0]]",5.282077088369988,0.10188730712980032,2.032813965342939,0.25443355792335104,0.392155725846292,0.6192373820974606,0.7926033675289159,0.7750983127429681,1.0034152269363403
2.0,1.0,4,True,232087,5,"[[0, 27, 44, 2, 48, 9, 47, 28, 30, 26, 33, 0], [0, 15, 42, 7, 16, 5, 22, 6, 18, 10, 19, 0], [0, 11, 41, 35, 43, 4, 40, 25, 20, 21, 29, 0], [0, 50, 38, 1, 49, 37, 24, 32, 46, 31, 36, 0], [0, 14, 3, 34, 17, 39, 8, 23, 13, 12, 45, 0]]",5.293011193280108,0.10188730712980032,2.0319840784650296,0.25443355792335104,0.395324885477365,0.6222391334952742,0.7888302391797397,0.7709922275814202,1.0034152269363403
2.0,1.0,5,True,232668,5,"[[0, 50, 33, 26, 30, 28, 9, 47, 48, 2, 44, 0], [0, 27, 49, 37, 24, 32, 46, 5, 22, 6, 45, 0], [0, 19, 16, 7, 8, 39, 17, 34, 3, 31, 36, 0], [0, 1, 38, 14, 12, 13, 23, 10, 18, 21, 29, 0], [0, 15, 41, 11, 42, 35, 43, 4, 40, 25, 20, 0]]",5.316554072313011,0.09353391555222598,1.9646415195893496,0.15427897972139445,0.342566501983399,0.43835672628324557,0.7854124120068173,0.7693862839186623,1.0034152269363403
2.0,1.0,6,True,232087,5,"[[0, 19, 10, 18, 6, 22, 5, 16, 7, 42, 15, 0], [0, 45, 12, 13, 23, 8, 39, 17, 34, 3, 14, 0], [0, 50, 38, 1, 49, 37, 24, 32, 46, 31, 36, 0], [0, 33, 26, 30, 28, 47, 9, 48, 2, 44, 27, 0], [0, 11, 41, 35, 43, 4, 40, 25, 20, 21, 29, 0]]",5.295958467177115,0.10188730712980032,2.0319840784650296,0.25443355792335104,0.3946596706998615,0.6212919839804937,0.7887332328042316,0.7705631597778811,1.0034152269363403
2.0,1.0,7,True,231459,5,"[[0, 44, 2, 48, 9, 47, 28, 30, 26, 33, 15, 0], [0, 14, 3, 34, 17, 39, 8, 7, 16, 19, 27, 0], [0, 36, 31, 46, 32, 24, 37, 49, 1, 38, 50, 0], [0, 20, 25, 40, 4, 6, 22, 5, 42, 11, 41, 0], [0, 35, 43, 29, 21, 18, 10, 23, 13, 12, 45, 0]]",5.295856558368541,0.10188730712980032,2.032813965342939,0.25443355792335104,0.3926962223292656,0.6220157939717366,0.7927166117510946,0.7750439359305951,1.0034152269363403
2.0,1.0,8,True,231459,5,"[[0, 50, 38, 1, 49, 37, 24, 32, 46, 31, 36, 0], [0, 14, 3, 34, 17, 39, 8, 7, 16, 19, 27, 0], [0, 41, 11, 42, 5, 22, 6, 4, 40, 25, 20, 0], [0, 35, 43, 29, 21, 18, 10, 23, 13, 12, 45, 0], [0, 15, 33, 26, 30, 28, 9, 47, 48, 2, 44, 0]]",5.295026671490632,0.10188730712980032,2.0319840784650296,0.25443355792335104,0.39263238581221227,0.6216926988608722,0.7929500880375464,0.7751654081784488,1.0034152269363403
2.0,1.0,9,True,230676,5,"[[0, 27, 44, 2, 48, 47, 9, 28, 30, 26, 33, 0], [0, 19, 10, 18, 21, 29, 43, 35, 41, 11, 15, 0], [0, 45, 12, 13, 23, 8, 39, 17, 34, 3, 14, 0], [0, 50, 38, 1, 49, 37, 24, 32, 46, 31, 36, 0], [0, 42, 7, 16, 5, 22, 6, 4, 40, 25, 20, 0]]",5.281247201492079,0.10188730712980032,2.0319840784650296,0.25443355792335104,0.39209163783858525,0.6189133721544893,0.7928346239889787,0.775220110472613,1.0034152269363403
