beta,lambda_concentration,seed,is_feasible,pyvrp_cost,num_routes,routes,global_risk,global_cvar90,max_vehicle_risk,max_vehicle_cvar90,vehicle_risk_gini,risk_variance,edge_burden_gini_used,top10_burden_share,max_edge_burden
0.0,0.0,0,True,133997,5,"[[0, 14, 42, 41, 1, 45, 11, 15, 3, 16, 48, 0], [0, 18, 32, 4, 29, 19, 6, 24, 40, 20, 44, 0], [0, 27, 35, 5, 36, 28, 26, 23, 30, 12, 49, 0], [0, 46, 22, 7, 8, 43, 33, 34, 2, 25, 39, 0], [0, 17, 13, 10, 37, 50, 38, 31, 9, 47, 21, 0]]",2.833399916329654,0.07554980338518989,0.9282560959691182,0.1342184927004079,0.13975811986801,0.033079112417682445,0.7769934835552188,0.7584008744375351,0.34178152680397034
0.0,0.0,1,True,133997,5,"[[0, 17, 13, 10, 37, 50, 38, 31, 9, 47, 21, 0], [0, 18, 32, 4, 29, 6, 19, 24, 40, 20, 44, 0], [0, 14, 42, 41, 1, 11, 45, 15, 3, 16, 48, 0], [0, 46, 22, 7, 8, 43, 33, 34, 2, 25, 39, 0], [0, 27, 35, 5, 36, 28, 26, 23, 30, 12, 49, 0]]",2.833399916329654,0.07554980338518989,0.9282560959691182,0.1342184927004079,0.13975811986801,0.033079112417682445,0.7769934835552188,0.7584008744375351,0.34178152680397034
0.0,0.0,2,True,133998,5,"[[0, 16, 3, 15, 45, 11, 1, 41, 42, 14, 48, 0], [0, 25, 2, 34, 33, 43, 8, 7, 22, 46, 39, 0], [0, 38, 31, 9, 47, 21, 27, 23, 30, 49, 12, 0], [0, 26, 28, 36, 5, 35, 10, 37, 50, 13, 17, 0], [0, 44, 20, 40, 24, 6, 19, 29, 4, 32, 18, 0]]",3.1895021318050567,0.09281370326600692,0.9341673663584515,0.16244490072131157,0.21474811870573363,0.06135997490905655,0.7878205484497576,0.7671393862317365,0.34178152680397034
1.0,0.0,0,True,156056,5,"[[0, 15, 46, 22, 43, 8, 7, 36, 31, 9, 39, 0], [0, 27, 21, 47, 29, 4, 32, 6, 19, 24, 41, 0], [0, 30, 23, 26, 28, 2, 25, 45, 11, 1, 48, 0], [0, 12, 49, 13, 17, 44, 20, 16, 3, 14, 42, 0], [0, 40, 37, 10, 35, 18, 34, 33, 5, 50, 38, 0]]",1.3118463947612327,0.024687900794325052,0.4428881345083937,0.04331637253718717,0.19261133571814426,0.009494825756050259,0.6060876777179378,0.5267208647377506,0.15758772194385529
1.0,0.0,1,True,157003,5,"[[0, 42, 14, 3, 16, 20, 44, 17, 13, 49, 12, 0], [0, 50, 38, 31, 9, 47, 21, 27, 10, 37, 40, 0], [0, 48, 11, 45, 39, 25, 2, 28, 26, 23, 30, 0], [0, 34, 33, 5, 36, 7, 8, 43, 22, 46, 15, 0], [0, 1, 41, 24, 19, 6, 29, 4, 32, 18, 35, 0]]",1.4554030887084082,0.02776994730035464,0.4179311955231242,0.04096473780061517,0.1798857276649075,0.008646517551402246,0.6334392998117855,0.5655316209964508,0.15758772194385529
1.0,0.0,2,True,156532,5,"[[0, 27, 21, 47, 29, 4, 32, 6, 19, 24, 40, 0], [0, 38, 50, 5, 33, 34, 18, 35, 10, 37, 48, 0], [0, 15, 45, 25, 2, 28, 26, 23, 30, 49, 12, 0], [0, 39, 9, 31, 36, 7, 8, 43, 22, 46, 11, 0], [0, 1, 41, 42, 14, 3, 16, 20, 44, 17, 13, 0]]",1.4669075445563067,0.029439253932131187,0.6103732959018089,0.04966768094648918,0.2662722705125733,0.026591109547071688,0.6492963783362933,0.5788931250234386,0.31517544388771057
