risk_source,customer_set,run_dir,beta,lambda_concentration,seed,pyvrp_cost,routes,common_global_risk,common_global_cvar90,common_global_cvar95,common_max_edge_risk,common_high_risk_edge_hits,common_max_vehicle_risk,common_max_vehicle_cvar90,common_vehicle_risk_gini,common_edge_burden_gini_used,common_top10_burden_share,common_max_edge_burden,load_global_risk,load_cvar90,load_cvar95,load_max_vehicle_risk,load_vehicle_gini,load_edge_burden_gini_used,load_top10_burden_share,load_max_edge_burden,baseline_cost,cost_increase_pct,method,model_seed,solver_seed,J_score
A_GCN_seed0,A,D:\PyVRP-main\hazmat_risk_experiments\outputs_10seed\pyvrp_cvrp\extension_beta_sensitivity_10seed_GCN_seed0_A_GCN_seed0,1.0,0.0,0,156432.0,"[[0, 20, 44, 38, 50, 5, 43, 8, 7, 22, 46, 0], [0, 1, 41, 24, 19, 6, 17, 13, 49, 12, 48, 0], [0, 40, 9, 31, 36, 33, 34, 18, 35, 10, 37, 0], [0, 30, 23, 26, 28, 2, 25, 16, 3, 14, 42, 0], [0, 15, 45, 11, 39, 32, 4, 29, 47, 21, 27, 0]]",2.8284050276732016,0.0544662406180824,0.1333537718830281,0.3734145939377382,38.0,0.8892961468088297,0.1182151956184417,0.2392138714104463,0.7316292756429255,0.7241721676830248,0.5313090438090153,1.4915657424774338,0.0407469157785037,0.0650122275526642,0.479215805788962,0.247078736267484,0.789437597274526,0.7426772505701319,0.3360731345439643,133997.0,0.1674291215474973,GCN,0,0,0.9281296851929475
A_GCN_seed0,A,D:\PyVRP-main\hazmat_risk_experiments\outputs_10seed\pyvrp_cvrp\extension_beta_sensitivity_10seed_GCN_seed0_A_GCN_seed0,3.0,0.0,1,179665.0,"[[0, 48, 1, 45, 11, 25, 2, 28, 26, 23, 30, 0], [0, 12, 19, 6, 24, 41, 4, 29, 44, 17, 13, 0], [0, 27, 21, 47, 32, 39, 15, 16, 3, 14, 42, 0], [0, 46, 22, 7, 8, 43, 50, 38, 31, 9, 40, 0], [0, 49, 37, 10, 35, 18, 34, 33, 5, 36, 20, 0]]",2.4318872467529227,0.0442867650699458,0.061501598385483,0.3904537879556458,37.0,0.7614923857269444,0.0942011733667149,0.2604994739975821,0.6957440589562858,0.6754483701068753,0.5313090438090153,1.241250007756841,0.0305704957955409,0.0536966806381858,0.3947621816581067,0.2742978595676191,0.7741383355176894,0.7229347444388127,0.2870199778228758,133997.0,0.3408136003044844,GCN,0,1,1.0
A_GCN_seed0,A,D:\PyVRP-main\hazmat_risk_experiments\outputs_10seed\pyvrp_cvrp\extension_beta_sensitivity_10seed_GCN_seed0_A_GCN_seed0,3.0,0.0,2,179665.0,"[[0, 12, 19, 6, 24, 41, 4, 29, 44, 17, 13, 0], [0, 40, 9, 31, 38, 50, 43, 8, 7, 22, 46, 0], [0, 42, 14, 3, 16, 15, 39, 32, 47, 21, 27, 0], [0, 49, 37, 10, 35, 18, 34, 33, 5, 36, 20, 0], [0, 30, 23, 26, 28, 2, 25, 11, 45, 1, 48, 0]]",2.045337997055017,0.0346710144342319,0.0477952571533929,0.2656545219045076,36.0,0.7614923857269444,0.0942011733667149,0.3278740779546822,0.6447771872581727,0.6163544952096885,0.5313090438090153,0.9913825178063138,0.0215465808163621,0.0316700272941269,0.3939928200757834,0.3108378212764939,0.7201134132657365,0.6577818938508522,0.2922199740949584,133998.0,0.3408035940834938,GCN,0,2,1.0
A_GCN_seed0,A,D:\PyVRP-main\hazmat_risk_experiments\outputs_10seed\pyvrp_cvrp\extension_beta_sensitivity_10seed_GCN_seed0_A_GCN_seed0,3.0,0.0,3,180342.0,"[[0, 48, 27, 21, 47, 32, 39, 16, 3, 14, 42, 0], [0, 15, 45, 11, 25, 2, 28, 26, 23, 30, 49, 0], [0, 13, 17, 44, 29, 4, 41, 24, 6, 19, 12, 0], [0, 40, 37, 10, 35, 18, 34, 33, 5, 36, 20, 0], [0, 9, 31, 38, 50, 43, 8, 7, 22, 46, 1, 0]]",2.062451220747116,0.033289515200636,0.0477952571533929,0.2656545219045076,38.0,0.7286900981631509,0.0727435197485364,0.3100684265217637,0.645126327679326,0.6152899687389934,0.5313090438090153,1.1048688256620962,0.0248500918288089,0.0427956661425248,0.390119274664935,0.3149345309347,0.7429751971126077,0.6772675791089252,0.2922199740949584,133997.0,0.3458659522228109,GCN,0,3,1.0
A_GCN_seed0,A,D:\PyVRP-main\hazmat_risk_experiments\outputs_10seed\pyvrp_cvrp\extension_beta_sensitivity_10seed_GCN_seed0_A_GCN_seed0,3.0,0.0,4,179665.0,"[[0, 48, 1, 45, 11, 25, 2, 28, 26, 23, 30, 0], [0, 46, 22, 7, 8, 43, 50, 38, 31, 9, 40, 0], [0, 12, 19, 6, 24, 41, 4, 29, 44, 17, 13, 0], [0, 20, 36, 5, 33, 34, 18, 35, 10, 37, 49, 0], [0, 27, 21, 47, 32, 39, 15, 16, 3, 14, 42, 0]]",2.4314014439033604,0.0442867650699458,0.061501598385483,0.3904537879556458,37.0,0.7614923857269444,0.0942011733667149,0.2607113656486783,0.693067158473033,0.6721481566812653,0.5313090438090153,1.2286426434865418,0.0291868604937338,0.0535906166638027,0.3947621816581067,0.2853214590838608,0.7627402647180581,0.7086858300550092,0.2870199778228758,133997.0,0.3408136003044844,GCN,0,4,1.0
A_GCN_seed0,A,D:\PyVRP-main\hazmat_risk_experiments\outputs_10seed\pyvrp_cvrp\extension_beta_sensitivity_10seed_GCN_seed0_A_GCN_seed0,3.0,0.0,5,179665.0,"[[0, 12, 19, 6, 24, 41, 4, 29, 44, 17, 13, 0], [0, 40, 9, 31, 38, 50, 43, 8, 7, 22, 46, 0], [0, 30, 23, 26, 28, 2, 25, 11, 45, 1, 48, 0], [0, 27, 21, 47, 32, 39, 15, 16, 3, 14, 42, 0], [0, 49, 37, 10, 35, 18, 34, 33, 5, 36, 20, 0]]",2.045337997055017,0.0346710144342319,0.0477952571533929,0.2656545219045076,36.0,0.7614923857269444,0.0942011733667149,0.3278740779546822,0.6447771872581727,0.6163544952096885,0.5313090438090153,1.114874471509875,0.0252884693005663,0.0405289811396591,0.3947621816581067,0.3209901357918965,0.7591219819736628,0.7062081774515748,0.2922199740949584,133999.0,0.3407935880118508,GCN,0,5,1.0
A_GCN_seed0,A,D:\PyVRP-main\hazmat_risk_experiments\outputs_10seed\pyvrp_cvrp\extension_beta_sensitivity_10seed_GCN_seed0_A_GCN_seed0,3.0,0.0,6,179665.0,"[[0, 48, 1, 45, 11, 25, 2, 28, 26, 23, 30, 0], [0, 27, 21, 47, 32, 39, 15, 16, 3, 14, 42, 0], [0, 12, 19, 6, 24, 41, 4, 29, 44, 17, 13, 0], [0, 20, 5, 36, 33, 34, 18, 35, 10, 37, 49, 0], [0, 40, 9, 31, 38, 50, 43, 8, 7, 22, 46, 0]]",2.0448521942054554,0.0346710144342319,0.0477952571533929,0.2656545219045076,36.0,0.7614923857269444,0.0942011733667149,0.3281420310334282,0.6415651190669247,0.6124163858031244,0.5313090438090153,1.0751986863935594,0.0231431444289579,0.0390923383731898,0.3947621816581067,0.3327872655653598,0.727356296857075,0.6560022698481246,0.2870199778228758,133997.0,0.3408136003044844,GCN,0,6,1.0
A_GCN_seed0,A,D:\PyVRP-main\hazmat_risk_experiments\outputs_10seed\pyvrp_cvrp\extension_beta_sensitivity_10seed_GCN_seed0_A_GCN_seed0,3.0,0.0,7,179665.0,"[[0, 12, 19, 6, 24, 41, 4, 29, 44, 17, 13, 0], [0, 27, 21, 47, 32, 39, 15, 16, 3, 14, 42, 0], [0, 49, 37, 10, 35, 18, 34, 33, 5, 36, 20, 0], [0, 30, 23, 26, 28, 2, 25, 11, 45, 1, 48, 0], [0, 40, 9, 31, 38, 50, 43, 8, 7, 22, 46, 0]]",2.045337997055017,0.0346710144342319,0.0477952571533929,0.2656545219045076,36.0,0.7614923857269444,0.0942011733667149,0.3278740779546822,0.6447771872581727,0.6163544952096885,0.5313090438090153,1.114874471509875,0.0252884693005663,0.0405289811396591,0.3947621816581067,0.3209901357918963,0.7591219819736628,0.7062081774515748,0.2922199740949584,133998.0,0.3408035940834938,GCN,0,7,1.0405206804941334
A_GCN_seed0,A,D:\PyVRP-main\hazmat_risk_experiments\outputs_10seed\pyvrp_cvrp\extension_beta_sensitivity_10seed_GCN_seed0_A_GCN_seed0,2.0,0.0,8,169375.0,"[[0, 42, 14, 3, 16, 15, 39, 32, 47, 21, 27, 0], [0, 1, 41, 24, 19, 6, 4, 29, 44, 17, 13, 0], [0, 40, 9, 31, 38, 50, 43, 8, 7, 22, 46, 0], [0, 37, 10, 35, 18, 34, 33, 5, 36, 20, 48, 0], [0, 49, 12, 30, 23, 26, 28, 2, 25, 45, 11, 0]]",2.406526629893738,0.043826246312705,0.0608200306247667,0.3734145939377382,37.0,0.7332322404385794,0.0621367476835132,0.2671802018570499,0.6908244758205815,0.6718872947589982,0.5313090438090153,1.2367509933183531,0.0294796381608998,0.0460603975932132,0.4794543531721418,0.3141211041867979,0.762127612607302,0.701130045016526,0.3360731345439643,133998.0,0.264011403155271,GCN,0,8,0.922145719326401
A_GCN_seed0,A,D:\PyVRP-main\hazmat_risk_experiments\outputs_10seed\pyvrp_cvrp\extension_beta_sensitivity_10seed_GCN_seed0_A_GCN_seed0,3.0,0.0,9,179665.0,"[[0, 40, 9, 31, 38, 50, 43, 8, 7, 22, 46, 0], [0, 12, 19, 6, 24, 41, 4, 29, 44, 17, 13, 0], [0, 27, 21, 47, 32, 39, 15, 16, 3, 14, 42, 0], [0, 20, 5, 36, 33, 34, 18, 35, 10, 37, 49, 0], [0, 30, 23, 26, 28, 2, 25, 11, 45, 1, 48, 0]]",2.044852194205455,0.0346710144342319,0.0477952571533929,0.2656545219045076,36.0,0.7614923857269444,0.0942011733667149,0.3281420310334282,0.6415651190669251,0.6124163858031246,0.5313090438090153,1.1016919408181818,0.0255340085861731,0.0448098414254923,0.3947621816581067,0.3344035831655674,0.7463208218056334,0.6906839697863041,0.2922199740949584,133997.0,0.3408136003044844,GCN,0,9,1.0
A_GCN_seed1,A,D:\PyVRP-main\hazmat_risk_experiments\outputs_10seed\pyvrp_cvrp\extension_beta_sensitivity_10seed_GCN_seed1_A_GCN_seed1,2.0,0.0,0,169742.0,"[[0, 30, 23, 26, 28, 2, 25, 11, 16, 3, 15, 0], [0, 48, 42, 14, 13, 17, 44, 29, 47, 21, 27, 0], [0, 20, 36, 5, 33, 34, 18, 35, 10, 37, 49, 0], [0, 1, 45, 39, 32, 4, 41, 24, 6, 19, 12, 0], [0, 40, 9, 31, 38, 50, 43, 8, 7, 22, 46, 0]]",2.2824616407599283,0.0374628730618431,0.0913503948112262,0.2656545219045076,40.0,0.7422193329319118,0.1137095661857504,0.2990934992970171,0.6646346635421692,0.6437436216826115,0.5313090438090153,1.121580747705201,0.0250102104363223,0.0432134130463546,0.3883136429024748,0.2888869143980701,0.7136590154825224,0.6498334653511905,0.2922199740949584,133997.0,0.2667597035754532,GCN,1,0,0.9466797629801694
A_GCN_seed1,A,D:\PyVRP-main\hazmat_risk_experiments\outputs_10seed\pyvrp_cvrp\extension_beta_sensitivity_10seed_GCN_seed1_A_GCN_seed1,3.0,0.0,1,179125.0,"[[0, 42, 14, 3, 15, 39, 32, 47, 21, 27, 48, 0], [0, 36, 50, 38, 31, 9, 43, 8, 7, 22, 46, 0], [0, 1, 16, 45, 11, 25, 2, 28, 26, 23, 30, 0], [0, 49, 40, 37, 10, 35, 18, 34, 33, 5, 20, 0], [0, 12, 19, 6, 24, 41, 4, 29, 44, 17, 13, 0]]",2.2681076757407697,0.0370046867710393,0.079838945857302,0.2656545219045076,40.0,0.7488397888292051,0.0941838499994119,0.2794689389135378,0.6710062926203006,0.6468854618006762,0.5313090438090153,1.1044915499787509,0.0244127526617167,0.0405555279987351,0.3596864458367432,0.2637597668308313,0.7238304674590392,0.6629719508020239,0.2390890697140569,133997.0,0.3367836593356568,GCN,1,1,1.0
A_GCN_seed1,A,D:\PyVRP-main\hazmat_risk_experiments\outputs_10seed\pyvrp_cvrp\extension_beta_sensitivity_10seed_GCN_seed1_A_GCN_seed1,3.0,0.0,2,180657.0,"[[0, 39, 38, 50, 34, 33, 43, 8, 7, 22, 46, 0], [0, 30, 23, 26, 28, 2, 9, 31, 36, 5, 20, 0], [0, 12, 19, 6, 24, 41, 4, 29, 44, 17, 13, 0], [0, 48, 1, 11, 45, 25, 15, 16, 3, 14, 42, 0], [0, 27, 21, 47, 32, 18, 35, 10, 37, 40, 49, 0]]",2.2307712128811765,0.0434390711314458,0.0586636546686354,0.2656545219045076,33.0,0.722845976233515,0.0941838499994119,0.2911367952038823,0.6771989728454766,0.6543318048051204,0.5313090438090153,1.229918232845307,0.0299602948823026,0.0529888339451365,0.5099343438008327,0.374302755770296,0.7721152891850833,0.7158550248529119,0.2922199740949584,133998.0,0.3482066896520843,GCN,1,2,1.0
A_GCN_seed1,A,D:\PyVRP-main\hazmat_risk_experiments\outputs_10seed\pyvrp_cvrp\extension_beta_sensitivity_10seed_GCN_seed1_A_GCN_seed1,3.0,0.0,3,179087.0,"[[0, 36, 50, 38, 31, 9, 43, 8, 7, 22, 46, 0], [0, 20, 5, 33, 34, 18, 35, 10, 37, 40, 49, 0], [0, 12, 19, 6, 24, 41, 4, 29, 44, 17, 13, 0], [0, 42, 14, 3, 16, 15, 39, 32, 47, 21, 27, 0], [0, 1, 11, 45, 25, 2, 28, 26, 23, 30, 48, 0]]",2.250452481386395,0.0374332738953198,0.0838088896528489,0.2656545219045076,39.0,0.7614923857269444,0.0942011733667149,0.2810312926616973,0.6701852617986532,0.646718330606647,0.5313090438090153,1.1007082206485883,0.0245850625750044,0.0382787328737755,0.41696695301193,0.299593975853182,0.7160762554644935,0.6498521278469978,0.2922199740949584,133997.0,0.3365000708971096,GCN,1,3,1.0
A_GCN_seed1,A,D:\PyVRP-main\hazmat_risk_experiments\outputs_10seed\pyvrp_cvrp\extension_beta_sensitivity_10seed_GCN_seed1_A_GCN_seed1,2.0,0.0,4,170330.0,"[[0, 48, 14, 3, 15, 45, 39, 32, 47, 21, 27, 0], [0, 37, 10, 35, 18, 34, 33, 5, 20, 16, 42, 0], [0, 40, 19, 6, 24, 41, 4, 29, 44, 17, 13, 0], [0, 46, 22, 7, 8, 43, 9, 31, 38, 50, 36, 0], [0, 1, 11, 25, 2, 28, 26, 23, 30, 49, 12, 0]]",2.2928056508631034,0.0356436316388903,0.0798389458573021,0.2656545219045076,42.0,0.761424861716191,0.0598793215980111,0.2052222594012713,0.6696899464045889,0.6461939086236744,0.5313090438090153,1.0184792730028265,0.0213444805606539,0.0370764928096401,0.4683134852784581,0.309997859262396,0.7047322100497264,0.624805753240022,0.3453508784758599,133997.0,0.2711478615192877,GCN,1,4,0.8209948184368324
A_GCN_seed1,A,D:\PyVRP-main\hazmat_risk_experiments\outputs_10seed\pyvrp_cvrp\extension_beta_sensitivity_10seed_GCN_seed1_A_GCN_seed1,2.0,0.0,5,169742.0,"[[0, 12, 19, 6, 24, 41, 4, 32, 39, 11, 1, 0], [0, 15, 3, 16, 45, 25, 2, 28, 26, 23, 30, 0], [0, 20, 5, 36, 33, 34, 18, 35, 10, 37, 49, 0], [0, 40, 9, 31, 38, 50, 43, 8, 7, 22, 46, 0], [0, 27, 21, 47, 29, 44, 17, 13, 14, 42, 48, 0]]",2.2654557683042,0.038991312223208,0.0913503948112262,0.2656545219045076,38.0,0.7422193329319119,0.1137095661857504,0.3018350713911408,0.6672325377392432,0.6449240679763635,0.5313090438090153,1.1744960985568205,0.0280377088247986,0.0451140752863835,0.4451784302555568,0.3320998738491905,0.7462522624200367,0.6877678157689946,0.2870199778228758,133999.0,0.2667407965731087,GCN,1,5,0.8494219847135768
A_GCN_seed1,A,D:\PyVRP-main\hazmat_risk_experiments\outputs_10seed\pyvrp_cvrp\extension_beta_sensitivity_10seed_GCN_seed1_A_GCN_seed1,2.0,0.0,6,170091.0,"[[0, 27, 10, 37, 13, 17, 44, 20, 16, 15, 48, 0], [0, 12, 40, 9, 31, 36, 7, 8, 43, 22, 46, 0], [0, 21, 47, 29, 6, 19, 24, 41, 4, 32, 39, 0], [0, 35, 18, 34, 33, 5, 50, 38, 3, 14, 42, 0], [0, 49, 30, 23, 26, 28, 2, 25, 11, 45, 1, 0]]",2.5291298256658434,0.0525405333809289,0.0666582947841351,0.2656545219045076,33.0,0.7552062320894148,0.0727435197485364,0.1706642237609812,0.7028958579240556,0.6904891757400463,0.5313090438090153,1.173871063780712,0.0290986617385509,0.0459146133581008,0.414610987869753,0.2863233363618511,0.7723626566610688,0.7146861604084678,0.2870199778228758,133997.0,0.2693642394978992,GCN,1,6,0.818306451343173
A_GCN_seed1,A,D:\PyVRP-main\hazmat_risk_experiments\outputs_10seed\pyvrp_cvrp\extension_beta_sensitivity_10seed_GCN_seed1_A_GCN_seed1,3.0,0.0,7,179005.0,"[[0, 37, 10, 35, 18, 34, 33, 50, 38, 3, 14, 0], [0, 48, 49, 12, 30, 23, 26, 28, 2, 25, 1, 0], [0, 27, 21, 47, 32, 39, 45, 11, 15, 16, 42, 0], [0, 40, 6, 19, 24, 41, 4, 29, 44, 17, 13, 0], [0, 20, 5, 36, 31, 9, 43, 8, 7, 22, 46, 0]]",2.251127640576703,0.0389973696517707,0.0536732931665839,0.2656545219045076,37.0,0.7735070733819737,0.0942011733667149,0.2771516201501054,0.6693912007013263,0.6434289069598951,0.5313090438090153,1.0487378101186646,0.0231842989781524,0.0400889723716496,0.3930800895160783,0.2764503869154942,0.7449481883258238,0.6796192419722752,0.2870199778228758,133998.0,0.3358781474350363,GCN,1,7,1.0
A_GCN_seed1,A,D:\PyVRP-main\hazmat_risk_experiments\outputs_10seed\pyvrp_cvrp\extension_beta_sensitivity_10seed_GCN_seed1_A_GCN_seed1,3.0,0.0,8,179087.0,"[[0, 1, 11, 45, 25, 2, 28, 26, 23, 30, 49, 0], [0, 13, 17, 44, 29, 4, 41, 24, 6, 19, 12, 0], [0, 48, 40, 37, 10, 35, 18, 34, 33, 5, 20, 0], [0, 27, 21, 47, 32, 39, 15, 16, 3, 14, 42, 0], [0, 36, 50, 38, 31, 9, 43, 8, 7, 22, 46, 0]]",2.2679441566916854,0.0360181156075437,0.0838088896528489,0.2656545219045076,41.0,0.7552062320894148,0.0727435197485364,0.271258324866853,0.6689067917365654,0.641666437689016,0.5313090438090153,1.2607772397668455,0.0294949070939574,0.0481044154333816,0.4149629425206806,0.2813595803763133,0.752461376900327,0.690107072311966,0.2922199740949584,133998.0,0.3364900968671174,GCN,1,8,1.016387443247151
A_GCN_seed1,A,D:\PyVRP-main\hazmat_risk_experiments\outputs_10seed\pyvrp_cvrp\extension_beta_sensitivity_10seed_GCN_seed1_A_GCN_seed1,3.0,0.0,9,179800.0,"[[0, 13, 17, 44, 29, 4, 41, 24, 6, 19, 12, 0], [0, 42, 14, 3, 25, 2, 28, 26, 23, 30, 49, 0], [0, 36, 50, 38, 31, 9, 43, 8, 7, 22, 46, 0], [0, 1, 16, 15, 11, 45, 39, 32, 47, 21, 27, 0], [0, 48, 40, 37, 10, 35, 18, 34, 33, 5, 20, 0]]",2.2858082965538298,0.0356436316388903,0.079838945857302,0.2656545219045076,42.0,0.913526729931184,0.1042258518049643,0.2999694195489035,0.668309778095048,0.6418105738074726,0.5313090438090153,1.15016203906085,0.0253863177456136,0.0369411839500586,0.5601528602561857,0.3474480983219126,0.7166526361510874,0.6490220471737469,0.2922199740949584,133997.0,0.3418210855466913,GCN,1,9,1.0
A_GCN_seed2,A,D:\PyVRP-main\hazmat_risk_experiments\outputs_10seed\pyvrp_cvrp\extension_beta_sensitivity_10seed_GCN_seed2_A_GCN_seed2,3.0,0.0,0,190228.0,"[[0, 49, 37, 10, 35, 18, 34, 33, 5, 36, 20, 0], [0, 40, 9, 31, 38, 50, 43, 8, 7, 22, 46, 0], [0, 27, 21, 47, 32, 39, 15, 16, 3, 14, 42, 0], [0, 1, 45, 11, 25, 2, 28, 26, 23, 30, 48, 0], [0, 12, 19, 6, 24, 41, 4, 29, 44, 17, 13, 0]]",2.045337997055017,0.0346710144342319,0.0477952571533929,0.2656545219045076,36.0,0.7614923857269444,0.0942011733667149,0.3278740779546822,0.6447771872581727,0.6163544952096885,0.5313090438090153,1.1381297455493895,0.0252301235305816,0.0448098414254923,0.4172480941152979,0.3305072941556226,0.7509078667666804,0.6842197409885172,0.2922199740949584,133997.0,0.419643723366941,GCN,2,0,1.0
A_GCN_seed2,A,D:\PyVRP-main\hazmat_risk_experiments\outputs_10seed\pyvrp_cvrp\extension_beta_sensitivity_10seed_GCN_seed2_A_GCN_seed2,3.0,0.0,1,190228.0,"[[0, 13, 17, 44, 29, 4, 41, 24, 6, 19, 12, 0], [0, 27, 21, 47, 32, 39, 15, 16, 3, 14, 42, 0], [0, 40, 9, 31, 38, 50, 43, 8, 7, 22, 46, 0], [0, 49, 37, 10, 35, 18, 34, 33, 5, 36, 20, 0], [0, 48, 30, 23, 26, 28, 2, 25, 11, 45, 1, 0]]",2.062343869510745,0.033289515200636,0.0477952571533929,0.2656545219045076,38.0,0.7614923857269446,0.0942011733667149,0.3251704625035116,0.6429022239334912,0.6153219964429313,0.5313090438090153,1.0852196697626002,0.0238280047481082,0.0412677811334322,0.3947621816581067,0.3114247797306795,0.7508376969711228,0.6876494823345788,0.2870199778228758,133997.0,0.419643723366941,GCN,2,1,1.0
A_GCN_seed2,A,D:\PyVRP-main\hazmat_risk_experiments\outputs_10seed\pyvrp_cvrp\extension_beta_sensitivity_10seed_GCN_seed2_A_GCN_seed2,3.0,0.0,2,190228.0,"[[0, 40, 9, 31, 38, 50, 43, 8, 7, 22, 46, 0], [0, 12, 19, 6, 24, 41, 4, 29, 44, 17, 13, 0], [0, 48, 30, 23, 26, 28, 2, 25, 11, 45, 1, 0], [0, 27, 21, 47, 32, 39, 15, 16, 3, 14, 42, 0], [0, 20, 36, 5, 33, 34, 18, 35, 10, 37, 49, 0]]",2.0448521942054554,0.0346710144342319,0.0477952571533929,0.2656545219045076,36.0,0.7614923857269446,0.0942011733667149,0.3281420310334284,0.6415651190669251,0.6124163858031246,0.5313090438090153,1.0525185787754392,0.0232275700718357,0.0390923383731898,0.3947621816581067,0.3306831775230034,0.7426550276438502,0.6800512229024968,0.2870199778228758,133998.0,0.4196331288526694,GCN,2,2,1.0
A_GCN_seed2,A,D:\PyVRP-main\hazmat_risk_experiments\outputs_10seed\pyvrp_cvrp\extension_beta_sensitivity_10seed_GCN_seed2_A_GCN_seed2,3.0,0.0,3,190866.0,"[[0, 9, 31, 38, 50, 5, 43, 8, 7, 22, 46, 0], [0, 48, 30, 23, 26, 28, 2, 25, 11, 45, 1, 0], [0, 42, 14, 3, 16, 15, 39, 32, 47, 21, 27, 0], [0, 20, 36, 33, 34, 18, 35, 10, 37, 40, 49, 0], [0, 12, 19, 6, 24, 41, 4, 29, 44, 17, 13, 0]]",2.045712718792758,0.0346710144342319,0.0477952571533929,0.2656545219045076,36.0,0.7614923857269446,0.0942011733667149,0.3265948950354322,0.6454920933509023,0.6203930965525158,0.5313090438090153,0.932757433895996,0.0190348354601412,0.0311558480816135,0.3442442916116465,0.2947883665654003,0.6999298673597043,0.6303690153111297,0.2390890697140569,133997.0,0.4244050239930744,GCN,2,3,1.0
A_GCN_seed2,A,D:\PyVRP-main\hazmat_risk_experiments\outputs_10seed\pyvrp_cvrp\extension_beta_sensitivity_10seed_GCN_seed2_A_GCN_seed2,3.0,0.0,4,191065.0,"[[0, 20, 36, 5, 43, 8, 7, 22, 46, 45, 1, 0], [0, 11, 25, 2, 28, 26, 23, 30, 12, 49, 48, 0], [0, 42, 14, 3, 16, 15, 39, 32, 47, 21, 27, 0], [0, 40, 19, 6, 24, 41, 4, 29, 44, 17, 13, 0], [0, 9, 31, 38, 50, 33, 34, 18, 35, 10, 37, 0]]",2.065763841098456,0.033289515200636,0.0477952571533929,0.2656545219045076,38.0,0.7425030410706819,0.0942011733667149,0.3088274938711639,0.6432754844481925,0.6160246975927339,0.5313090438090153,1.0945822939774137,0.0246150936284058,0.0408422552632119,0.4975253836609237,0.3645284967181683,0.730549316901346,0.6651801157690692,0.3984817828567615,133997.0,0.4258901318686239,GCN,2,4,1.0
A_GCN_seed2,A,D:\PyVRP-main\hazmat_risk_experiments\outputs_10seed\pyvrp_cvrp\extension_beta_sensitivity_10seed_GCN_seed2_A_GCN_seed2,3.0,0.0,5,190228.0,"[[0, 27, 21, 47, 32, 39, 15, 16, 3, 14, 42, 0], [0, 12, 19, 6, 24, 41, 4, 29, 44, 17, 13, 0], [0, 49, 37, 10, 35, 18, 34, 33, 36, 5, 20, 0], [0, 30, 23, 26, 28, 2, 25, 11, 45, 1, 48, 0], [0, 40, 9, 31, 38, 50, 43, 8, 7, 22, 46, 0]]",2.045337997055017,0.0346710144342319,0.0477952571533929,0.2656545219045076,36.0,0.7614923857269444,0.0942011733667149,0.3278740779546822,0.6447771872581727,0.6163544952096885,0.5313090438090153,1.1154496379312695,0.0252884693005663,0.0405289811396591,0.3947621816581067,0.3204121124882018,0.7585335393348998,0.7058440308183507,0.2922199740949584,133999.0,0.4196225344965261,GCN,2,5,1.0
A_GCN_seed2,A,D:\PyVRP-main\hazmat_risk_experiments\outputs_10seed\pyvrp_cvrp\extension_beta_sensitivity_10seed_GCN_seed2_A_GCN_seed2,1.5,0.0,6,168750.0,"[[0, 12, 49, 30, 23, 26, 28, 2, 25, 11, 1, 0], [0, 42, 41, 24, 19, 6, 4, 29, 47, 21, 27, 0], [0, 14, 3, 38, 50, 5, 33, 34, 18, 32, 39, 0], [0, 15, 16, 20, 44, 17, 13, 37, 10, 35, 48, 0], [0, 45, 46, 22, 43, 8, 7, 36, 31, 9, 40, 0]]",2.8745774498051846,0.0613951344316011,0.1370257392523813,0.3734145939377382,34.0,1.0570334240441424,0.121937082458601,0.262647798954073,0.7308885479577352,0.7223298652880911,0.5313090438090153,1.4404569760518853,0.0387346001553434,0.0712404294364247,0.6160643775019071,0.2988427190442024,0.7931708434952718,0.7483894228440235,0.3360731345439643,133997.0,0.2593565527586438,GCN,2,6,0.9491055531367042
A_GCN_seed2,A,D:\PyVRP-main\hazmat_risk_experiments\outputs_10seed\pyvrp_cvrp\extension_beta_sensitivity_10seed_GCN_seed2_A_GCN_seed2,3.0,0.0,7,190228.0,"[[0, 40, 9, 31, 38, 50, 43, 8, 7, 22, 46, 0], [0, 12, 19, 6, 24, 41, 4, 29, 44, 17, 13, 0], [0, 1, 45, 11, 25, 2, 28, 26, 23, 30, 49, 0], [0, 37, 10, 35, 18, 34, 33, 5, 36, 20, 48, 0], [0, 27, 21, 47, 32, 39, 15, 16, 3, 14, 42, 0]]",2.045337997055017,0.0346710144342319,0.0477952571533929,0.2656545219045076,36.0,0.7552062320894148,0.0727435197485364,0.3229566286946925,0.6447771872581727,0.6163544952096885,0.5313090438090153,1.1312999339326504,0.0250893418079765,0.0448098414254923,0.4152440836240486,0.334498044025765,0.7448952023517232,0.6785794999593158,0.2922199740949584,133998.0,0.4196331288526694,GCN,2,7,1.0
A_GCN_seed2,A,D:\PyVRP-main\hazmat_risk_experiments\outputs_10seed\pyvrp_cvrp\extension_beta_sensitivity_10seed_GCN_seed2_A_GCN_seed2,2.0,0.0,8,176638.0,"[[0, 15, 3, 14, 13, 17, 44, 29, 47, 21, 27, 0], [0, 11, 25, 2, 28, 26, 23, 30, 49, 12, 48, 0], [0, 20, 5, 36, 33, 34, 18, 35, 10, 37, 40, 0], [0, 9, 31, 38, 50, 43, 8, 7, 22, 46, 45, 0], [0, 42, 16, 39, 32, 4, 6, 19, 24, 41, 1, 0]]",2.630108789543667,0.0475662681646062,0.1101546747529937,0.3734145939377382,39.0,0.9531354541843252,0.0971349785557808,0.326440784665349,0.7091267173082005,0.6955437968293926,0.5313090438090153,1.2524481378936934,0.0312122412824669,0.0539549019374244,0.4972019853977033,0.3608990328872472,0.7531504980663739,0.6958558187300439,0.3984817828567615,133998.0,0.3182137046821594,GCN,2,8,0.7625246129527654
A_GCN_seed2,A,D:\PyVRP-main\hazmat_risk_experiments\outputs_10seed\pyvrp_cvrp\extension_beta_sensitivity_10seed_GCN_seed2_A_GCN_seed2,3.0,0.0,9,191072.0,"[[0, 1, 39, 32, 47, 21, 27, 10, 37, 40, 49, 0], [0, 12, 19, 6, 24, 41, 4, 29, 44, 17, 13, 0], [0, 42, 14, 3, 9, 31, 38, 50, 5, 20, 48, 0], [0, 30, 23, 26, 28, 2, 25, 11, 45, 16, 15, 0], [0, 46, 22, 43, 8, 7, 36, 33, 34, 18, 35, 0]]",2.2282186440122738,0.0408140184629112,0.0537706142497117,0.2656545219045076,35.0,0.7231063693090521,0.0941838499994119,0.1953707959136053,0.6697404257772943,0.6446230137652912,0.5313090438090153,1.2601446919199717,0.0294657686100137,0.0509352649961117,0.3878402894659229,0.1770005054290198,0.7577418408387011,0.7069198015968203,0.2922199740949584,133997.0,0.4259423718441457,GCN,2,9,1.015978061178954
A_GCN_seed3,A,D:\PyVRP-main\hazmat_risk_experiments\outputs_10seed\pyvrp_cvrp\extension_beta_sensitivity_10seed_GCN_seed3_A_GCN_seed3,3.0,0.0,0,179465.0,"[[0, 49, 12, 30, 23, 26, 28, 2, 25, 45, 1, 0], [0, 46, 22, 7, 8, 43, 9, 31, 36, 5, 20, 0], [0, 40, 19, 6, 24, 41, 4, 29, 44, 17, 13, 0], [0, 37, 10, 35, 18, 34, 33, 50, 38, 3, 14, 0], [0, 48, 27, 21, 47, 32, 39, 11, 15, 16, 42, 0]]",2.251127640576703,0.0389973696517707,0.0536732931665839,0.2656545219045076,37.0,0.764236272749871,0.0598793215980111,0.2755043034071551,0.6693912007013263,0.6434289069598951,0.5313090438090153,1.0590503629772214,0.024696393415853,0.0395653913823533,0.3700258405200674,0.2743789549971434,0.7578780464251142,0.6951728654104465,0.2568073485783625,133997.0,0.339321029575289,GCN,3,0,1.0
A_GCN_seed3,A,D:\PyVRP-main\hazmat_risk_experiments\outputs_10seed\pyvrp_cvrp\extension_beta_sensitivity_10seed_GCN_seed3_A_GCN_seed3,3.0,0.0,1,179816.0,"[[0, 49, 30, 23, 26, 28, 2, 25, 11, 45, 1, 0], [0, 13, 17, 44, 29, 4, 41, 24, 6, 19, 12, 0], [0, 42, 14, 3, 16, 15, 39, 32, 47, 21, 27, 0], [0, 36, 50, 38, 31, 9, 43, 8, 7, 22, 46, 0], [0, 48, 40, 37, 10, 35, 18, 34, 33, 5, 20, 0]]",2.2679441566916854,0.0360181156075437,0.0838088896528488,0.2656545219045076,41.0,0.7552062320894148,0.0727435197485364,0.2712583248668532,0.6689067917365654,0.641666437689016,0.5313090438090153,1.0622844920079697,0.0235123514408357,0.0323396111823738,0.3399621484653661,0.2309497505130566,0.724166047668273,0.6619199851062816,0.2390890697140569,133997.0,0.3419404912050269,GCN,3,1,1.0
A_GCN_seed3,A,D:\PyVRP-main\hazmat_risk_experiments\outputs_10seed\pyvrp_cvrp\extension_beta_sensitivity_10seed_GCN_seed3_A_GCN_seed3,2.0,0.0,2,169488.0,"[[0, 27, 21, 47, 32, 39, 15, 16, 3, 14, 42, 0], [0, 48, 12, 30, 23, 26, 28, 2, 25, 11, 45, 0], [0, 1, 41, 24, 19, 6, 4, 29, 44, 17, 13, 0], [0, 20, 36, 5, 33, 34, 18, 35, 10, 37, 49, 0], [0, 40, 9, 31, 38, 50, 43, 8, 7, 22, 46, 0]]",2.406040827044176,0.043826246312705,0.0608200306247667,0.3734145939377382,37.0,0.739518394076109,0.0942011733667149,0.2715759231948706,0.6880074864672632,0.6685844545879323,0.5313090438090153,1.3564623859200178,0.0336177797397367,0.0594383057428187,0.4794543531721418,0.3214324892359963,0.7820268959720222,0.7237790553545631,0.3360731345439643,133998.0,0.2648546993238705,GCN,3,2,0.9300762485832126
A_GCN_seed3,A,D:\PyVRP-main\hazmat_risk_experiments\outputs_10seed\pyvrp_cvrp\extension_beta_sensitivity_10seed_GCN_seed3_A_GCN_seed3,3.0,0.0,3,179465.0,"[[0, 12, 49, 30, 23, 26, 28, 2, 25, 45, 1, 0], [0, 20, 5, 36, 31, 9, 43, 8, 7, 22, 46, 0], [0, 42, 16, 15, 11, 39, 32, 47, 21, 27, 48, 0], [0, 37, 10, 35, 18, 34, 33, 50, 38, 3, 14, 0], [0, 40, 19, 6, 24, 41, 4, 29, 44, 17, 13, 0]]",2.251127640576703,0.0389973696517707,0.0536732931665839,0.2656545219045076,37.0,0.764236272749871,0.0598793215980111,0.2755043034071549,0.6693912007013265,0.6434289069598952,0.5313090438090153,0.995360591250916,0.0220553538409483,0.0319188518070421,0.2940430337382037,0.2309959303028825,0.7311173203774499,0.6654702527251202,0.1859581653331553,133997.0,0.339321029575289,GCN,3,3,1.0
A_GCN_seed3,A,D:\PyVRP-main\hazmat_risk_experiments\outputs_10seed\pyvrp_cvrp\extension_beta_sensitivity_10seed_GCN_seed3_A_GCN_seed3,3.0,0.0,4,179465.0,"[[0, 48, 27, 21, 47, 32, 39, 11, 15, 16, 42, 0], [0, 37, 10, 35, 18, 34, 33, 50, 38, 3, 14, 0], [0, 40, 19, 6, 24, 41, 4, 29, 44, 17, 13, 0], [0, 12, 49, 30, 23, 26, 28, 2, 25, 45, 1, 0], [0, 20, 5, 36, 31, 9, 43, 8, 7, 22, 46, 0]]",2.251127640576703,0.0389973696517707,0.0536732931665839,0.2656545219045076,37.0,0.764236272749871,0.0598793215980111,0.2755043034071551,0.6693912007013263,0.6434289069598951,0.5313090438090153,1.0713433980327798,0.024696393415853,0.0395653913823533,0.3700258405200674,0.2713513628983306,0.7509524945055897,0.6878032056846174,0.2568073485783625,133997.0,0.339321029575289,GCN,3,4,1.0
A_GCN_seed3,A,D:\PyVRP-main\hazmat_risk_experiments\outputs_10seed\pyvrp_cvrp\extension_beta_sensitivity_10seed_GCN_seed3_A_GCN_seed3,3.0,0.0,5,179816.0,"[[0, 48, 20, 5, 33, 34, 18, 35, 10, 37, 40, 0], [0, 12, 19, 6, 24, 41, 4, 29, 44, 17, 13, 0], [0, 36, 50, 38, 31, 9, 43, 8, 7, 22, 46, 0], [0, 1, 45, 11, 25, 2, 28, 26, 23, 30, 49, 0], [0, 27, 21, 47, 32, 39, 15, 16, 3, 14, 42, 0]]",2.250452481386395,0.0374332738953198,0.0838088896528489,0.2656545219045076,39.0,0.7552062320894148,0.0727435197485364,0.2765620377437481,0.6701852617986532,0.646718330606647,0.5313090438090153,1.2334570373919354,0.0291866370438672,0.0481044154333816,0.4152440836240486,0.299159387738064,0.7535036713069074,0.6945757315777968,0.2922199740949584,133999.0,0.3419204620930007,GCN,3,5,1.0
A_GCN_seed3,A,D:\PyVRP-main\hazmat_risk_experiments\outputs_10seed\pyvrp_cvrp\extension_beta_sensitivity_10seed_GCN_seed3_A_GCN_seed3,3.0,0.0,6,179853.0,"[[0, 46, 22, 7, 8, 43, 9, 31, 38, 50, 36, 0], [0, 20, 5, 33, 34, 18, 35, 10, 37, 40, 49, 0], [0, 48, 13, 17, 44, 29, 4, 41, 24, 6, 19, 0], [0, 1, 45, 11, 25, 2, 28, 26, 23, 30, 12, 0], [0, 42, 14, 3, 16, 15, 39, 32, 47, 21, 27, 0]]",2.267458353842123,0.0360181156075437,0.0838088896528489,0.2656545219045076,41.0,0.758440214721618,0.0727435197485364,0.2743082864896435,0.668147656238052,0.6418039146942142,0.5313090438090153,1.0839110768140874,0.024228017632063,0.0420311992424867,0.4154057827556588,0.2960234259115393,0.7126398846643391,0.6359176934651296,0.2922199740949584,133997.0,0.3422166167899281,GCN,3,6,1.0
A_GCN_seed3,A,D:\PyVRP-main\hazmat_risk_experiments\outputs_10seed\pyvrp_cvrp\extension_beta_sensitivity_10seed_GCN_seed3_A_GCN_seed3,2.0,0.0,7,169488.0,"[[0, 40, 9, 31, 38, 50, 43, 8, 7, 22, 46, 0], [0, 13, 17, 44, 29, 4, 6, 19, 24, 41, 1, 0], [0, 12, 49, 30, 23, 26, 28, 2, 25, 11, 45, 0], [0, 20, 36, 5, 33, 34, 18, 35, 10, 37, 48, 0], [0, 42, 14, 3, 16, 15, 39, 32, 47, 21, 27, 0]]",2.406040827044176,0.043826246312705,0.0608200306247667,0.3734145939377382,37.0,0.7332322404385794,0.0621367476835132,0.267395675832899,0.6880074864672632,0.6685844545879323,0.5313090438090153,0.9272404160743656,0.0190902986631189,0.0284879461137903,0.2915638310176022,0.2531152326781141,0.6933243064878944,0.6088163436202833,0.1859581653331553,133998.0,0.2648546993238705,GCN,3,7,0.94483809689578
A_GCN_seed3,A,D:\PyVRP-main\hazmat_risk_experiments\outputs_10seed\pyvrp_cvrp\extension_beta_sensitivity_10seed_GCN_seed3_A_GCN_seed3,3.0,0.0,8,179816.0,"[[0, 12, 19, 6, 24, 41, 4, 29, 44, 17, 13, 0], [0, 48, 20, 5, 33, 34, 18, 35, 10, 37, 40, 0], [0, 49, 30, 23, 26, 28, 2, 25, 11, 45, 1, 0], [0, 36, 50, 38, 31, 9, 43, 8, 7, 22, 46, 0], [0, 27, 21, 47, 32, 39, 15, 16, 3, 14, 42, 0]]",2.2504524813863958,0.0374332738953198,0.0838088896528489,0.2656545219045076,39.0,0.7552062320894148,0.0727435197485364,0.2765620377437481,0.6701852617986535,0.6467183306066471,0.5313090438090153,1.158175102233253,0.0276500555589286,0.0407436000302791,0.3947621816581067,0.2855308464323447,0.762108417197916,0.7101049908388734,0.2870199778228758,133998.0,0.3419304765742772,GCN,3,8,1.0
A_GCN_seed3,A,D:\PyVRP-main\hazmat_risk_experiments\outputs_10seed\pyvrp_cvrp\extension_beta_sensitivity_10seed_GCN_seed3_A_GCN_seed3,3.0,0.0,9,179816.0,"[[0, 48, 40, 37, 10, 35, 18, 34, 33, 5, 20, 0], [0, 27, 21, 47, 32, 39, 15, 16, 3, 14, 42, 0], [0, 49, 30, 23, 26, 28, 2, 25, 11, 45, 1, 0], [0, 13, 17, 44, 29, 4, 41, 24, 6, 19, 12, 0], [0, 36, 50, 38, 31, 9, 43, 8, 7, 22, 46, 0]]",2.2679441566916854,0.0360181156075437,0.0838088896528489,0.2656545219045076,41.0,0.7552062320894148,0.0727435197485364,0.271258324866853,0.6689067917365654,0.641666437689016,0.5313090438090153,1.185776445711531,0.0279583256090188,0.0407436000302791,0.3947621816581067,0.2670411731543907,0.7615214202739906,0.7058100176652847,0.2870199778228758,133997.0,0.3419404912050269,GCN,3,9,1.0
A_GCN_seed4,A,D:\PyVRP-main\hazmat_risk_experiments\outputs_10seed\pyvrp_cvrp\extension_beta_sensitivity_10seed_GCN_seed4_A_GCN_seed4,1.5,0.0,0,170507.0,"[[0, 30, 23, 26, 28, 2, 25, 11, 45, 1, 48, 0], [0, 49, 13, 17, 44, 29, 4, 32, 47, 21, 27, 0], [0, 12, 19, 6, 24, 41, 42, 14, 3, 16, 15, 0], [0, 39, 9, 31, 38, 50, 43, 8, 7, 22, 46, 0], [0, 20, 36, 5, 33, 34, 18, 35, 10, 37, 40, 0]]",2.5901278753220467,0.0504986003195479,0.1165735951693432,0.3734145939377382,36.0,0.7614923857269444,0.0942011733667149,0.278638411546255,0.7124613190689684,0.7001634123312999,0.5313090438090153,1.1663515395764636,0.0276661044867349,0.0413719770438065,0.3939928200757834,0.3156493923171777,0.7491020027812125,0.6990142539521624,0.2922199740949584,133997.0,0.2724687866146257,GCN,4,0,0.8004587075563999
A_GCN_seed4,A,D:\PyVRP-main\hazmat_risk_experiments\outputs_10seed\pyvrp_cvrp\extension_beta_sensitivity_10seed_GCN_seed4_A_GCN_seed4,1.5,0.0,1,170555.0,"[[0, 45, 25, 2, 28, 26, 23, 30, 49, 14, 42, 0], [0, 40, 9, 31, 38, 50, 43, 8, 7, 22, 46, 0], [0, 12, 37, 10, 35, 18, 34, 33, 5, 36, 20, 0], [0, 15, 3, 16, 11, 39, 32, 47, 21, 27, 48, 0], [0, 1, 41, 24, 19, 6, 4, 29, 44, 17, 13, 0]]",2.426589850413277,0.0432068658551101,0.1027926118121034,0.3734145939377382,38.0,0.90505540619884,0.1182151956184417,0.3208275786786936,0.6845362461736733,0.6677302419604246,0.5313090438090153,1.3460469501502987,0.0339089955655822,0.0582798188514611,0.5089479253778868,0.3572974102880031,0.7751405908570022,0.714997299681439,0.3984817828567615,133997.0,0.2728270035896326,GCN,4,1,0.7010033586838549
A_GCN_seed4,A,D:\PyVRP-main\hazmat_risk_experiments\outputs_10seed\pyvrp_cvrp\extension_beta_sensitivity_10seed_GCN_seed4_A_GCN_seed4,3.0,0.0,2,193201.0,"[[0, 49, 37, 10, 35, 18, 34, 33, 5, 36, 20, 0], [0, 42, 14, 3, 16, 15, 39, 32, 47, 21, 27, 0], [0, 40, 9, 31, 38, 50, 43, 8, 7, 22, 46, 0], [0, 48, 1, 45, 11, 25, 2, 28, 26, 23, 30, 0], [0, 12, 19, 6, 24, 41, 4, 29, 44, 17, 13, 0]]",2.045337997055017,0.0346710144342319,0.0477952571533929,0.2656545219045076,36.0,0.7614923857269444,0.0942011733667149,0.3278740779546822,0.6447771872581727,0.6163544952096885,0.5313090438090153,0.9648892633816916,0.0198008238815275,0.0312552830575977,0.367499565651161,0.2974067483568883,0.6976460542228082,0.6197082118631841,0.2390890697140569,133998.0,0.4418200271645846,GCN,4,2,1.0
A_GCN_seed4,A,D:\PyVRP-main\hazmat_risk_experiments\outputs_10seed\pyvrp_cvrp\extension_beta_sensitivity_10seed_GCN_seed4_A_GCN_seed4,3.0,0.0,3,193201.0,"[[0, 48, 1, 45, 11, 25, 2, 28, 26, 23, 30, 0], [0, 12, 19, 6, 24, 41, 4, 29, 44, 17, 13, 0], [0, 20, 5, 36, 33, 34, 18, 35, 10, 37, 49, 0], [0, 27, 21, 47, 32, 39, 15, 16, 3, 14, 42, 0], [0, 40, 9, 31, 38, 50, 43, 8, 7, 22, 46, 0]]",2.0448521942054554,0.0346710144342319,0.0477952571533929,0.2656545219045076,36.0,0.7614923857269444,0.0942011733667149,0.3281420310334282,0.6415651190669251,0.6124163858031246,0.5313090438090153,1.0751986863935592,0.0231431444289579,0.0390923383731898,0.3947621816581067,0.3327872655653598,0.7273562968570755,0.6560022698481248,0.2870199778228758,133997.0,0.4418307872564311,GCN,4,3,1.0
A_GCN_seed4,A,D:\PyVRP-main\hazmat_risk_experiments\outputs_10seed\pyvrp_cvrp\extension_beta_sensitivity_10seed_GCN_seed4_A_GCN_seed4,3.0,0.0,4,193201.0,"[[0, 42, 14, 3, 16, 15, 39, 32, 47, 21, 27, 0], [0, 49, 37, 10, 35, 18, 34, 33, 5, 36, 20, 0], [0, 12, 19, 6, 24, 41, 4, 29, 44, 17, 13, 0], [0, 48, 1, 45, 11, 25, 2, 28, 26, 23, 30, 0], [0, 40, 9, 31, 38, 50, 43, 8, 7, 22, 46, 0]]",2.045337997055017,0.0346710144342319,0.0477952571533929,0.2656545219045076,36.0,0.7614923857269444,0.0942011733667149,0.3278740779546822,0.6447771872581727,0.6163544952096885,0.5313090438090153,0.9648892633816912,0.0198008238815275,0.0312552830575977,0.367499565651161,0.2974067483568878,0.6976460542228082,0.6197082118631841,0.2390890697140569,133997.0,0.4418307872564311,GCN,4,4,1.0
A_GCN_seed4,A,D:\PyVRP-main\hazmat_risk_experiments\outputs_10seed\pyvrp_cvrp\extension_beta_sensitivity_10seed_GCN_seed4_A_GCN_seed4,1.5,0.0,5,170507.0,"[[0, 48, 1, 11, 45, 25, 2, 28, 26, 23, 30, 0], [0, 39, 9, 31, 38, 50, 43, 8, 7, 22, 46, 0], [0, 15, 16, 3, 14, 42, 41, 24, 6, 19, 12, 0], [0, 40, 37, 10, 35, 18, 34, 33, 5, 36, 20, 0], [0, 49, 13, 17, 44, 29, 4, 32, 47, 21, 27, 0]]",2.6076195506273363,0.0482840702498827,0.1165735951693432,0.3734145939377382,38.0,0.7710763173813755,0.0942011733667149,0.280308177845572,0.7107215078487206,0.6953825624685813,0.5313090438090153,1.156742150852244,0.0272438444067492,0.0431764335991497,0.3825381377807341,0.3028339634148296,0.7259750604377291,0.6661879364134317,0.2390890697140569,133999.0,0.2724497944014508,GCN,4,5,0.9736715726956353
A_GCN_seed4,A,D:\PyVRP-main\hazmat_risk_experiments\outputs_10seed\pyvrp_cvrp\extension_beta_sensitivity_10seed_GCN_seed4_A_GCN_seed4,1.5,0.0,6,170432.0,"[[0, 49, 30, 23, 26, 28, 2, 25, 15, 16, 42, 0], [0, 11, 45, 39, 32, 4, 29, 47, 21, 27, 48, 0], [0, 1, 41, 24, 6, 19, 12, 13, 17, 44, 20, 0], [0, 37, 10, 35, 18, 34, 33, 36, 31, 9, 40, 0], [0, 14, 3, 38, 50, 5, 43, 8, 7, 22, 46, 0]]",2.718802149707677,0.0525341385656938,0.0737077111591901,0.3734145939377382,37.0,0.8862875295528789,0.1182151956184417,0.2984286832515781,0.7201907791389652,0.7088791551574812,0.5313090438090153,1.286863967272923,0.0315705065748893,0.0523170809255277,0.4965282687486499,0.33373877483256,0.7713053803026486,0.7123692482539593,0.3360731345439643,133997.0,0.2719090725911774,GCN,4,6,0.8926790737597119
A_GCN_seed4,A,D:\PyVRP-main\hazmat_risk_experiments\outputs_10seed\pyvrp_cvrp\extension_beta_sensitivity_10seed_GCN_seed4_A_GCN_seed4,3.0,0.0,7,193285.0,"[[0, 27, 21, 47, 32, 39, 15, 16, 3, 14, 42, 0], [0, 12, 37, 10, 35, 18, 34, 33, 5, 36, 20, 0], [0, 48, 1, 45, 11, 25, 2, 28, 26, 23, 30, 0], [0, 40, 9, 31, 38, 50, 43, 8, 7, 22, 46, 0], [0, 19, 6, 24, 41, 4, 29, 44, 17, 13, 49, 0]]",2.0563224473443285,0.033289515200636,0.0477952571533929,0.2656545219045076,38.0,0.7614923857269444,0.0942011733667149,0.3248644805910967,0.6454220102852088,0.6171238118701022,0.5313090438090153,1.102745387032015,0.0236469498984275,0.0412677811334322,0.3947621816581067,0.3126819513238548,0.7356601983748017,0.6660837865471636,0.2870199778228758,133998.0,0.44244690219257,GCN,4,7,1.0
A_GCN_seed4,A,D:\PyVRP-main\hazmat_risk_experiments\outputs_10seed\pyvrp_cvrp\extension_beta_sensitivity_10seed_GCN_seed4_A_GCN_seed4,1.0,0.0,8,161244.0,"[[0, 20, 44, 38, 50, 33, 34, 18, 35, 10, 37, 0], [0, 42, 14, 3, 16, 25, 2, 28, 26, 23, 30, 0], [0, 48, 1, 41, 24, 19, 6, 17, 13, 49, 12, 0], [0, 40, 9, 31, 36, 5, 43, 8, 7, 22, 46, 0], [0, 15, 11, 45, 39, 32, 4, 29, 47, 21, 27, 0]]",2.828405027673201,0.0544662406180824,0.1333537718830281,0.3734145939377382,38.0,0.8892961468088297,0.1182151956184417,0.2423753275458289,0.7316292756429259,0.724172167683025,0.5313090438090153,1.548730603673625,0.0424344855614759,0.0763581883003579,0.4924855427151384,0.2575755023730406,0.7818682537119257,0.7432789271975043,0.2987316751501905,133998.0,0.2033313930058657,GCN,4,8,0.8083404864069499
A_GCN_seed4,A,D:\PyVRP-main\hazmat_risk_experiments\outputs_10seed\pyvrp_cvrp\extension_beta_sensitivity_10seed_GCN_seed4_A_GCN_seed4,2.0,0.0,9,178179.0,"[[0, 27, 21, 47, 32, 39, 15, 16, 3, 14, 42, 0], [0, 48, 49, 30, 23, 26, 28, 2, 25, 45, 11, 0], [0, 1, 41, 24, 19, 6, 4, 29, 44, 17, 13, 0], [0, 40, 9, 31, 38, 50, 43, 8, 7, 22, 46, 0], [0, 12, 37, 10, 35, 18, 34, 33, 36, 5, 20, 0]]",2.4065266298937376,0.043826246312705,0.0608200306247667,0.3734145939377382,37.0,0.7362844114439057,0.0942011733667149,0.2692094640924478,0.6908244758205817,0.6718872947589983,0.5313090438090153,1.3702494559782994,0.0340531812125704,0.0632224206551947,0.4794543531721418,0.3087081903677398,0.7918014637696351,0.7351623139824096,0.3360731345439643,133997.0,0.3297237997865624,GCN,4,9,0.8280235582309486
