beta,lambda_concentration,seed,is_feasible,pyvrp_cost,num_routes,routes,global_risk,global_cvar90,max_vehicle_risk,max_vehicle_cvar90,vehicle_risk_gini,risk_variance,edge_burden_gini_used,top10_burden_share,max_edge_burden
0.0,0.0,0,True,133997,5,"[[0, 14, 42, 41, 1, 45, 11, 15, 3, 16, 48, 0], [0, 18, 32, 4, 29, 19, 6, 24, 40, 20, 44, 0], [0, 27, 35, 5, 36, 28, 26, 23, 30, 12, 49, 0], [0, 46, 22, 7, 8, 43, 33, 34, 2, 25, 39, 0], [0, 17, 13, 10, 37, 50, 38, 31, 9, 47, 21, 0]]",6.8969634546026075,0.1821161213182217,1.876165170898907,0.25736532540091184,0.09979730191807779,0.07141475669588034,0.8708468331306405,0.8879878314723217,0.964000187223625
0.0,0.0,1,True,133997,5,"[[0, 17, 13, 10, 37, 50, 38, 31, 9, 47, 21, 0], [0, 18, 32, 4, 29, 6, 19, 24, 40, 20, 44, 0], [0, 14, 42, 41, 1, 11, 45, 15, 3, 16, 48, 0], [0, 46, 22, 7, 8, 43, 33, 34, 2, 25, 39, 0], [0, 27, 35, 5, 36, 28, 26, 23, 30, 12, 49, 0]]",6.896963454602607,0.1821161213182217,1.8761651708989076,0.25736532540091184,0.09979730191807779,0.07141475669588042,0.8708468331306405,0.8879878314723217,0.964000187223625
0.0,0.0,2,True,133998,5,"[[0, 16, 3, 15, 45, 11, 1, 41, 42, 14, 48, 0], [0, 25, 2, 34, 33, 43, 8, 7, 22, 46, 39, 0], [0, 38, 31, 9, 47, 21, 27, 23, 30, 49, 12, 0], [0, 26, 28, 36, 5, 35, 10, 37, 50, 13, 17, 0], [0, 44, 20, 40, 24, 6, 19, 29, 4, 32, 18, 0]]",8.876020231565553,0.3102981423169891,2.4769259352961126,0.4407174648245621,0.17832587367303243,0.32402607933083694,0.8754206198261973,0.8946667642067513,0.964000187223625
0.0,0.0,3,True,133998,5,"[[0, 12, 49, 30, 23, 26, 28, 36, 5, 20, 44, 0], [0, 14, 42, 41, 1, 45, 11, 15, 3, 16, 48, 0], [0, 27, 35, 10, 37, 50, 38, 31, 9, 47, 21, 0], [0, 25, 2, 34, 33, 43, 8, 7, 22, 46, 39, 0], [0, 18, 32, 4, 29, 19, 6, 24, 40, 13, 17, 0]]",6.625346781088705,0.18490938515488942,1.7302238817809974,0.26566121123783365,0.14821350315144466,0.13061925799014412,0.8730109677788456,0.8879966113108573,0.964000187223625
0.0,0.0,4,True,133997,5,"[[0, 48, 14, 42, 41, 1, 45, 11, 15, 3, 16, 0], [0, 44, 20, 40, 24, 19, 6, 4, 32, 29, 12, 0], [0, 25, 2, 34, 33, 43, 8, 7, 22, 46, 39, 0], [0, 27, 35, 5, 36, 28, 26, 23, 30, 18, 49, 0], [0, 17, 13, 10, 37, 50, 38, 31, 9, 47, 21, 0]]",8.02469428009757,0.20398743992101534,2.6616813241914397,0.5029761390955563,0.19779458343760292,0.35415162553010504,0.8885221032040589,0.9067036176292751,1.5153866407850478
0.0,0.0,5,True,133999,5,"[[0, 16, 3, 14, 42, 41, 1, 45, 39, 11, 15, 0], [0, 18, 32, 4, 29, 6, 19, 24, 40, 20, 44, 0], [0, 25, 2, 34, 33, 35, 10, 37, 50, 13, 17, 0], [0, 46, 22, 7, 8, 43, 5, 36, 28, 26, 12, 0], [0, 48, 38, 31, 9, 47, 21, 27, 23, 30, 49, 0]]",8.95880307734842,0.31323958913560956,2.0791090930050276,0.3722508872243836,0.08027134745409281,0.06799345881187653,0.873882316816524,0.8925919213218756,0.964000187223625
0.0,0.0,6,True,133997,5,"[[0, 16, 3, 14, 42, 41, 1, 45, 11, 39, 48, 0], [0, 15, 46, 22, 7, 8, 43, 17, 13, 18, 49, 0], [0, 27, 35, 10, 37, 50, 38, 31, 9, 47, 21, 0], [0, 12, 29, 4, 32, 6, 19, 24, 40, 20, 44, 0], [0, 25, 2, 34, 33, 5, 36, 28, 26, 23, 30, 0]]",8.093584349239148,0.21758371130626405,2.082292589012127,0.4047159653123319,0.12530266438482718,0.14361689233872404,0.8908637451985666,0.9116274590035522,1.5153866407850478
0.0,0.0,7,True,133998,5,"[[0, 13, 17, 43, 33, 34, 5, 2, 25, 45, 11, 0], [0, 16, 1, 41, 42, 12, 49, 14, 3, 15, 48, 0], [0, 44, 20, 40, 24, 19, 6, 29, 4, 32, 18, 0], [0, 30, 23, 26, 28, 36, 8, 7, 22, 46, 39, 0], [0, 21, 47, 9, 31, 38, 50, 37, 10, 35, 27, 0]]",7.951670638558523,0.20762159886150314,2.5189121661654097,0.3341616890169305,0.19450810135222385,0.32716254883947055,0.8744103463444037,0.8912124237815268,0.964000187223625
0.0,0.0,8,True,133998,5,"[[0, 48, 14, 42, 41, 1, 45, 11, 15, 3, 16, 0], [0, 49, 18, 12, 29, 32, 4, 6, 19, 24, 40, 0], [0, 44, 20, 34, 33, 5, 36, 28, 26, 23, 30, 0], [0, 17, 13, 37, 10, 35, 22, 43, 8, 7, 46, 0], [0, 27, 21, 47, 9, 31, 38, 50, 2, 25, 39, 0]]",7.918279123834667,0.2744702765019638,2.5581049305866337,0.46514230974463616,0.19010164156515752,0.3125568361256492,0.8878215571503056,0.90063054304827,1.5153866407850478
0.0,0.0,9,True,133997,5,"[[0, 48, 15, 45, 11, 1, 41, 42, 14, 3, 16, 0], [0, 27, 35, 5, 36, 28, 26, 23, 30, 12, 49, 0], [0, 21, 47, 9, 31, 38, 50, 37, 10, 13, 17, 0], [0, 25, 2, 34, 33, 43, 8, 7, 22, 46, 39, 0], [0, 44, 20, 40, 24, 6, 19, 29, 4, 32, 18, 0]]",6.678639269805828,0.18672426604401848,1.9680434027945408,0.2584052296980152,0.14310494830627118,0.12758327941411643,0.8746181837383167,0.8896066157786254,0.964000187223625
1.0,0.0,0,True,159374,5,"[[0, 12, 30, 23, 26, 28, 2, 25, 11, 45, 15, 0], [0, 37, 10, 35, 18, 32, 4, 29, 47, 21, 27, 0], [0, 42, 16, 1, 41, 24, 6, 19, 17, 13, 49, 0], [0, 20, 44, 38, 50, 36, 31, 9, 3, 14, 48, 0], [0, 39, 46, 22, 7, 8, 43, 33, 34, 5, 40, 0]]",3.1041257642559597,0.08825383330091564,0.8997587077182154,0.0945682229708057,0.17078635153400645,0.03786903437630067,0.8195110548912992,0.7954604439923416,0.7093812137988519
1.0,0.0,1,True,158813,5,"[[0, 37, 10, 35, 18, 34, 33, 36, 31, 9, 40, 0], [0, 1, 46, 22, 7, 8, 43, 5, 50, 38, 39, 0], [0, 42, 14, 3, 16, 20, 44, 17, 13, 12, 48, 0], [0, 49, 30, 23, 26, 28, 2, 25, 45, 11, 15, 0], [0, 41, 24, 19, 6, 32, 4, 29, 47, 21, 27, 0]]",2.942454682459444,0.08089002778125848,1.0446847498258431,0.12167345035371989,0.30683567800558054,0.1072043394880113,0.8092744664886806,0.7757981148136648,0.7093812137988519
1.0,0.0,2,True,159046,5,"[[0, 15, 11, 45, 25, 2, 28, 26, 23, 30, 49, 0], [0, 37, 10, 35, 18, 34, 33, 36, 7, 8, 40, 0], [0, 39, 9, 31, 38, 50, 5, 43, 22, 46, 1, 0], [0, 42, 14, 3, 16, 20, 44, 17, 13, 12, 48, 0], [0, 41, 24, 19, 6, 32, 4, 29, 47, 21, 27, 0]]",2.8565248531165413,0.07527559486647535,1.0446847498258431,0.12167345035371989,0.3288588675983992,0.1158976647946556,0.80363975900609,0.7679615849375891,0.7093812137988519
1.0,0.0,3,True,158849,5,"[[0, 21, 47, 29, 4, 32, 19, 6, 24, 41, 42, 0], [0, 11, 45, 46, 22, 7, 8, 43, 5, 36, 40, 0], [0, 1, 16, 20, 44, 17, 13, 37, 10, 27, 48, 0], [0, 35, 18, 34, 33, 50, 38, 31, 9, 3, 14, 0], [0, 49, 12, 30, 23, 26, 28, 2, 25, 39, 15, 0]]",2.9488656287319532,0.08001982691653499,1.0026494024256747,0.11706722555911885,0.2956522368200345,0.10005520037900104,0.8089016982505146,0.7811332083484133,0.7093812137988519
1.0,0.0,4,True,158849,5,"[[0, 1, 41, 24, 19, 6, 32, 4, 29, 47, 21, 0], [0, 42, 16, 20, 44, 17, 13, 37, 10, 27, 48, 0], [0, 14, 3, 9, 31, 38, 50, 33, 34, 18, 35, 0], [0, 45, 39, 25, 2, 28, 26, 23, 30, 12, 49, 0], [0, 40, 36, 5, 43, 8, 7, 22, 46, 11, 15, 0]]",2.706476739823546,0.07391387410040064,0.9278772335361967,0.10314788226873425,0.335067165886884,0.11130548580066935,0.7975264954137915,0.7648033794386979,0.7093812137988519
1.0,0.0,5,True,159343,5,"[[0, 27, 21, 47, 29, 4, 32, 18, 35, 10, 37, 0], [0, 30, 23, 26, 28, 2, 25, 11, 45, 15, 48, 0], [0, 49, 12, 19, 6, 24, 41, 42, 16, 3, 14, 0], [0, 13, 17, 44, 20, 36, 43, 8, 7, 22, 46, 0], [0, 40, 34, 33, 5, 50, 38, 31, 9, 39, 1, 0]]",2.8366150362346323,0.05896644324579095,0.8982268164736903,0.12384914703859516,0.25880562222491355,0.07062415832026671,0.8028417851226612,0.7749787575920685,0.7093812137988519
1.0,0.0,6,True,158849,5,"[[0, 1, 16, 20, 44, 17, 13, 37, 10, 27, 48, 0], [0, 21, 47, 29, 4, 32, 19, 6, 24, 41, 42, 0], [0, 49, 12, 30, 23, 26, 28, 2, 25, 39, 15, 0], [0, 45, 11, 46, 22, 7, 8, 43, 5, 36, 40, 0], [0, 35, 18, 34, 33, 50, 38, 31, 9, 3, 14, 0]]",2.9488656287319532,0.08001982691653496,1.0026494024256747,0.11706722555911885,0.2956522368200345,0.10005520037900104,0.8089016982505146,0.7811332083484133,0.7093812137988519
1.0,0.0,7,True,158849,5,"[[0, 35, 18, 34, 33, 50, 38, 31, 9, 3, 14, 0], [0, 45, 11, 46, 22, 7, 8, 43, 36, 5, 40, 0], [0, 42, 41, 24, 19, 6, 32, 4, 29, 47, 21, 0], [0, 15, 39, 25, 2, 28, 26, 23, 30, 12, 49, 0], [0, 48, 27, 10, 37, 13, 17, 44, 20, 16, 1, 0]]",2.9488656287319532,0.08001982691653499,1.0026494024256747,0.11706722555911887,0.2956522368200343,0.10005520037900104,0.8089016982505146,0.7811332083484133,0.7093812137988519
1.0,0.0,8,True,158849,5,"[[0, 48, 27, 10, 37, 13, 17, 44, 20, 16, 1, 0], [0, 21, 47, 29, 4, 32, 6, 19, 24, 41, 42, 0], [0, 40, 36, 5, 43, 8, 7, 22, 46, 45, 11, 0], [0, 49, 12, 30, 23, 26, 28, 2, 25, 39, 15, 0], [0, 35, 18, 34, 33, 50, 38, 31, 9, 3, 14, 0]]",2.7064338815464977,0.07391387410040064,1.0026494024256747,0.11706722555911885,0.35796603962735873,0.12567787464048688,0.7984310518109159,0.7648154906361473,0.7093812137988519
1.0,0.0,9,True,158805,5,"[[0, 15, 11, 45, 25, 2, 28, 26, 23, 30, 49, 0], [0, 48, 42, 16, 3, 14, 12, 13, 17, 44, 20, 0], [0, 40, 9, 31, 36, 33, 34, 18, 35, 10, 37, 0], [0, 39, 38, 50, 5, 43, 8, 7, 22, 46, 1, 0], [0, 41, 24, 19, 6, 32, 4, 29, 47, 21, 27, 0]]",2.698766788379075,0.053422984326197846,1.0446847498258431,0.12167345035371989,0.3762294225967415,0.13708695560705195,0.7920912224692898,0.7524891076028678,0.7093812137988519
