beta,lambda_concentration,seed,is_feasible,pyvrp_cost,num_routes,routes,global_risk,global_cvar90,max_vehicle_risk,max_vehicle_cvar90,vehicle_risk_gini,risk_variance,edge_burden_gini_used,top10_burden_share,max_edge_burden
0.0,0.0,0,True,133997,5,"[[0, 14, 42, 41, 1, 45, 11, 15, 3, 16, 48, 0], [0, 18, 32, 4, 29, 19, 6, 24, 40, 20, 44, 0], [0, 27, 35, 5, 36, 28, 26, 23, 30, 12, 49, 0], [0, 46, 22, 7, 8, 43, 33, 34, 2, 25, 39, 0], [0, 17, 13, 10, 37, 50, 38, 31, 9, 47, 21, 0]]",8.049023638312065,0.24097328161199888,2.244473607133841,0.3446727003902197,0.10387334768448864,0.11159066590308146,0.8700251765717748,0.8949190685575911,1.1597678661346436
0.0,0.0,1,True,133997,5,"[[0, 17, 13, 10, 37, 50, 38, 31, 9, 47, 21, 0], [0, 18, 32, 4, 29, 6, 19, 24, 40, 20, 44, 0], [0, 14, 42, 41, 1, 11, 45, 15, 3, 16, 48, 0], [0, 46, 22, 7, 8, 43, 33, 34, 2, 25, 39, 0], [0, 27, 35, 5, 36, 28, 26, 23, 30, 12, 49, 0]]",8.049023638312065,0.24097328161199888,2.244473607133841,0.3446727003902197,0.10387334768448864,0.11159066590308146,0.8700251765717748,0.8949190685575911,1.1597678661346436
0.0,0.0,2,True,133998,5,"[[0, 16, 3, 15, 45, 11, 1, 41, 42, 14, 48, 0], [0, 25, 2, 34, 33, 43, 8, 7, 22, 46, 39, 0], [0, 38, 31, 9, 47, 21, 27, 23, 30, 49, 12, 0], [0, 26, 28, 36, 5, 35, 10, 37, 50, 13, 17, 0], [0, 44, 20, 40, 24, 6, 19, 29, 4, 32, 18, 0]]",9.92597251546249,0.3483840082413875,2.810687871358823,0.5100891515612602,0.18741513517024533,0.45643016011984827,0.8711227538048147,0.8953405764711573,1.1597678661346436
0.0,0.0,3,True,133998,5,"[[0, 12, 49, 30, 23, 26, 28, 36, 5, 20, 44, 0], [0, 14, 42, 41, 1, 45, 11, 15, 3, 16, 48, 0], [0, 27, 35, 10, 37, 50, 38, 31, 9, 47, 21, 0], [0, 25, 2, 34, 33, 43, 8, 7, 22, 46, 39, 0], [0, 18, 32, 4, 29, 19, 6, 24, 40, 13, 17, 0]]",7.5732934789630235,0.22540806246300538,2.0868901073699817,0.2382382689975202,0.17089463812128924,0.2177143506698583,0.8707975684440639,0.8917562537132708,1.1597678661346436
0.0,0.0,4,True,133997,5,"[[0, 48, 14, 42, 41, 1, 45, 11, 15, 3, 16, 0], [0, 44, 20, 40, 24, 19, 6, 4, 32, 29, 12, 0], [0, 25, 2, 34, 33, 43, 8, 7, 22, 46, 39, 0], [0, 27, 35, 5, 36, 28, 26, 23, 30, 18, 49, 0], [0, 17, 13, 10, 37, 50, 38, 31, 9, 47, 21, 0]]",8.720430503984971,0.25513129597229345,3.022895592250279,0.5693810105323791,0.19775683280363054,0.47770828432067336,0.8827311283624588,0.9049700343972099,1.7263656854629517
0.0,0.0,5,True,133999,5,"[[0, 16, 3, 14, 42, 41, 1, 45, 39, 11, 15, 0], [0, 18, 32, 4, 29, 6, 19, 24, 40, 20, 44, 0], [0, 25, 2, 34, 33, 35, 10, 37, 50, 13, 17, 0], [0, 46, 22, 7, 8, 43, 5, 36, 28, 26, 12, 0], [0, 48, 38, 31, 9, 47, 21, 27, 23, 30, 49, 0]]",10.328319990869204,0.3620589937155063,2.3793298247037455,0.3446727003902197,0.08234217560730128,0.10253567581577419,0.86852135573196,0.8849033097388022,1.1597678661346436
0.0,0.0,6,True,133997,5,"[[0, 16, 3, 14, 42, 41, 1, 45, 11, 39, 48, 0], [0, 15, 46, 22, 7, 8, 43, 17, 13, 18, 49, 0], [0, 27, 35, 10, 37, 50, 38, 31, 9, 47, 21, 0], [0, 12, 29, 4, 32, 6, 19, 24, 40, 20, 44, 0], [0, 25, 2, 34, 33, 5, 36, 28, 26, 23, 30, 0]]",9.004933987631375,0.25653184461407363,2.386433168685471,0.4064044915139675,0.1390542445348375,0.20350067107121403,0.8875868702843417,0.9116026013480617,1.7263656854629517
0.0,0.0,7,True,133998,5,"[[0, 13, 17, 43, 33, 34, 5, 2, 25, 45, 11, 0], [0, 16, 1, 41, 42, 12, 49, 14, 3, 15, 48, 0], [0, 44, 20, 40, 24, 19, 6, 29, 4, 32, 18, 0], [0, 30, 23, 26, 28, 36, 8, 7, 22, 46, 39, 0], [0, 21, 47, 9, 31, 38, 50, 37, 10, 35, 27, 0]]",8.979968988223845,0.24138883106848774,2.785458447651763,0.35187418075899285,0.19994365523358382,0.41920427026146073,0.8724661146168422,0.9011244851668393,1.1597678661346436
0.0,0.0,8,True,133998,5,"[[0, 48, 14, 42, 41, 1, 45, 11, 15, 3, 16, 0], [0, 49, 18, 12, 29, 32, 4, 6, 19, 24, 40, 0], [0, 44, 20, 34, 33, 5, 36, 28, 26, 23, 30, 0], [0, 17, 13, 37, 10, 35, 22, 43, 8, 7, 46, 0], [0, 27, 21, 47, 9, 31, 38, 50, 2, 25, 39, 0]]",8.737518075191474,0.3025217711065824,2.4560023473313777,0.4285114884376526,0.13111719599352423,0.17784143928653784,0.882262517015624,0.9021640564408206,1.7263656854629517
0.0,0.0,9,True,133997,5,"[[0, 48, 15, 45, 11, 1, 41, 42, 14, 3, 16, 0], [0, 27, 35, 5, 36, 28, 26, 23, 30, 12, 49, 0], [0, 21, 47, 9, 31, 38, 50, 37, 10, 13, 17, 0], [0, 25, 2, 34, 33, 43, 8, 7, 22, 46, 39, 0], [0, 44, 20, 40, 24, 6, 19, 29, 4, 32, 18, 0]]",7.648003733840596,0.2355488952377747,2.2798643917194568,0.35187418075899285,0.1565810733452282,0.19670062906972308,0.870979180580278,0.8920246572173949,1.1597678661346436
1.5,1.0,0,True,178185,5,"[[0, 48, 20, 36, 5, 33, 34, 18, 35, 10, 37, 0], [0, 49, 12, 30, 23, 26, 28, 2, 1, 16, 42, 0], [0, 40, 9, 31, 38, 50, 43, 8, 7, 22, 46, 0], [0, 19, 6, 24, 41, 4, 32, 39, 45, 11, 25, 0], [0, 15, 3, 14, 13, 17, 44, 29, 47, 21, 27, 0]]",2.154260250772495,0.038985009278569904,0.9684358962840633,0.07876569405198097,0.36200734688153924,0.08887925706012237,0.7212122771191534,0.6519387974352544,0.5600593686103821
1.5,1.0,1,True,178185,5,"[[0, 20, 5, 36, 33, 34, 18, 35, 10, 37, 12, 0], [0, 27, 21, 47, 29, 44, 17, 13, 14, 3, 15, 0], [0, 19, 6, 24, 41, 4, 32, 39, 11, 45, 25, 0], [0, 40, 9, 31, 38, 50, 43, 8, 7, 22, 46, 0], [0, 42, 16, 1, 2, 28, 26, 23, 30, 49, 48, 0]]",2.154260250772495,0.038985009278569904,0.9655391802152735,0.09629916027188301,0.3598559142919058,0.08795009440416267,0.7212122771191534,0.6519387974352544,0.5600593686103821
1.5,1.0,2,True,178202,5,"[[0, 19, 6, 24, 41, 4, 32, 39, 45, 11, 25, 0], [0, 46, 22, 7, 8, 43, 50, 38, 31, 9, 40, 0], [0, 48, 20, 5, 36, 33, 34, 18, 35, 10, 37, 0], [0, 42, 14, 12, 13, 17, 44, 29, 47, 21, 27, 0], [0, 49, 30, 23, 26, 28, 2, 1, 16, 3, 15, 0]]",2.5942749151763564,0.050165685928530164,0.7843696100317175,0.09909778088331223,0.25451394584148535,0.058371539041747036,0.7610501871628095,0.7095200304246411,0.5600593686103821
1.5,1.0,3,True,178802,5,"[[0, 46, 22, 43, 8, 7, 36, 50, 38, 31, 9, 0], [0, 49, 12, 30, 23, 26, 28, 2, 1, 16, 42, 0], [0, 20, 5, 33, 34, 18, 35, 10, 37, 40, 48, 0], [0, 27, 21, 47, 29, 44, 17, 13, 14, 3, 15, 0], [0, 19, 6, 24, 41, 4, 32, 39, 45, 11, 25, 0]]",2.363526477249252,0.0440952078335815,0.9684358962840633,0.07876569405198097,0.30720670192257415,0.07481899671454313,0.748554543397262,0.6912997999773539,0.5600593686103821
1.5,1.0,4,True,178848,5,"[[0, 45, 11, 39, 32, 4, 41, 24, 19, 6, 40, 0], [0, 48, 25, 46, 22, 43, 8, 7, 36, 5, 20, 0], [0, 9, 31, 38, 50, 33, 34, 18, 35, 10, 37, 0], [0, 49, 30, 23, 26, 28, 2, 1, 16, 3, 15, 0], [0, 42, 14, 12, 13, 17, 44, 29, 47, 21, 27, 0]]",2.3830440384372196,0.0440952078335815,0.7843696100317175,0.09909778088331223,0.2660583247990391,0.053771898443819036,0.7420814265002202,0.6798511405479458,0.5600593686103821
1.5,1.0,5,True,178772,5,"[[0, 30, 23, 26, 28, 2, 1, 16, 3, 15, 48, 0], [0, 11, 45, 39, 32, 4, 41, 24, 6, 19, 20, 0], [0, 42, 14, 49, 13, 17, 44, 29, 47, 21, 27, 0], [0, 46, 22, 7, 8, 43, 50, 38, 31, 9, 40, 0], [0, 12, 37, 10, 35, 18, 34, 33, 5, 36, 25, 0]]",2.586368528955063,0.05260885397301001,0.7860470520317904,0.0951955147087574,0.2533377671906467,0.057830284896561904,0.7638294166206336,0.7102809424722775,0.5600593686103821
1.5,1.0,6,True,178185,5,"[[0, 27, 21, 47, 29, 44, 17, 13, 14, 3, 15, 0], [0, 49, 12, 30, 23, 26, 28, 2, 1, 16, 42, 0], [0, 19, 6, 24, 41, 4, 32, 39, 11, 45, 25, 0], [0, 40, 9, 31, 38, 50, 43, 8, 7, 22, 46, 0], [0, 37, 10, 35, 18, 34, 33, 5, 36, 20, 48, 0]]",2.1540781369294564,0.038985009278569904,0.9684358962840633,0.07876569405198097,0.36210558733992904,0.0888987283866971,0.7247041122781768,0.6550148759765457,0.5600593686103821
1.5,1.0,7,True,179153,5,"[[0, 39, 32, 4, 41, 24, 6, 19, 12, 49, 14, 0], [0, 25, 11, 45, 13, 17, 44, 29, 47, 21, 27, 0], [0, 40, 9, 31, 38, 50, 43, 8, 7, 22, 46, 0], [0, 15, 3, 16, 42, 1, 2, 28, 26, 23, 30, 0], [0, 48, 37, 10, 35, 18, 34, 33, 5, 36, 20, 0]]",2.1853862191237567,0.038985009278569904,0.9609194855147507,0.12552160397171974,0.3496968452604947,0.08406377288046775,0.7126501086863359,0.6416812654261845,0.5600593686103821
1.5,1.0,8,True,179214,5,"[[0, 40, 37, 10, 13, 17, 44, 29, 47, 21, 27, 0], [0, 48, 25, 46, 22, 43, 8, 7, 36, 5, 20, 0], [0, 45, 11, 39, 32, 4, 41, 24, 6, 19, 12, 0], [0, 49, 30, 23, 26, 28, 2, 1, 16, 42, 14, 0], [0, 35, 18, 34, 33, 50, 38, 31, 9, 3, 15, 0]]",2.3503594390094804,0.048528130166232586,0.9775791934953304,0.09629916027188301,0.3120834743302052,0.0775234120560779,0.7466973916687305,0.6868770557838714,0.5600593686103821
1.5,1.0,9,True,179248,5,"[[0, 48, 25, 46, 22, 7, 8, 43, 5, 36, 20, 0], [0, 40, 10, 37, 13, 17, 44, 29, 47, 21, 27, 0], [0, 14, 42, 16, 1, 2, 28, 26, 23, 30, 49, 0], [0, 35, 18, 34, 33, 50, 38, 31, 9, 3, 15, 0], [0, 12, 19, 6, 24, 41, 4, 32, 39, 11, 45, 0]]",2.5499669594901206,0.05847245727976163,0.9775791934953304,0.09629916027188301,0.30449674926858905,0.07917005065293312,0.7692299298344325,0.7162593968788294,0.5600593686103821
