beta,lambda_concentration,seed,is_feasible,pyvrp_cost,num_routes,routes,global_risk,global_cvar90,max_vehicle_risk,max_vehicle_cvar90,vehicle_risk_gini,risk_variance,edge_burden_gini_used,top10_burden_share,max_edge_burden
0.0,0.0,0,True,133997,5,"[[0, 14, 42, 41, 1, 45, 11, 15, 3, 16, 48, 0], [0, 18, 32, 4, 29, 19, 6, 24, 40, 20, 44, 0], [0, 27, 35, 5, 36, 28, 26, 23, 30, 12, 49, 0], [0, 46, 22, 7, 8, 43, 33, 34, 2, 25, 39, 0], [0, 17, 13, 10, 37, 50, 38, 31, 9, 47, 21, 0]]",6.546490030782479,0.20993713389283844,2.2053252007463016,0.340305388905108,0.16754150101717946,0.21219419960676394,0.8738617036800647,0.8965840803122561,0.8523394465446472
0.0,0.0,1,True,133997,5,"[[0, 17, 13, 10, 37, 50, 38, 31, 9, 47, 21, 0], [0, 18, 32, 4, 29, 6, 19, 24, 40, 20, 44, 0], [0, 14, 42, 41, 1, 11, 45, 15, 3, 16, 48, 0], [0, 46, 22, 7, 8, 43, 33, 34, 2, 25, 39, 0], [0, 27, 35, 5, 36, 28, 26, 23, 30, 12, 49, 0]]",6.546490030782479,0.20993713389283844,2.2053252007463016,0.340305388905108,0.16754150101717946,0.21219419960676392,0.8738617036800647,0.8965840803122561,0.8523394465446472
0.0,0.0,2,True,133998,5,"[[0, 16, 3, 15, 45, 11, 1, 41, 42, 14, 48, 0], [0, 25, 2, 34, 33, 43, 8, 7, 22, 46, 39, 0], [0, 38, 31, 9, 47, 21, 27, 23, 30, 49, 12, 0], [0, 26, 28, 36, 5, 35, 10, 37, 50, 13, 17, 0], [0, 44, 20, 40, 24, 6, 19, 29, 4, 32, 18, 0]]",8.343373716820679,0.2935446479286139,2.4940487202547956,0.4264982998371124,0.2520146125505758,0.5788408661239128,0.8758062939491134,0.9018520157166796,0.8523394465446472
1.0,0.0,0,True,156548,5,"[[0, 35, 18, 34, 33, 36, 31, 9, 47, 21, 27, 0], [0, 49, 12, 40, 10, 37, 13, 17, 44, 20, 48, 0], [0, 46, 22, 7, 8, 43, 5, 50, 38, 3, 14, 0], [0, 45, 39, 32, 4, 29, 19, 6, 24, 41, 1, 0], [0, 30, 23, 26, 28, 2, 25, 11, 15, 16, 42, 0]]",2.61080610464478,0.06161456035845207,0.7255193477030843,0.07528955512680113,0.14701627245908644,0.01851876658745356,0.8095909187249142,0.7795934163095012,0.4546695649623871
1.0,0.0,1,True,156505,5,"[[0, 1, 16, 11, 45, 25, 2, 28, 26, 23, 30, 0], [0, 46, 22, 43, 8, 7, 36, 31, 9, 47, 21, 0], [0, 27, 35, 18, 34, 33, 5, 50, 38, 3, 15, 0], [0, 14, 42, 41, 24, 6, 19, 29, 4, 32, 39, 0], [0, 49, 12, 40, 37, 10, 13, 17, 44, 20, 48, 0]]",2.3782188626114475,0.05479451788194252,0.7873310007498731,0.08155945141334087,0.2098098774152839,0.03430825253461022,0.7910739808392053,0.7571376640742714,0.3796447813510895
1.0,0.0,2,True,157198,5,"[[0, 39, 45, 46, 22, 7, 8, 43, 17, 13, 12, 0], [0, 14, 42, 41, 24, 6, 19, 40, 44, 20, 48, 0], [0, 15, 3, 9, 31, 38, 50, 5, 36, 33, 34, 0], [0, 1, 16, 11, 25, 2, 28, 26, 23, 30, 49, 0], [0, 27, 21, 47, 29, 4, 32, 18, 35, 10, 37, 0]]",2.5261816689576335,0.05504228717514447,0.8277983617808786,0.11697134065131347,0.28647865605654377,0.07094497546031367,0.7858830113895283,0.7544907059343071,0.3796447813510895
