beta,lambda_concentration,seed,is_feasible,pyvrp_cost,num_routes,routes,global_risk,global_cvar90,max_vehicle_risk,max_vehicle_cvar90,vehicle_risk_gini,risk_variance,edge_burden_gini_used,top10_burden_share,max_edge_burden
0.0,0.0,0,True,133997,5,"[[0, 14, 42, 41, 1, 45, 11, 15, 3, 16, 48, 0], [0, 18, 32, 4, 29, 19, 6, 24, 40, 20, 44, 0], [0, 27, 35, 5, 36, 28, 26, 23, 30, 12, 49, 0], [0, 46, 22, 7, 8, 43, 33, 34, 2, 25, 39, 0], [0, 17, 13, 10, 37, 50, 38, 31, 9, 47, 21, 0]]",10.430999063653871,0.20259999107331672,2.9004998198943213,0.35514922067523,0.11179542905376438,0.19715623435538826,0.853905603760237,0.8927428262923159,1.188703179359436
0.0,0.0,1,True,133997,5,"[[0, 17, 13, 10, 37, 50, 38, 31, 9, 47, 21, 0], [0, 18, 32, 4, 29, 6, 19, 24, 40, 20, 44, 0], [0, 14, 42, 41, 1, 11, 45, 15, 3, 16, 48, 0], [0, 46, 22, 7, 8, 43, 33, 34, 2, 25, 39, 0], [0, 27, 35, 5, 36, 28, 26, 23, 30, 12, 49, 0]]",10.430999063653871,0.20259999107331672,2.9004998198943213,0.35514922067523,0.11179542905376438,0.1971562343553883,0.853905603760237,0.8927428262923159,1.188703179359436
0.0,0.0,2,True,133998,5,"[[0, 16, 3, 15, 45, 11, 1, 41, 42, 14, 48, 0], [0, 25, 2, 34, 33, 43, 8, 7, 22, 46, 39, 0], [0, 38, 31, 9, 47, 21, 27, 23, 30, 49, 12, 0], [0, 26, 28, 36, 5, 35, 10, 37, 50, 13, 17, 0], [0, 44, 20, 40, 24, 6, 19, 29, 4, 32, 18, 0]]",12.542676162789576,0.43560291081666946,3.2724727620370686,0.5506787300109863,0.16459748896149895,0.5923884353708255,0.8564931647114524,0.8825530318015092,1.188703179359436
1.0,0.0,0,True,160051,5,"[[0, 48, 27, 10, 37, 13, 17, 44, 20, 16, 1, 0], [0, 30, 23, 26, 28, 2, 25, 45, 11, 39, 15, 0], [0, 21, 47, 29, 32, 4, 6, 19, 24, 41, 42, 0], [0, 46, 22, 7, 8, 43, 5, 50, 38, 3, 14, 0], [0, 12, 49, 40, 9, 31, 36, 33, 34, 18, 35, 0]]",4.914491266128607,0.09708967323346836,1.9713134684134275,0.19538988090223736,0.2917472457088923,0.30441674559256404,0.8006384761563115,0.7977387087829771,0.7857202887535095
1.0,0.0,1,True,159517,5,"[[0, 1, 41, 24, 6, 19, 17, 13, 12, 49, 48, 0], [0, 15, 45, 11, 39, 32, 4, 29, 47, 21, 27, 0], [0, 42, 14, 3, 16, 25, 2, 28, 26, 23, 30, 0], [0, 40, 9, 31, 36, 33, 34, 18, 35, 10, 37, 0], [0, 46, 22, 7, 8, 43, 5, 50, 38, 44, 20, 0]]",4.949418052332476,0.09004228487610817,1.632632473949343,0.23717614784836769,0.26719122187564626,0.22488553121383165,0.8094560641469697,0.8038395802114459,0.7857202887535095
1.0,0.0,2,True,159978,5,"[[0, 48, 27, 10, 37, 13, 17, 44, 20, 16, 15, 0], [0, 42, 14, 3, 38, 50, 5, 33, 34, 18, 35, 0], [0, 21, 47, 29, 32, 4, 19, 6, 24, 41, 1, 0], [0, 49, 12, 30, 23, 26, 28, 2, 25, 11, 45, 0], [0, 40, 9, 31, 36, 7, 8, 43, 22, 46, 39, 0]]",4.600123291020282,0.08990504565398867,1.410684630041942,0.16820776568991797,0.17010639955153772,0.0837415019160859,0.7939965751556792,0.7888817557746425,0.7857202887535095
