beta,lambda_concentration,seed,is_feasible,pyvrp_cost,num_routes,routes,global_risk,global_cvar90,max_vehicle_risk,max_vehicle_cvar90,vehicle_risk_gini,risk_variance,edge_burden_gini_used,top10_burden_share,max_edge_burden
0.0,0.0,0,True,145999,5,"[[0, 44, 14, 3, 15, 41, 11, 1, 37, 38, 50, 0], [0, 42, 7, 8, 34, 17, 9, 47, 43, 26, 33, 0], [0, 45, 12, 13, 24, 32, 46, 23, 10, 18, 19, 0], [0, 40, 25, 20, 35, 4, 16, 28, 30, 21, 29, 0], [0, 36, 31, 6, 22, 2, 48, 5, 39, 49, 27, 0]]",11.538926565204747,0.22040425632925084,3.9800662263296545,0.5677342514197031,0.20462279509940928,0.8278865922626364,0.8518820145563357,0.8904292932180552,1.227805733680725
0.0,0.0,1,True,145999,5,"[[0, 6, 22, 5, 2, 48, 43, 9, 47, 31, 36, 0], [0, 12, 45, 13, 24, 32, 46, 23, 10, 18, 19, 0], [0, 27, 49, 39, 17, 34, 8, 7, 30, 21, 29, 0], [0, 33, 26, 28, 16, 4, 35, 20, 25, 40, 44, 0], [0, 14, 3, 15, 42, 41, 11, 1, 37, 38, 50, 0]]",12.499066953896545,0.22660779894567004,3.9295673315646127,0.6920607388019562,0.20236313449835586,0.8154032082856476,0.8641342776925858,0.9054274045683582,1.999999761581421
0.0,0.0,2,True,146664,5,"[[0, 27, 49, 39, 17, 34, 8, 7, 16, 12, 45, 0], [0, 35, 4, 6, 22, 5, 43, 47, 9, 31, 36, 0], [0, 33, 26, 28, 30, 48, 2, 20, 25, 40, 19, 0], [0, 14, 3, 15, 42, 41, 11, 1, 37, 38, 50, 0], [0, 29, 21, 18, 10, 23, 46, 32, 24, 13, 44, 0]]",9.903372498345561,0.20321507955139334,3.2395050681661814,0.5034148275852204,0.2133209846269455,0.5967143951950178,0.8495903955230724,0.8857046935804506,1.227805733680725
0.0,0.0,3,True,146664,5,"[[0, 44, 50, 38, 37, 1, 41, 11, 15, 3, 14, 0], [0, 19, 18, 21, 29, 10, 23, 46, 32, 24, 13, 0], [0, 45, 12, 42, 7, 8, 34, 17, 39, 49, 27, 0], [0, 16, 35, 4, 6, 22, 5, 30, 28, 26, 33, 0], [0, 40, 25, 20, 2, 48, 43, 47, 9, 31, 36, 0]]",12.205285325995646,0.39363519767565386,3.834867598488927,0.5845898886521658,0.19888050765186005,0.8208084259209041,0.851192081755465,0.8849214631009124,1.227805733680725
0.0,0.0,4,True,147330,5,"[[0, 36, 31, 9, 47, 43, 48, 2, 20, 25, 40, 0], [0, 45, 12, 13, 24, 32, 46, 23, 10, 29, 44, 0], [0, 14, 3, 15, 42, 11, 41, 1, 37, 38, 50, 0], [0, 21, 35, 4, 6, 22, 5, 30, 28, 26, 33, 0], [0, 27, 49, 39, 17, 34, 8, 7, 16, 18, 19, 0]]",11.434523743460886,0.2100265434011817,3.1890705856494606,0.5660070955753327,0.20072918651200333,0.7031417094012344,0.8572693225672654,0.8982732823545011,1.3697315454483032
0.0,0.0,5,True,147330,5,"[[0, 27, 49, 39, 48, 2, 43, 9, 47, 31, 36, 0], [0, 14, 3, 15, 42, 11, 41, 1, 37, 38, 50, 0], [0, 33, 26, 28, 30, 8, 17, 34, 7, 16, 45, 0], [0, 12, 35, 4, 6, 22, 5, 20, 25, 40, 44, 0], [0, 29, 21, 13, 24, 32, 46, 23, 10, 18, 19, 0]]",12.099021775531583,0.3846253279064383,4.267973399255425,0.5142721782128016,0.21698872732287589,1.021378722465696,0.8478820602286887,0.8652357653562179,1.227805733680725
0.0,0.0,6,True,147330,5,"[[0, 50, 38, 37, 1, 41, 11, 15, 3, 14, 45, 0], [0, 36, 31, 9, 47, 43, 2, 48, 39, 49, 27, 0], [0, 40, 25, 20, 5, 22, 6, 4, 35, 16, 12, 0], [0, 13, 24, 32, 46, 23, 10, 29, 21, 18, 19, 0], [0, 42, 7, 34, 17, 8, 30, 28, 26, 33, 44, 0]]",12.375495178508572,0.39636945192302975,3.613233677810058,0.4736213410894076,0.17069809152850146,0.5795885924383345,0.8517480648631715,0.886597585910877,1.227805733680725
0.0,0.0,7,True,146664,5,"[[0, 19, 18, 10, 23, 46, 32, 24, 13, 21, 29, 0], [0, 33, 26, 28, 30, 5, 22, 6, 4, 35, 44, 0], [0, 12, 45, 16, 7, 8, 34, 17, 39, 49, 27, 0], [0, 40, 25, 20, 2, 48, 43, 47, 9, 31, 36, 0], [0, 14, 3, 15, 42, 11, 41, 1, 37, 38, 50, 0]]",11.457970343413763,0.3677336155836071,3.1867493882309645,0.38174496591091156,0.11738673438445302,0.251113507071877,0.8478633295996256,0.8793420080248694,1.227805733680725
0.0,0.0,8,True,147330,5,"[[0, 14, 3, 15, 42, 11, 41, 1, 37, 38, 50, 0], [0, 12, 45, 13, 46, 23, 10, 29, 21, 18, 19, 0], [0, 32, 24, 6, 22, 5, 48, 2, 20, 25, 40, 0], [0, 36, 31, 47, 9, 43, 30, 28, 26, 33, 44, 0], [0, 27, 49, 39, 17, 34, 8, 7, 16, 4, 35, 0]]",12.487982860882767,0.3972549427832876,3.284873031778261,0.43372939420597895,0.11760881578595006,0.28350973168167365,0.8541874752852576,0.8796150783842873,1.227805733680725
0.0,0.0,9,True,145999,5,"[[0, 14, 3, 15, 42, 41, 11, 1, 37, 38, 50, 0], [0, 27, 49, 39, 17, 34, 8, 7, 30, 21, 29, 0], [0, 12, 45, 13, 24, 32, 46, 23, 10, 18, 19, 0], [0, 44, 40, 25, 20, 35, 4, 16, 28, 26, 33, 0], [0, 6, 22, 5, 48, 2, 43, 47, 9, 31, 36, 0]]",12.497508919914253,0.22660779894567004,3.9295673315646127,0.6920607388019562,0.20233849559194828,0.8150957126158511,0.8637418808980932,0.9055402819964806,1.999999761581421
1.5,1.0,0,True,212011,5,"[[0, 15, 41, 11, 45, 12, 21, 18, 10, 29, 19, 0], [0, 27, 49, 37, 24, 32, 46, 5, 16, 7, 42, 0], [0, 35, 43, 4, 40, 25, 20, 3, 14, 38, 50, 0], [0, 36, 31, 6, 22, 34, 17, 39, 8, 23, 13, 0], [0, 33, 26, 30, 28, 47, 9, 48, 2, 1, 44, 0]]",4.146943271975033,0.07690846379846335,1.3663522554561496,0.1698199843189546,0.29641485779548593,0.20759654163164748,0.7501944877951805,0.7351679329482058,0.9551703929901123
1.5,1.0,1,True,212011,5,"[[0, 13, 23, 8, 39, 17, 34, 22, 6, 31, 36, 0], [0, 35, 43, 4, 40, 25, 20, 3, 14, 38, 50, 0], [0, 27, 49, 37, 24, 32, 46, 5, 16, 7, 42, 0], [0, 15, 11, 41, 12, 45, 21, 18, 10, 29, 19, 0], [0, 44, 1, 2, 48, 9, 47, 28, 30, 26, 33, 0]]",4.144622074556537,0.07690846379846335,1.3663522554561496,0.1698199843189546,0.29702890541954763,0.20812824828635507,0.7510251996386592,0.7355796640728832,0.9551703929901123
1.5,1.0,2,True,212325,5,"[[0, 44, 27, 49, 37, 4, 40, 25, 20, 3, 14, 0], [0, 1, 42, 7, 16, 5, 46, 32, 24, 31, 36, 0], [0, 50, 38, 2, 48, 47, 9, 28, 30, 26, 33, 0], [0, 15, 41, 11, 35, 43, 29, 21, 18, 10, 19, 0], [0, 6, 22, 34, 17, 39, 8, 23, 13, 12, 45, 0]]",4.140958242700435,0.08042996190488338,1.6109094864223152,0.19620418761457717,0.37880285503524,0.3421964799375935,0.7540432162675355,0.7378029784678373,0.9551703929901123
1.5,1.0,3,True,212167,5,"[[0, 45, 20, 25, 40, 4, 43, 35, 41, 11, 42, 0], [0, 19, 16, 7, 8, 39, 17, 34, 3, 14, 38, 0], [0, 1, 2, 48, 9, 47, 28, 30, 26, 33, 15, 0], [0, 44, 36, 31, 13, 23, 10, 18, 21, 29, 50, 0], [0, 12, 6, 22, 5, 46, 32, 24, 37, 49, 27, 0]]",4.183204328757711,0.07372234646408331,1.4146540651563555,0.15400636249354907,0.2863259774821105,0.20833725960753605,0.7497941809017978,0.7347652471762943,0.9551703929901123
1.5,1.0,4,True,211437,5,"[[0, 1, 2, 48, 34, 17, 39, 8, 7, 16, 19, 0], [0, 35, 43, 4, 40, 25, 20, 3, 14, 38, 50, 0], [0, 29, 21, 18, 10, 23, 13, 45, 42, 11, 41, 0], [0, 36, 31, 9, 47, 28, 30, 26, 33, 15, 44, 0], [0, 12, 6, 22, 5, 46, 32, 24, 37, 49, 27, 0]]",4.163424601429142,0.07690846379846335,1.4146540651563555,0.13476859653989473,0.19276775580933503,0.09804135174218395,0.7497135747862325,0.7342502608262811,0.9551703929901123
1.5,1.0,5,True,211978,5,"[[0, 50, 38, 1, 45, 13, 23, 10, 18, 21, 29, 0], [0, 33, 26, 30, 28, 47, 9, 2, 48, 31, 36, 0], [0, 19, 16, 7, 8, 39, 17, 34, 3, 14, 44, 0], [0, 20, 25, 40, 4, 43, 35, 41, 11, 42, 15, 0], [0, 12, 6, 22, 5, 46, 32, 24, 37, 49, 27, 0]]",4.173771978239529,0.07372234646408331,1.4146540651563555,0.15400636249354907,0.30791266554013474,0.21638720303147546,0.7505852734034746,0.7348258638221115,0.9551703929901123
1.5,1.0,6,True,210626,5,"[[0, 20, 25, 40, 4, 6, 22, 5, 16, 7, 42, 0], [0, 38, 1, 2, 48, 47, 9, 28, 30, 26, 33, 0], [0, 45, 12, 13, 23, 8, 39, 17, 34, 3, 14, 0], [0, 15, 41, 11, 35, 43, 29, 21, 18, 10, 19, 0], [0, 36, 31, 46, 32, 24, 37, 49, 27, 50, 44, 0]]",4.1584262469550595,0.07690846379846335,1.6679276213981211,0.1548254792061117,0.37767625695365914,0.3423231160769783,0.7525362514242815,0.7363255561552615,0.9551703929901123
1.5,1.0,7,True,210972,5,"[[0, 36, 31, 37, 24, 32, 46, 5, 22, 6, 44, 0], [0, 50, 38, 2, 48, 47, 9, 28, 30, 26, 33, 0], [0, 35, 43, 4, 40, 25, 20, 21, 18, 10, 29, 0], [0, 14, 3, 34, 17, 39, 8, 23, 13, 45, 12, 0], [0, 27, 49, 1, 15, 11, 41, 42, 7, 16, 19, 0]]",3.9731560182990506,0.07381004037765357,1.6109094864223152,0.19620418761457717,0.3595543827895815,0.27860171729195254,0.7433045664878215,0.7257458009657247,0.9551703929901123
1.5,1.0,8,True,212429,5,"[[0, 1, 41, 35, 43, 29, 21, 18, 10, 23, 13, 0], [0, 33, 26, 30, 28, 47, 9, 48, 2, 38, 50, 0], [0, 19, 16, 5, 22, 6, 24, 32, 46, 31, 36, 0], [0, 14, 3, 34, 17, 39, 8, 7, 42, 11, 15, 0], [0, 45, 12, 20, 25, 40, 4, 37, 49, 27, 44, 0]]",4.1491022241534665,0.08042996190488338,1.6109094864223152,0.19620418761457717,0.3853446818830144,0.3534133503893324,0.7528820713547146,0.7367375299730765,0.9551703929901123
1.5,1.0,9,True,212200,5,"[[0, 15, 35, 2, 48, 9, 47, 28, 30, 26, 33, 0], [0, 12, 45, 6, 22, 5, 16, 7, 42, 11, 41, 0], [0, 27, 49, 37, 24, 32, 46, 31, 36, 44, 50, 0], [0, 13, 23, 8, 39, 17, 34, 3, 14, 38, 1, 0], [0, 29, 43, 4, 40, 25, 20, 21, 18, 10, 19, 0]]",4.155860006692819,0.07690846379846335,1.3859220882877707,0.13476859653989473,0.2984851537101245,0.21102263092589682,0.7546963282418,0.7376152586121721,0.9551703929901123
2.0,1.0,0,True,220976,5,"[[0, 12, 13, 23, 10, 18, 21, 29, 43, 35, 15, 0], [0, 36, 31, 46, 32, 24, 37, 49, 1, 38, 50, 0], [0, 20, 25, 40, 4, 6, 22, 5, 42, 11, 41, 0], [0, 27, 44, 2, 48, 47, 9, 28, 30, 26, 33, 0], [0, 19, 16, 7, 8, 39, 17, 34, 3, 14, 45, 0]]",4.209363723755814,0.07372234646408331,1.7340200101025403,0.21261459216475487,0.378452746305872,0.34883738400949704,0.7499525970832182,0.7341417280456963,0.9551703929901123
2.0,1.0,1,True,220549,5,"[[0, 33, 26, 30, 28, 9, 47, 48, 2, 1, 38, 0], [0, 14, 3, 34, 17, 39, 8, 23, 13, 12, 45, 0], [0, 27, 49, 37, 24, 32, 46, 31, 36, 44, 50, 0], [0, 20, 25, 40, 4, 6, 22, 5, 16, 7, 42, 0], [0, 15, 11, 41, 35, 43, 29, 21, 18, 10, 19, 0]]",4.1561050495365635,0.07690846379846335,1.6679276213981211,0.1548254792061117,0.37766378907469256,0.3418072257193159,0.7533523700679277,0.7367367962369602,0.9551703929901123
2.0,1.0,2,True,220788,5,"[[0, 50, 38, 1, 49, 37, 24, 32, 46, 31, 36, 0], [0, 44, 2, 48, 9, 47, 28, 30, 26, 33, 15, 0], [0, 14, 3, 34, 17, 39, 8, 7, 16, 19, 27, 0], [0, 11, 41, 35, 43, 29, 21, 18, 10, 23, 13, 0], [0, 42, 5, 22, 6, 4, 40, 25, 20, 45, 12, 0]]",4.184697526623495,0.07690846379846335,1.7316988126840442,0.21261459216475487,0.38031020191874343,0.35062226000795266,0.7536669514481282,0.7360793793953972,0.9551703929901123
2.0,1.0,3,True,220788,5,"[[0, 45, 12, 20, 25, 40, 4, 6, 22, 5, 42, 0], [0, 44, 2, 48, 47, 9, 28, 30, 26, 33, 15, 0], [0, 13, 23, 10, 18, 21, 29, 43, 35, 41, 11, 0], [0, 50, 38, 1, 49, 37, 24, 32, 46, 31, 36, 0], [0, 14, 3, 34, 17, 39, 8, 7, 16, 19, 27, 0]]",4.1921882590977475,0.07690846379846335,1.7316988126840442,0.21261459216475487,0.37963065181179867,0.3498029645635671,0.7518570776896323,0.7347641298478853,0.9551703929901123
2.0,1.0,4,True,221723,5,"[[0, 50, 36, 31, 9, 47, 28, 30, 26, 33, 27, 0], [0, 6, 22, 5, 46, 32, 24, 37, 49, 1, 38, 0], [0, 19, 16, 7, 8, 39, 17, 34, 48, 2, 44, 0], [0, 29, 21, 18, 10, 23, 13, 45, 12, 42, 15, 0], [0, 11, 41, 35, 43, 4, 40, 25, 20, 3, 14, 0]]",4.213113976060413,0.07082587616010146,1.7823471964802593,0.16758912718958324,0.2990129199380389,0.24839287951758698,0.7468783703249902,0.7285105061537545,0.9551703929901123
2.0,1.0,5,True,220073,5,"[[0, 15, 11, 41, 35, 43, 29, 21, 18, 10, 19, 0], [0, 36, 31, 46, 32, 24, 37, 49, 1, 38, 50, 0], [0, 20, 25, 40, 4, 6, 22, 5, 16, 7, 42, 0], [0, 44, 2, 48, 47, 9, 28, 30, 26, 33, 27, 0], [0, 14, 3, 34, 17, 39, 8, 23, 13, 12, 45, 0]]",4.171172750531696,0.07690846379846335,1.7340200101025403,0.21261459216475487,0.3840824901045028,0.3539910845356182,0.7529309689114052,0.7356923091888616,0.9551703929901123
2.0,1.0,6,True,220073,5,"[[0, 14, 3, 34, 17, 39, 8, 23, 13, 12, 45, 0], [0, 15, 41, 11, 35, 43, 29, 21, 18, 10, 19, 0], [0, 36, 31, 46, 32, 24, 37, 49, 1, 38, 50, 0], [0, 44, 2, 48, 47, 9, 28, 30, 26, 33, 27, 0], [0, 42, 7, 16, 5, 22, 6, 4, 40, 25, 20, 0]]",4.171172750531696,0.07690846379846335,1.7340200101025403,0.21261459216475487,0.3840824901045028,0.3539910845356182,0.7529309689114052,0.7356923091888616,0.9551703929901123
2.0,1.0,7,True,221623,5,"[[0, 44, 27, 49, 1, 15, 11, 41, 35, 43, 29, 0], [0, 45, 12, 6, 22, 34, 17, 39, 8, 23, 13, 0], [0, 19, 10, 18, 21, 4, 40, 25, 20, 3, 14, 0], [0, 50, 38, 2, 48, 9, 47, 28, 30, 26, 33, 0], [0, 42, 7, 16, 5, 46, 32, 24, 37, 31, 36, 0]]",3.969098252360709,0.07725923176150064,1.6109094864223152,0.19620418761457717,0.4086611278806582,0.4176390187502258,0.7450831080190221,0.7264337350445866,0.9551703929901123
2.0,1.0,8,True,220788,5,"[[0, 36, 31, 46, 32, 24, 37, 49, 1, 38, 50, 0], [0, 14, 3, 34, 17, 39, 8, 7, 16, 19, 27, 0], [0, 42, 5, 22, 6, 4, 40, 25, 20, 45, 12, 0], [0, 44, 2, 48, 47, 9, 28, 30, 26, 33, 15, 0], [0, 11, 41, 35, 43, 29, 21, 18, 10, 23, 13, 0]]",4.187018724041991,0.07690846379846335,1.7340200101025403,0.21261459216475487,0.38054286934635284,0.3514538872789127,0.752853378164746,0.7356713120644705,0.9551703929901123
2.0,1.0,9,True,221349,5,"[[0, 50, 44, 27, 49, 37, 24, 32, 46, 31, 36, 0], [0, 11, 41, 42, 7, 8, 39, 17, 34, 3, 14, 0], [0, 19, 16, 5, 22, 6, 4, 40, 25, 20, 45, 0], [0, 15, 35, 43, 29, 21, 18, 10, 23, 13, 12, 0], [0, 38, 1, 2, 48, 47, 9, 28, 30, 26, 33, 0]]",4.1697304715635255,0.07690846379846335,1.6679276213981211,0.1548254792061117,0.37808007291958345,0.34146568824746265,0.7507628636482895,0.7347102022458502,0.9551703929901123
