beta,lambda_concentration,seed,is_feasible,pyvrp_cost,num_routes,routes,global_risk,global_cvar90,max_vehicle_risk,max_vehicle_cvar90,vehicle_risk_gini,risk_variance,edge_burden_gini_used,top10_burden_share,max_edge_burden
0.0,0.0,0,True,133997,5,"[[0, 14, 42, 41, 1, 45, 11, 15, 3, 16, 48, 0], [0, 18, 32, 4, 29, 19, 6, 24, 40, 20, 44, 0], [0, 27, 35, 5, 36, 28, 26, 23, 30, 12, 49, 0], [0, 46, 22, 7, 8, 43, 33, 34, 2, 25, 39, 0], [0, 17, 13, 10, 37, 50, 38, 31, 9, 47, 21, 0]]",7.523180057014542,0.23157222825905371,2.2601144248619676,0.3485216945409775,0.15410400340969344,0.19592130901157628,0.8567589046739126,0.8900268386972147,0.8629637360572815
0.0,0.0,1,True,133997,5,"[[0, 17, 13, 10, 37, 50, 38, 31, 9, 47, 21, 0], [0, 18, 32, 4, 29, 6, 19, 24, 40, 20, 44, 0], [0, 14, 42, 41, 1, 11, 45, 15, 3, 16, 48, 0], [0, 46, 22, 7, 8, 43, 33, 34, 2, 25, 39, 0], [0, 27, 35, 5, 36, 28, 26, 23, 30, 12, 49, 0]]",7.523180057014542,0.23157222825905371,2.2601144248619676,0.3485216945409775,0.15410400340969344,0.19592130901157628,0.8567589046739126,0.8900268386972147,0.8629637360572815
0.0,0.0,2,True,133998,5,"[[0, 16, 3, 15, 45, 11, 1, 41, 42, 14, 48, 0], [0, 25, 2, 34, 33, 43, 8, 7, 22, 46, 39, 0], [0, 38, 31, 9, 47, 21, 27, 23, 30, 49, 12, 0], [0, 26, 28, 36, 5, 35, 10, 37, 50, 13, 17, 0], [0, 44, 20, 40, 24, 6, 19, 29, 4, 32, 18, 0]]",9.504840943915042,0.3327321166602465,2.6486323543358594,0.44328964948654176,0.16663451812015584,0.3272461762825553,0.8609607407309485,0.8923372284115832,0.8629637360572815
0.0,0.0,3,True,133998,5,"[[0, 12, 49, 30, 23, 26, 28, 36, 5, 20, 44, 0], [0, 14, 42, 41, 1, 45, 11, 15, 3, 16, 48, 0], [0, 27, 35, 10, 37, 50, 38, 31, 9, 47, 21, 0], [0, 25, 2, 34, 33, 43, 8, 7, 22, 46, 39, 0], [0, 18, 32, 4, 29, 19, 6, 24, 40, 13, 17, 0]]",7.075348935275542,0.21637375113265267,2.2626899445895106,0.2607618155889213,0.19043235566879324,0.24724156838393158,0.8574758559148397,0.8865054799715036,0.8629637360572815
0.0,0.0,4,True,133997,5,"[[0, 48, 14, 42, 41, 1, 45, 11, 15, 3, 16, 0], [0, 44, 20, 40, 24, 19, 6, 4, 32, 29, 12, 0], [0, 25, 2, 34, 33, 43, 8, 7, 22, 46, 39, 0], [0, 27, 35, 5, 36, 28, 26, 23, 30, 18, 49, 0], [0, 17, 13, 10, 37, 50, 38, 31, 9, 47, 21, 0]]",8.202027803006786,0.24696249030530454,3.251846805855166,0.6057101547718048,0.2573108600168863,0.7124433509813496,0.8736550601757775,0.901940601655957,1.725927472114563
0.0,0.0,5,True,133999,5,"[[0, 16, 3, 14, 42, 41, 1, 45, 39, 11, 15, 0], [0, 18, 32, 4, 29, 6, 19, 24, 40, 20, 44, 0], [0, 25, 2, 34, 33, 35, 10, 37, 50, 13, 17, 0], [0, 46, 22, 7, 8, 43, 5, 36, 28, 26, 12, 0], [0, 48, 38, 31, 9, 47, 21, 27, 23, 30, 49, 0]]",9.688048548890947,0.32762993237486593,2.315035149524192,0.34897958040237426,0.07939615543165712,0.0840922480729612,0.8588946641741566,0.882262315634286,0.8629637360572815
0.0,0.0,6,True,133997,5,"[[0, 16, 3, 14, 42, 41, 1, 45, 11, 39, 48, 0], [0, 15, 46, 22, 7, 8, 43, 17, 13, 18, 49, 0], [0, 27, 35, 10, 37, 50, 38, 31, 9, 47, 21, 0], [0, 12, 29, 4, 32, 6, 19, 24, 40, 20, 44, 0], [0, 25, 2, 34, 33, 5, 36, 28, 26, 23, 30, 0]]",8.590034696168004,0.2601287677884102,2.0720622635562904,0.4438383877277374,0.09197736152334146,0.08678555844416341,0.8804340517463194,0.9104534590402386,1.725927472114563
0.0,0.0,7,True,133998,5,"[[0, 13, 17, 43, 33, 34, 5, 2, 25, 45, 11, 0], [0, 16, 1, 41, 42, 12, 49, 14, 3, 15, 48, 0], [0, 44, 20, 40, 24, 19, 6, 29, 4, 32, 18, 0], [0, 30, 23, 26, 28, 36, 8, 7, 22, 46, 39, 0], [0, 21, 47, 9, 31, 38, 50, 37, 10, 35, 27, 0]]",8.65515452094769,0.23856292902068657,2.4293532823212445,0.3755722523977359,0.16234634394169944,0.2604594453916982,0.8587348493793447,0.8938442144467741,0.8629637360572815
0.0,0.0,8,True,133998,5,"[[0, 48, 14, 42, 41, 1, 45, 11, 15, 3, 16, 0], [0, 49, 18, 12, 29, 32, 4, 6, 19, 24, 40, 0], [0, 44, 20, 34, 33, 5, 36, 28, 26, 23, 30, 0], [0, 17, 13, 37, 10, 35, 22, 43, 8, 7, 46, 0], [0, 27, 21, 47, 9, 31, 38, 50, 2, 25, 39, 0]]",8.20374504029678,0.22502086932460466,2.668105336080771,0.47209201455116273,0.21284175607608025,0.3955801467505377,0.8736070113500414,0.899593695188991,1.725927472114563
0.0,0.0,9,True,133997,5,"[[0, 48, 15, 45, 11, 1, 41, 42, 14, 3, 16, 0], [0, 27, 35, 5, 36, 28, 26, 23, 30, 12, 49, 0], [0, 21, 47, 9, 31, 38, 50, 37, 10, 13, 17, 0], [0, 25, 2, 34, 33, 43, 8, 7, 22, 46, 39, 0], [0, 44, 20, 40, 24, 6, 19, 29, 4, 32, 18, 0]]",7.319093134847208,0.24110092843572298,2.4293532823212445,0.3755722523977359,0.19685869751425478,0.29101687452672625,0.8601557165472749,0.8905636503666432,0.8629637360572815
0.5,0.0,0,True,151020,5,"[[0, 12, 40, 24, 6, 19, 4, 32, 29, 44, 20, 0], [0, 48, 45, 46, 22, 7, 8, 43, 17, 13, 49, 0], [0, 18, 34, 33, 5, 36, 2, 28, 26, 23, 30, 0], [0, 1, 41, 25, 39, 11, 15, 16, 3, 14, 42, 0], [0, 21, 47, 9, 31, 38, 50, 37, 10, 35, 27, 0]]",5.2168633299024805,0.16308202359963347,1.94991728873174,0.4496058523654938,0.26934505588820934,0.27508106709612534,0.8461421864585965,0.8579833125049786,0.8629637360572815
0.5,0.0,1,True,150788,5,"[[0, 48, 45, 11, 15, 16, 3, 14, 42, 41, 1, 0], [0, 39, 32, 4, 29, 19, 6, 24, 40, 49, 12, 0], [0, 20, 44, 17, 13, 30, 23, 26, 28, 2, 25, 0], [0, 35, 10, 37, 50, 38, 31, 9, 47, 21, 27, 0], [0, 18, 34, 33, 5, 36, 7, 8, 43, 22, 46, 0]]",4.892638985738813,0.11325540937281944,1.2027908462332562,0.2147689625620842,0.14690488808473878,0.08132232846683261,0.84625088439225,0.8530009215425546,0.8629637360572815
0.5,0.0,2,True,150788,5,"[[0, 48, 1, 41, 42, 14, 3, 16, 15, 11, 45, 0], [0, 46, 22, 43, 8, 7, 36, 5, 33, 34, 18, 0], [0, 25, 2, 28, 26, 23, 30, 13, 17, 44, 20, 0], [0, 35, 10, 37, 50, 38, 31, 9, 47, 21, 27, 0], [0, 39, 32, 4, 29, 19, 6, 24, 40, 12, 49, 0]]",4.892638985738813,0.11325540937281944,1.2027908462332562,0.2147689625620842,0.14690488808473878,0.0813223284668326,0.84625088439225,0.8530009215425546,0.8629637360572815
0.5,0.0,3,True,150828,5,"[[0, 27, 21, 47, 9, 31, 38, 50, 37, 10, 35, 0], [0, 1, 41, 42, 14, 3, 16, 20, 44, 17, 13, 0], [0, 18, 34, 33, 5, 36, 7, 8, 43, 22, 46, 0], [0, 49, 30, 23, 26, 28, 2, 25, 11, 15, 48, 0], [0, 45, 39, 32, 4, 29, 19, 6, 24, 40, 12, 0]]",4.907542779053983,0.15203196224239138,1.2027908462332562,0.2147689625620842,0.13371233368236113,0.07136921981026889,0.8465204608020422,0.853927317536582,0.8629637360572815
0.5,0.0,4,True,151022,5,"[[0, 1, 46, 22, 7, 8, 43, 17, 13, 49, 48, 0], [0, 27, 21, 47, 9, 31, 38, 50, 37, 10, 35, 0], [0, 18, 34, 33, 36, 5, 2, 28, 26, 23, 30, 0], [0, 15, 16, 3, 14, 42, 41, 25, 11, 39, 45, 0], [0, 12, 40, 24, 6, 19, 4, 32, 29, 44, 20, 0]]",5.2178339131369285,0.16308202359963347,1.94991728873174,0.4496058523654938,0.26717532185752657,0.27023683255190123,0.8459771808912733,0.8578237167354665,0.8629637360572815
0.5,0.0,5,True,151022,5,"[[0, 35, 10, 37, 50, 38, 31, 9, 47, 21, 27, 0], [0, 18, 34, 33, 36, 5, 2, 28, 26, 23, 30, 0], [0, 20, 44, 29, 32, 4, 19, 6, 24, 40, 12, 0], [0, 48, 45, 46, 22, 7, 8, 43, 17, 13, 49, 0], [0, 15, 16, 3, 14, 42, 41, 25, 11, 39, 1, 0]]",5.220203557722925,0.16308202359963347,1.94991728873174,0.4496058523654938,0.26909834000280064,0.2748185690821613,0.8450302124026747,0.8574343186394681,0.8629637360572815
0.5,0.0,6,True,151020,5,"[[0, 48, 49, 13, 17, 43, 8, 7, 22, 46, 45, 0], [0, 21, 47, 9, 31, 38, 50, 37, 10, 35, 27, 0], [0, 20, 44, 29, 32, 4, 19, 6, 24, 40, 12, 0], [0, 18, 34, 33, 5, 36, 2, 28, 26, 23, 30, 0], [0, 42, 14, 3, 16, 15, 11, 39, 25, 41, 1, 0]]",5.220053067519984,0.16308202359963347,1.94991728873174,0.4496058523654938,0.26911762960458674,0.27483050262687736,0.8448866463445088,0.8574590378258349,0.8629637360572815
0.5,0.0,7,True,151020,5,"[[0, 27, 35, 10, 37, 50, 38, 31, 9, 47, 21, 0], [0, 42, 14, 3, 16, 15, 11, 39, 25, 41, 1, 0], [0, 20, 44, 29, 32, 4, 19, 6, 24, 40, 12, 0], [0, 45, 46, 22, 7, 8, 43, 17, 13, 49, 48, 0], [0, 18, 34, 33, 5, 36, 2, 28, 26, 23, 30, 0]]",5.220053067519984,0.16308202359963347,1.94991728873174,0.4496058523654938,0.26911762960458674,0.2748305026268774,0.8448866463445088,0.8574590378258349,0.8629637360572815
0.5,0.0,8,True,150788,5,"[[0, 27, 35, 10, 37, 50, 38, 31, 9, 47, 21, 0], [0, 20, 44, 17, 13, 30, 23, 26, 28, 2, 25, 0], [0, 46, 22, 43, 8, 7, 36, 5, 33, 34, 18, 0], [0, 39, 32, 4, 29, 19, 6, 24, 40, 12, 49, 0], [0, 48, 45, 11, 15, 16, 3, 14, 42, 41, 1, 0]]",4.892638985738813,0.11325540937281944,1.2027908462332562,0.2147689625620842,0.14690488808473878,0.08132232846683261,0.8460955281433367,0.8530009215425546,0.8629637360572815
0.5,0.0,9,True,150828,5,"[[0, 46, 22, 43, 8, 7, 36, 5, 33, 34, 18, 0], [0, 27, 35, 10, 37, 50, 38, 31, 9, 47, 21, 0], [0, 13, 17, 44, 20, 16, 3, 14, 42, 41, 1, 0], [0, 45, 39, 32, 4, 29, 19, 6, 24, 40, 12, 0], [0, 15, 11, 25, 2, 28, 26, 23, 30, 49, 48, 0]]",4.907542779053983,0.15203196224239138,1.2027908462332562,0.2147689625620842,0.13371233368236113,0.07136921981026889,0.8463723158676058,0.853927317536582,0.8629637360572815
1.0,0.0,0,True,161301,5,"[[0, 27, 21, 47, 29, 4, 32, 39, 16, 1, 48, 0], [0, 40, 9, 31, 36, 5, 43, 8, 7, 22, 46, 0], [0, 20, 44, 38, 50, 33, 34, 18, 35, 10, 37, 0], [0, 13, 17, 6, 19, 24, 41, 42, 14, 3, 15, 0], [0, 12, 49, 30, 23, 26, 28, 2, 25, 45, 11, 0]]",3.2068074642465945,0.06734505195069958,1.004026846436318,0.10902770927974156,0.2631091690187184,0.09388013911185471,0.7948364593064199,0.7801907668230277,0.8041402697563171
1.0,0.0,1,True,161364,5,"[[0, 41, 24, 19, 6, 4, 32, 29, 47, 21, 27, 0], [0, 49, 30, 23, 26, 28, 2, 25, 45, 11, 15, 0], [0, 48, 42, 16, 3, 14, 12, 13, 17, 44, 20, 0], [0, 40, 9, 31, 36, 7, 8, 43, 22, 46, 1, 0], [0, 39, 38, 50, 5, 33, 34, 18, 35, 10, 37, 0]]",3.398593656022058,0.07214516753683219,1.3986828325432725,0.17355533157076156,0.3695056335819866,0.20774468902700022,0.7946307420979828,0.7820449000259074,0.8041402697563171
1.0,0.0,2,True,161851,5,"[[0, 11, 39, 25, 2, 28, 26, 23, 30, 12, 49, 0], [0, 21, 47, 29, 32, 4, 6, 19, 24, 41, 1, 0], [0, 35, 18, 34, 33, 5, 50, 38, 3, 14, 42, 0], [0, 48, 15, 16, 20, 44, 17, 13, 37, 10, 27, 0], [0, 45, 46, 22, 43, 8, 7, 36, 31, 9, 40, 0]]",3.365422963486708,0.07984401951685097,0.9881401899619959,0.10989882451082979,0.2525662809287452,0.10075019332140742,0.7995490182480387,0.7885002758812093,0.8041402697563171
1.0,0.0,3,True,161509,5,"[[0, 11, 45, 25, 2, 28, 26, 23, 30, 12, 49, 0], [0, 46, 22, 7, 8, 43, 50, 38, 31, 9, 40, 0], [0, 27, 21, 47, 29, 44, 17, 13, 14, 3, 15, 0], [0, 20, 36, 5, 33, 34, 18, 35, 10, 37, 48, 0], [0, 42, 16, 39, 32, 4, 6, 19, 24, 41, 1, 0]]",3.2436674180225964,0.06935423757467005,1.004026846436318,0.10698976274579763,0.24800946183050465,0.08515921951039047,0.7864570349937476,0.7713459149521312,0.8041402697563171
1.0,0.0,4,True,161353,5,"[[0, 27, 21, 47, 29, 32, 4, 6, 19, 24, 41, 0], [0, 48, 15, 11, 45, 25, 2, 28, 26, 23, 30, 0], [0, 1, 46, 22, 43, 8, 7, 36, 31, 9, 40, 0], [0, 42, 14, 3, 16, 20, 44, 17, 13, 49, 12, 0], [0, 39, 38, 50, 5, 33, 34, 18, 35, 10, 37, 0]]",3.3965863161738525,0.07214516753683219,1.3986828325432725,0.17355533157076156,0.37037089275596724,0.209037022485628,0.7993079293422898,0.7875710382766249,0.8041402697563171
1.0,0.0,5,True,161353,5,"[[0, 48, 1, 11, 45, 25, 2, 28, 26, 23, 30, 0], [0, 39, 38, 50, 5, 33, 34, 18, 35, 10, 37, 0], [0, 12, 49, 13, 17, 44, 20, 16, 3, 14, 42, 0], [0, 40, 9, 31, 36, 7, 8, 43, 22, 46, 15, 0], [0, 41, 24, 19, 6, 4, 32, 29, 47, 21, 27, 0]]",3.3957662231423456,0.07214516753683219,1.3986828325432725,0.17355533157076156,0.37817149240413395,0.21764656586041883,0.7997206214535877,0.7877612402746027,0.8041402697563171
1.0,0.0,6,True,161429,5,"[[0, 41, 24, 19, 6, 4, 32, 29, 47, 21, 27, 0], [0, 25, 2, 28, 26, 23, 30, 13, 17, 44, 20, 0], [0, 1, 45, 39, 11, 15, 16, 3, 14, 42, 48, 0], [0, 40, 9, 31, 38, 50, 43, 8, 7, 22, 46, 0], [0, 12, 49, 37, 10, 35, 18, 34, 33, 5, 36, 0]]",3.228554633884414,0.06900729476991627,1.3986828325432725,0.17355533157076156,0.4289878617947567,0.28604555579188484,0.7901023626951171,0.7742206196182329,0.8041402697563171
1.0,0.0,7,True,161851,5,"[[0, 27, 10, 37, 13, 17, 44, 20, 16, 15, 48, 0], [0, 1, 41, 24, 19, 6, 4, 32, 29, 47, 21, 0], [0, 49, 12, 30, 23, 26, 28, 2, 25, 45, 11, 0], [0, 39, 46, 22, 43, 8, 7, 36, 31, 9, 40, 0], [0, 35, 18, 34, 33, 5, 50, 38, 3, 14, 42, 0]]",3.365422963486708,0.07984401951685097,1.004026846436318,0.10989882451082979,0.25823094417494685,0.10487496541424712,0.7995490182480387,0.7885002758812093,0.8041402697563171
1.0,0.0,8,True,161244,5,"[[0, 20, 44, 38, 50, 33, 34, 18, 35, 10, 37, 0], [0, 42, 14, 3, 16, 25, 2, 28, 26, 23, 30, 0], [0, 48, 1, 41, 24, 19, 6, 17, 13, 49, 12, 0], [0, 40, 9, 31, 36, 5, 43, 8, 7, 22, 46, 0], [0, 15, 11, 45, 39, 32, 4, 29, 47, 21, 27, 0]]",3.1967115306779306,0.06891306976063384,1.082113353186287,0.1499079465866089,0.27833066165301035,0.10331470444443973,0.797014140941048,0.7792831299745601,0.8041402697563171
1.0,0.0,9,True,161851,5,"[[0, 42, 14, 3, 38, 50, 5, 33, 34, 18, 35, 0], [0, 49, 12, 30, 23, 26, 28, 2, 25, 39, 11, 0], [0, 1, 41, 24, 19, 6, 4, 32, 29, 47, 21, 0], [0, 48, 15, 16, 20, 44, 17, 13, 37, 10, 27, 0], [0, 40, 9, 31, 36, 7, 8, 43, 22, 46, 45, 0]]",3.366243056518215,0.07984401951685097,0.9881401899619959,0.10989882451082979,0.2523098519491094,0.10060584934654597,0.7988879689233108,0.7883081793597358,0.8041402697563171
1.5,0.0,0,True,170507,5,"[[0, 30, 23, 26, 28, 2, 25, 11, 45, 1, 48, 0], [0, 49, 13, 17, 44, 29, 4, 32, 47, 21, 27, 0], [0, 12, 19, 6, 24, 41, 42, 14, 3, 16, 15, 0], [0, 39, 9, 31, 38, 50, 43, 8, 7, 22, 46, 0], [0, 20, 36, 5, 33, 34, 18, 35, 10, 37, 40, 0]]",2.8624856080004975,0.06568891333881766,1.0341656227828935,0.10906148169721876,0.36385394974101537,0.14735193822621243,0.7722479674879672,0.7499287384393227,0.8041402697563171
1.5,0.0,1,True,170555,5,"[[0, 45, 25, 2, 28, 26, 23, 30, 49, 14, 42, 0], [0, 40, 9, 31, 38, 50, 43, 8, 7, 22, 46, 0], [0, 12, 37, 10, 35, 18, 34, 33, 5, 36, 20, 0], [0, 15, 3, 16, 11, 39, 32, 47, 21, 27, 48, 0], [0, 1, 41, 24, 19, 6, 4, 29, 44, 17, 13, 0]]",2.6328792036529194,0.05482407418244025,1.100242914923001,0.114588369615376,0.3598883855473185,0.12228834740484892,0.747846850602726,0.7184118250169415,0.8041402697563171
1.5,0.0,2,True,170756,5,"[[0, 40, 9, 31, 36, 33, 34, 18, 35, 10, 37, 0], [0, 39, 38, 50, 5, 43, 8, 7, 22, 46, 1, 0], [0, 15, 3, 16, 42, 14, 49, 13, 17, 44, 20, 0], [0, 27, 21, 47, 32, 4, 29, 6, 19, 24, 41, 0], [0, 48, 45, 11, 25, 2, 28, 26, 23, 30, 12, 0]]",3.0611658371071826,0.06419399773908986,1.233160666830372,0.1397764707605044,0.38962359687457226,0.19081474731220258,0.7780591924278237,0.756793263170819,0.8041402697563171
1.5,0.0,3,True,170461,5,"[[0, 20, 5, 36, 33, 34, 18, 35, 10, 37, 49, 0], [0, 42, 14, 3, 16, 15, 39, 32, 47, 21, 27, 0], [0, 46, 22, 7, 8, 43, 50, 38, 31, 9, 40, 0], [0, 12, 30, 23, 26, 28, 2, 25, 11, 45, 48, 0], [0, 1, 41, 24, 6, 19, 4, 29, 44, 17, 13, 0]]",2.9853270977346256,0.06528452203115996,1.0095198566559702,0.1397764707605044,0.2568899661566777,0.07864868873789689,0.7767647410195075,0.7527107098503436,0.8041402697563171
1.5,0.0,4,True,171072,5,"[[0, 48, 27, 10, 37, 13, 17, 44, 20, 16, 15, 0], [0, 46, 22, 43, 8, 7, 36, 31, 9, 40, 49, 0], [0, 45, 39, 11, 25, 2, 28, 26, 23, 30, 12, 0], [0, 1, 41, 24, 19, 6, 29, 4, 32, 47, 21, 0], [0, 42, 14, 3, 38, 50, 5, 33, 34, 18, 35, 0]]",3.2007208908053144,0.07658367312978953,0.9902542256750166,0.1397764707605044,0.24758153728803745,0.08593869266626364,0.7904867667205562,0.7749375066198552,0.8041402697563171
1.5,0.0,5,True,170507,5,"[[0, 48, 1, 11, 45, 25, 2, 28, 26, 23, 30, 0], [0, 39, 9, 31, 38, 50, 43, 8, 7, 22, 46, 0], [0, 15, 16, 3, 14, 42, 41, 24, 6, 19, 12, 0], [0, 40, 37, 10, 35, 18, 34, 33, 5, 36, 20, 0], [0, 49, 13, 17, 44, 29, 4, 32, 47, 21, 27, 0]]",2.8774384038133576,0.062332485418985874,1.0341656227828935,0.10906148169721876,0.36196315902627063,0.14736441031677608,0.7705342893797524,0.7460519159028464,0.8041402697563171
1.5,0.0,6,True,170432,5,"[[0, 49, 30, 23, 26, 28, 2, 25, 15, 16, 42, 0], [0, 11, 45, 39, 32, 4, 29, 47, 21, 27, 48, 0], [0, 1, 41, 24, 6, 19, 12, 13, 17, 44, 20, 0], [0, 37, 10, 35, 18, 34, 33, 36, 31, 9, 40, 0], [0, 14, 3, 38, 50, 5, 43, 8, 7, 22, 46, 0]]",3.0289821022615797,0.06571678593754768,1.0901063702476677,0.114588369615376,0.34991098252415176,0.1494586695666405,0.7837905951049631,0.7647276552507049,0.8041402697563171
1.5,0.0,7,True,171072,5,"[[0, 48, 27, 10, 37, 13, 17, 44, 20, 16, 15, 0], [0, 1, 41, 24, 19, 6, 29, 4, 32, 47, 21, 0], [0, 12, 49, 30, 23, 26, 28, 2, 25, 11, 45, 0], [0, 35, 18, 34, 33, 5, 50, 38, 3, 14, 42, 0], [0, 39, 46, 22, 43, 8, 7, 36, 31, 9, 40, 0]]",3.1999007977738074,0.07658367312978953,1.004026846436318,0.10698976274579763,0.25301491173649615,0.08965971258249955,0.7911905049012373,0.775136113042115,0.8041402697563171
1.5,0.0,8,True,170656,5,"[[0, 49, 30, 23, 26, 28, 2, 25, 11, 45, 15, 0], [0, 12, 13, 17, 44, 20, 16, 3, 14, 42, 48, 0], [0, 27, 21, 47, 32, 4, 29, 6, 19, 24, 41, 0], [0, 37, 10, 35, 18, 34, 33, 5, 50, 38, 39, 0], [0, 40, 9, 31, 36, 7, 8, 43, 22, 46, 1, 0]]",3.230244057429445,0.06903322485999928,1.233160666830372,0.1397764707605044,0.347769936145256,0.16470914074672977,0.7930242357077295,0.7764543918460716,0.8041402697563171
1.5,0.0,9,True,169918,5,"[[0, 46, 22, 7, 8, 43, 50, 38, 31, 9, 40, 0], [0, 15, 3, 16, 11, 25, 2, 28, 26, 23, 30, 0], [0, 1, 41, 24, 19, 6, 4, 32, 39, 45, 48, 0], [0, 42, 14, 49, 13, 17, 44, 29, 47, 21, 27, 0], [0, 12, 37, 10, 35, 18, 34, 33, 5, 36, 20, 0]]",3.242515197782268,0.06935423757467005,0.9877763782860711,0.16645919159054756,0.23982714320373755,0.08237786697232197,0.7894412727070488,0.772417083461673,0.8041402697563171
2.0,0.0,0,True,178179,5,"[[0, 11, 45, 25, 2, 28, 26, 23, 30, 49, 12, 0], [0, 13, 17, 44, 29, 4, 6, 19, 24, 41, 1, 0], [0, 46, 22, 7, 8, 43, 50, 38, 31, 9, 40, 0], [0, 37, 10, 35, 18, 34, 33, 36, 5, 20, 48, 0], [0, 27, 21, 47, 32, 39, 15, 16, 3, 14, 42, 0]]",2.9845070047031186,0.06528452203115996,1.004026846436318,0.10698976274579763,0.2539058284485396,0.07672739629639773,0.7789629293929363,0.7558090210605339,0.8041402697563171
2.0,0.0,1,True,178179,5,"[[0, 13, 17, 44, 29, 4, 6, 19, 24, 41, 1, 0], [0, 11, 45, 25, 2, 28, 26, 23, 30, 12, 49, 0], [0, 42, 14, 3, 16, 15, 39, 32, 47, 21, 27, 0], [0, 40, 9, 31, 38, 50, 43, 8, 7, 22, 46, 0], [0, 37, 10, 35, 18, 34, 33, 36, 5, 20, 48, 0]]",2.6224409767037287,0.056155215497269775,1.004026846436318,0.10698976274579763,0.34443719312986576,0.10726118659082799,0.7542006659919258,0.7236529333680757,0.8041402697563171
2.0,0.0,2,True,178825,5,"[[0, 49, 12, 13, 17, 44, 29, 47, 21, 27, 48, 0], [0, 1, 39, 32, 4, 19, 6, 24, 41, 42, 14, 0], [0, 15, 16, 11, 45, 25, 2, 28, 26, 23, 30, 0], [0, 40, 37, 10, 35, 18, 34, 33, 36, 5, 20, 0], [0, 3, 9, 31, 38, 50, 43, 8, 7, 22, 46, 0]]",2.8623823931866355,0.06402853447379488,0.9930235711217392,0.13975677018364271,0.33415879024646644,0.12678203190399076,0.7739765121454196,0.7498419465573695,0.8041402697563171
2.0,0.0,3,True,178343,5,"[[0, 46, 22, 7, 8, 43, 50, 38, 31, 9, 40, 0], [0, 45, 11, 39, 32, 4, 6, 19, 24, 41, 1, 0], [0, 42, 14, 12, 13, 17, 44, 29, 47, 21, 27, 0], [0, 20, 5, 36, 33, 34, 18, 35, 10, 37, 49, 0], [0, 48, 15, 3, 16, 25, 2, 28, 26, 23, 30, 0]]",3.242515197782268,0.06935423757467005,1.0002923294669017,0.16645919159054756,0.24444999111318344,0.08466409996442945,0.7878157016311085,0.7704547590862504,0.8041402697563171
2.0,0.0,4,True,178179,5,"[[0, 40, 9, 31, 38, 50, 43, 8, 7, 22, 46, 0], [0, 11, 45, 25, 2, 28, 26, 23, 30, 49, 48, 0], [0, 27, 21, 47, 32, 39, 15, 16, 3, 14, 42, 0], [0, 1, 41, 24, 19, 6, 4, 29, 44, 17, 13, 0], [0, 20, 5, 36, 33, 34, 18, 35, 10, 37, 12, 0]]",2.6216208836722217,0.056155215497269775,1.0053724452736787,0.1397764707605044,0.34524104371031283,0.10765212310054051,0.7527393450869679,0.7206097920906208,0.8041402697563171
2.0,0.0,5,True,178342,5,"[[0, 49, 37, 10, 35, 18, 34, 33, 36, 5, 20, 0], [0, 48, 1, 41, 24, 19, 6, 4, 32, 39, 11, 0], [0, 30, 23, 26, 28, 2, 25, 45, 16, 3, 15, 0], [0, 27, 21, 47, 29, 44, 17, 13, 12, 14, 42, 0], [0, 46, 22, 7, 8, 43, 50, 38, 31, 9, 40, 0]]",3.241695104750761,0.06935423757467005,0.9969133549602702,0.16645919159054756,0.24357676121580796,0.08427594042746929,0.7898741853913731,0.7726124916808591,0.8041402697563171
2.0,0.0,6,True,179860,5,"[[0, 48, 20, 5, 36, 7, 8, 43, 22, 46, 11, 0], [0, 27, 21, 47, 32, 4, 29, 44, 17, 13, 12, 0], [0, 15, 16, 3, 14, 40, 6, 19, 24, 41, 42, 0], [0, 9, 31, 38, 50, 33, 34, 18, 35, 10, 37, 0], [0, 1, 45, 39, 25, 2, 28, 26, 23, 30, 49, 0]]",3.075567273221168,0.06274790185931567,1.0219229327631183,0.1397764707605044,0.3038540930256153,0.11430189311143038,0.777972475073663,0.7567555046815151,0.8041402697563171
2.0,0.0,7,True,178179,5,"[[0, 12, 37, 10, 35, 18, 34, 33, 36, 5, 20, 0], [0, 42, 14, 3, 16, 15, 39, 32, 47, 21, 27, 0], [0, 1, 41, 24, 19, 6, 4, 29, 44, 17, 13, 0], [0, 46, 22, 7, 8, 43, 50, 38, 31, 9, 40, 0], [0, 11, 45, 25, 2, 28, 26, 23, 30, 49, 48, 0]]",2.9853270977346256,0.06528452203115996,1.0053724452736787,0.1397764707605044,0.2546671416572446,0.07722836621505103,0.7785000263661992,0.7556013943278412,0.8041402697563171
2.0,0.0,8,True,178342,5,"[[0, 49, 37, 10, 35, 18, 34, 33, 36, 5, 20, 0], [0, 40, 9, 31, 38, 50, 43, 8, 7, 22, 46, 0], [0, 42, 14, 12, 13, 17, 44, 29, 47, 21, 27, 0], [0, 48, 1, 41, 24, 19, 6, 4, 32, 39, 11, 0], [0, 30, 23, 26, 28, 2, 25, 45, 16, 3, 15, 0]]",2.879629076751371,0.06086288328681674,0.9969133549602702,0.16645919159054756,0.32472379433819243,0.1222864133990679,0.769750507382321,0.7462485091027661,0.8041402697563171
2.0,0.0,9,True,178179,5,"[[0, 27, 21, 47, 32, 39, 15, 16, 3, 14, 42, 0], [0, 48, 49, 30, 23, 26, 28, 2, 25, 45, 11, 0], [0, 1, 41, 24, 19, 6, 4, 29, 44, 17, 13, 0], [0, 40, 9, 31, 38, 50, 43, 8, 7, 22, 46, 0], [0, 12, 37, 10, 35, 18, 34, 33, 36, 5, 20, 0]]",2.6216208836722217,0.056155215497269775,1.0053724452736787,0.1397764707605044,0.34524104371031283,0.10765212310054051,0.7547200429919194,0.7238793058125358,0.8041402697563171
3.0,0.0,0,True,193409,5,"[[0, 14, 3, 15, 11, 45, 39, 32, 47, 21, 27, 0], [0, 42, 16, 1, 25, 2, 28, 26, 23, 30, 49, 0], [0, 12, 19, 6, 24, 41, 4, 29, 44, 17, 13, 0], [0, 46, 22, 7, 8, 43, 50, 38, 31, 9, 40, 0], [0, 48, 37, 10, 35, 18, 34, 33, 36, 5, 20, 0]]",2.723842108158351,0.05723267158164697,1.1245934894541278,0.114588369615376,0.3404365035948298,0.11516314279413786,0.7594285447336178,0.7307790382791155,0.8041402697563171
3.0,0.0,1,True,193201,5,"[[0, 20, 5, 36, 33, 34, 18, 35, 10, 37, 49, 0], [0, 27, 21, 47, 32, 39, 15, 16, 3, 14, 42, 0], [0, 46, 22, 7, 8, 43, 50, 38, 31, 9, 40, 0], [0, 30, 23, 26, 28, 2, 25, 11, 45, 1, 48, 0], [0, 12, 19, 6, 24, 41, 4, 29, 44, 17, 13, 0]]",2.710494702887445,0.05863680069645246,1.0341656227828935,0.10696021188050508,0.32923022730200935,0.1013699170051452,0.7630891784166107,0.7303575628914477,0.8041402697563171
3.0,0.0,2,True,193201,5,"[[0, 49, 37, 10, 35, 18, 34, 33, 5, 36, 20, 0], [0, 42, 14, 3, 16, 15, 39, 32, 47, 21, 27, 0], [0, 40, 9, 31, 38, 50, 43, 8, 7, 22, 46, 0], [0, 48, 1, 45, 11, 25, 2, 28, 26, 23, 30, 0], [0, 12, 19, 6, 24, 41, 4, 29, 44, 17, 13, 0]]",2.348428674888055,0.049014462041668594,1.0341656227828935,0.10696021188050508,0.39676386529472696,0.1239668636402658,0.7336293557768949,0.6941746875925225,0.8041402697563171
3.0,0.0,3,True,193201,5,"[[0, 48, 1, 45, 11, 25, 2, 28, 26, 23, 30, 0], [0, 12, 19, 6, 24, 41, 4, 29, 44, 17, 13, 0], [0, 20, 5, 36, 33, 34, 18, 35, 10, 37, 49, 0], [0, 27, 21, 47, 32, 39, 15, 16, 3, 14, 42, 0], [0, 40, 9, 31, 38, 50, 43, 8, 7, 22, 46, 0]]",2.347608581856548,0.049014462041668594,1.0341656227828935,0.10696021188050508,0.3967627348117575,0.12388196567429058,0.7320802130850084,0.6907664323965826,0.8041402697563171
3.0,0.0,4,True,193201,5,"[[0, 42, 14, 3, 16, 15, 39, 32, 47, 21, 27, 0], [0, 49, 37, 10, 35, 18, 34, 33, 5, 36, 20, 0], [0, 12, 19, 6, 24, 41, 4, 29, 44, 17, 13, 0], [0, 48, 1, 45, 11, 25, 2, 28, 26, 23, 30, 0], [0, 40, 9, 31, 38, 50, 43, 8, 7, 22, 46, 0]]",2.348428674888055,0.049014462041668594,1.0341656227828935,0.10696021188050508,0.39676386529472696,0.12396686364026577,0.7336293557768949,0.6941746875925225,0.8041402697563171
3.0,0.0,5,True,193201,5,"[[0, 49, 37, 10, 35, 18, 34, 33, 5, 36, 20, 0], [0, 48, 1, 45, 11, 25, 2, 28, 26, 23, 30, 0], [0, 13, 17, 44, 29, 4, 41, 24, 6, 19, 12, 0], [0, 27, 21, 47, 32, 39, 15, 16, 3, 14, 42, 0], [0, 40, 9, 31, 38, 50, 43, 8, 7, 22, 46, 0]]",2.362561377669408,0.0466388841981397,1.0341656227828935,0.10696021188050508,0.394251599136779,0.12270609810702382,0.7326450556228825,0.6936998537463316,0.8041402697563171
3.0,0.0,6,True,193201,5,"[[0, 30, 23, 26, 28, 2, 25, 11, 45, 1, 48, 0], [0, 46, 22, 7, 8, 43, 50, 38, 31, 9, 40, 0], [0, 42, 14, 3, 16, 15, 39, 32, 47, 21, 27, 0], [0, 12, 19, 6, 24, 41, 4, 29, 44, 17, 13, 0], [0, 20, 5, 36, 33, 34, 18, 35, 10, 37, 49, 0]]",2.711314795918952,0.05863680069645246,1.0341656227828935,0.10696021188050508,0.32925163307809924,0.10143100694079336,0.7625858342723824,0.73013665119623,0.8041402697563171
3.0,0.0,7,True,193285,5,"[[0, 27, 21, 47, 32, 39, 15, 16, 3, 14, 42, 0], [0, 12, 37, 10, 35, 18, 34, 33, 5, 36, 20, 0], [0, 48, 1, 45, 11, 25, 2, 28, 26, 23, 30, 0], [0, 40, 9, 31, 38, 50, 43, 8, 7, 22, 46, 0], [0, 19, 6, 24, 41, 4, 29, 44, 17, 13, 49, 0]]",2.35773177675037,0.0466388841981397,1.0341656227828935,0.10696021188050508,0.393651933290879,0.12287285930359178,0.7343823007780315,0.6951208353372936,0.8041402697563171
3.0,0.0,8,True,193201,5,"[[0, 27, 21, 47, 32, 39, 15, 16, 3, 14, 42, 0], [0, 49, 37, 10, 35, 18, 34, 33, 36, 5, 20, 0], [0, 48, 1, 45, 11, 25, 2, 28, 26, 23, 30, 0], [0, 46, 22, 7, 8, 43, 50, 38, 31, 9, 40, 0], [0, 12, 19, 6, 24, 41, 4, 29, 44, 17, 13, 0]]",2.710494702887445,0.05863680069645246,1.0341656227828935,0.10696021188050508,0.32923022730200935,0.1013699170051452,0.7649211790324062,0.7335195454483436,0.8041402697563171
3.0,0.0,9,True,193201,5,"[[0, 20, 36, 5, 33, 34, 18, 35, 10, 37, 49, 0], [0, 46, 22, 7, 8, 43, 50, 38, 31, 9, 40, 0], [0, 27, 21, 47, 32, 39, 15, 16, 3, 14, 42, 0], [0, 48, 1, 45, 11, 25, 2, 28, 26, 23, 30, 0], [0, 13, 17, 44, 29, 4, 41, 24, 6, 19, 12, 0]]",2.725447498700305,0.05577924858246531,1.0341656227828935,0.10696021188050508,0.32522940516376875,0.0997599564721908,0.7613631350547405,0.7295382348512518,0.8041402697563171
