beta,lambda_concentration,seed,is_feasible,pyvrp_cost,num_routes,routes,global_risk,global_cvar90,max_vehicle_risk,max_vehicle_cvar90,vehicle_risk_gini,risk_variance,edge_burden_gini_used,top10_burden_share,max_edge_burden
0.0,0.0,0,True,145999,5,"[[0, 44, 14, 3, 15, 41, 11, 1, 37, 38, 50, 0], [0, 42, 7, 8, 34, 17, 9, 47, 43, 26, 33, 0], [0, 45, 12, 13, 24, 32, 46, 23, 10, 18, 19, 0], [0, 40, 25, 20, 35, 4, 16, 28, 30, 21, 29, 0], [0, 36, 31, 6, 22, 2, 48, 5, 39, 49, 27, 0]]",8.269195577318897,0.2202185851832231,2.5371900991885923,0.37853870665033656,0.18946762581774435,0.31317265106076486,0.8406271712845206,0.871609366441204,0.8538172245025635
0.0,0.0,1,True,145999,5,"[[0, 6, 22, 5, 2, 48, 43, 9, 47, 31, 36, 0], [0, 12, 45, 13, 24, 32, 46, 23, 10, 18, 19, 0], [0, 27, 49, 39, 17, 34, 8, 7, 30, 21, 29, 0], [0, 33, 26, 28, 16, 4, 35, 20, 25, 40, 44, 0], [0, 14, 3, 15, 42, 41, 11, 1, 37, 38, 50, 0]]",9.257786799469613,0.2831383192076765,2.868940430926159,0.5212151393294334,0.20834907954147663,0.47662386699133263,0.8555217864624005,0.8850857216184674,1.707634449005127
0.0,0.0,2,True,146664,5,"[[0, 27, 49, 39, 17, 34, 8, 7, 16, 12, 45, 0], [0, 35, 4, 6, 22, 5, 43, 47, 9, 31, 36, 0], [0, 33, 26, 28, 30, 48, 2, 20, 25, 40, 19, 0], [0, 14, 3, 15, 42, 41, 11, 1, 37, 38, 50, 0], [0, 29, 21, 18, 10, 23, 46, 32, 24, 13, 44, 0]]",7.555502041257569,0.21192621532827616,2.7493861301336437,0.4607613146305084,0.24483096705133023,0.502843269243613,0.8416362081773356,0.8661138028603871,0.8538172245025635
0.0,0.0,3,True,146664,5,"[[0, 44, 50, 38, 37, 1, 41, 11, 15, 3, 14, 0], [0, 19, 18, 21, 29, 10, 23, 46, 32, 24, 13, 0], [0, 45, 12, 42, 7, 8, 34, 17, 39, 49, 27, 0], [0, 16, 35, 4, 6, 22, 5, 30, 28, 26, 33, 0], [0, 40, 25, 20, 2, 48, 43, 47, 9, 31, 36, 0]]",8.909059822690324,0.28013636391343816,2.9112845717463642,0.4494446590542793,0.24321933183799493,0.6640888435963538,0.841289898718115,0.8715585531690858,0.8538172245025635
0.0,0.0,4,True,147330,5,"[[0, 36, 31, 9, 47, 43, 48, 2, 20, 25, 40, 0], [0, 45, 12, 13, 24, 32, 46, 23, 10, 29, 44, 0], [0, 14, 3, 15, 42, 11, 41, 1, 37, 38, 50, 0], [0, 21, 35, 4, 6, 22, 5, 30, 28, 26, 33, 0], [0, 27, 49, 39, 17, 34, 8, 7, 16, 18, 19, 0]]",8.390999094088329,0.21150867326983383,2.6167015058454126,0.35090675204992294,0.2276329563240267,0.48101121385716594,0.8448729223542131,0.8761092693021055,0.8560925126075745
0.0,0.0,5,True,147330,5,"[[0, 27, 49, 39, 48, 2, 43, 9, 47, 31, 36, 0], [0, 14, 3, 15, 42, 11, 41, 1, 37, 38, 50, 0], [0, 33, 26, 28, 30, 8, 17, 34, 7, 16, 45, 0], [0, 12, 35, 4, 6, 22, 5, 20, 25, 40, 44, 0], [0, 29, 21, 13, 24, 32, 46, 23, 10, 18, 19, 0]]",8.92141464947781,0.2717828154563904,3.2792853380087763,0.39098325222730634,0.24567411387730553,0.7128296237441216,0.8394676237195655,0.85341970174382,0.8538172245025635
0.0,0.0,6,True,147330,5,"[[0, 50, 38, 37, 1, 41, 11, 15, 3, 14, 45, 0], [0, 36, 31, 9, 47, 43, 2, 48, 39, 49, 27, 0], [0, 40, 25, 20, 5, 22, 6, 4, 35, 16, 12, 0], [0, 13, 24, 32, 46, 23, 10, 29, 21, 18, 19, 0], [0, 42, 7, 34, 17, 8, 30, 28, 26, 33, 44, 0]]",9.051825650807586,0.2849138432315418,2.9514160151593387,0.3620319863160451,0.20893961417241358,0.4662349377823693,0.8429509407138038,0.8735337144804463,0.8538172245025635
0.0,0.0,7,True,146664,5,"[[0, 19, 18, 10, 23, 46, 32, 24, 13, 21, 29, 0], [0, 33, 26, 28, 30, 5, 22, 6, 4, 35, 44, 0], [0, 12, 45, 16, 7, 8, 34, 17, 39, 49, 27, 0], [0, 40, 25, 20, 2, 48, 43, 47, 9, 31, 36, 0], [0, 14, 3, 15, 42, 11, 41, 1, 37, 38, 50, 0]]",8.555378603181452,0.26857168819489224,2.614802184747532,0.3312020003795624,0.17011024397246888,0.2848949123831691,0.8404992197039807,0.8697401616188546,0.8538172245025635
0.0,0.0,8,True,147330,5,"[[0, 14, 3, 15, 42, 11, 41, 1, 37, 38, 50, 0], [0, 12, 45, 13, 46, 23, 10, 29, 21, 18, 19, 0], [0, 32, 24, 6, 22, 5, 48, 2, 20, 25, 40, 0], [0, 36, 31, 47, 9, 43, 30, 28, 26, 33, 44, 0], [0, 27, 49, 39, 17, 34, 8, 7, 16, 4, 35, 0]]",9.078311653938727,0.2773494065321725,2.722995073767379,0.3542669056249516,0.1602298340091961,0.2877164313681018,0.8445358603969391,0.8684879920210312,0.8538172245025635
0.0,0.0,9,True,146664,5,"[[0, 44, 14, 3, 15, 41, 11, 1, 37, 38, 50, 0], [0, 27, 49, 39, 17, 34, 8, 7, 42, 12, 45, 0], [0, 40, 25, 20, 2, 48, 43, 9, 47, 31, 36, 0], [0, 16, 35, 4, 6, 22, 5, 30, 28, 26, 33, 0], [0, 13, 24, 32, 46, 23, 10, 29, 21, 18, 19, 0]]",8.908578149406821,0.28013636391343816,2.9112845717463642,0.4494446590542793,0.24327573712204265,0.6642470036929935,0.8413627916154782,0.8716056770156783,0.8538172245025635
0.5,0.0,0,True,166637,5,"[[0, 50, 38, 37, 1, 11, 42, 41, 15, 3, 14, 0], [0, 45, 12, 16, 7, 8, 34, 17, 39, 49, 27, 0], [0, 19, 29, 21, 18, 10, 23, 46, 32, 24, 13, 0], [0, 33, 26, 30, 28, 43, 47, 9, 31, 36, 44, 0], [0, 40, 25, 20, 35, 4, 6, 22, 5, 2, 48, 0]]",6.40636409157014,0.19134660534161543,1.7205337041523308,0.2513980033497016,0.16110806747436013,0.16071709466489334,0.8248216524227214,0.8376207080361141,0.8359168171882629
0.5,0.0,1,True,167039,5,"[[0, 50, 38, 37, 1, 11, 42, 41, 15, 3, 14, 0], [0, 6, 22, 5, 2, 48, 47, 9, 43, 26, 33, 0], [0, 36, 31, 46, 32, 24, 13, 23, 10, 29, 44, 0], [0, 30, 28, 16, 7, 8, 34, 17, 39, 49, 27, 0], [0, 19, 40, 25, 20, 35, 4, 18, 21, 12, 45, 0]]",6.787947161021293,0.1807062888983637,2.1697162955533713,0.3975357785820961,0.2990560834250646,0.5427043621154831,0.8347735939627987,0.851852803850916,0.8538172245025635
0.5,0.0,2,True,166637,5,"[[0, 45, 12, 16, 7, 8, 34, 17, 39, 49, 27, 0], [0, 40, 25, 20, 35, 4, 6, 22, 5, 2, 48, 0], [0, 13, 24, 32, 46, 23, 10, 18, 21, 29, 19, 0], [0, 14, 3, 15, 11, 42, 41, 1, 37, 38, 50, 0], [0, 44, 36, 31, 9, 47, 43, 28, 30, 26, 33, 0]]",6.410805603387416,0.19134660534161543,1.7205337041523308,0.2513980033497016,0.16067921092634552,0.1599947672158282,0.823424467393747,0.8370403905996953,0.8359168171882629
0.5,0.0,3,True,166637,5,"[[0, 27, 49, 39, 17, 34, 8, 7, 16, 12, 45, 0], [0, 14, 3, 15, 41, 42, 11, 1, 37, 38, 50, 0], [0, 40, 25, 20, 35, 4, 6, 22, 5, 2, 48, 0], [0, 44, 36, 31, 47, 9, 43, 28, 30, 26, 33, 0], [0, 13, 24, 32, 46, 23, 10, 18, 21, 29, 19, 0]]",6.410805603387416,0.19134660534161543,1.7205337041523308,0.2513980033497016,0.16067921092634552,0.15999476721582823,0.823424467393747,0.8370403905996953,0.8359168171882629
0.5,0.0,4,True,166663,5,"[[0, 27, 49, 39, 17, 34, 22, 6, 12, 45, 44, 0], [0, 33, 26, 30, 28, 16, 7, 8, 23, 10, 19, 0], [0, 14, 3, 15, 11, 42, 41, 1, 37, 38, 50, 0], [0, 36, 31, 47, 9, 43, 35, 4, 18, 21, 29, 0], [0, 40, 25, 20, 5, 2, 48, 46, 32, 24, 13, 0]]",5.7127920009806985,0.1615785563942687,1.621017872239463,0.24070340394973755,0.14005732495064827,0.08430905572575635,0.8184614424930099,0.8246218126665703,0.8359168171882629
0.5,0.0,5,True,167459,5,"[[0, 14, 12, 45, 13, 24, 32, 46, 31, 36, 44, 0], [0, 50, 38, 37, 27, 49, 39, 17, 34, 3, 15, 0], [0, 33, 26, 30, 28, 16, 7, 42, 41, 11, 1, 0], [0, 19, 40, 25, 20, 5, 8, 23, 10, 18, 21, 0], [0, 29, 43, 47, 9, 2, 48, 22, 6, 4, 35, 0]]",5.285659457789734,0.11375891907434714,1.7743493736488745,0.22039873791592463,0.317801098217398,0.37627154402068774,0.7972957711448094,0.8045784847301134,0.6990970969200134
0.5,0.0,6,True,166916,5,"[[0, 14, 3, 15, 41, 42, 11, 1, 37, 38, 50, 0], [0, 36, 31, 47, 9, 48, 2, 5, 22, 6, 45, 0], [0, 33, 26, 43, 4, 35, 20, 25, 40, 19, 44, 0], [0, 30, 28, 16, 7, 8, 34, 17, 39, 49, 27, 0], [0, 29, 21, 18, 10, 23, 46, 32, 24, 13, 12, 0]]",6.743032974438393,0.1691928900887861,2.1697162955533713,0.3975357785820961,0.2240990735972579,0.291985523120427,0.832146610783925,0.8480104340730048,0.8538172245025635
0.5,0.0,7,True,166663,5,"[[0, 14, 3, 15, 41, 42, 11, 1, 37, 38, 50, 0], [0, 44, 45, 12, 6, 22, 34, 17, 39, 49, 27, 0], [0, 29, 21, 18, 4, 35, 43, 47, 9, 31, 36, 0], [0, 40, 25, 20, 48, 2, 5, 46, 32, 24, 13, 0], [0, 19, 10, 23, 8, 7, 16, 28, 30, 26, 33, 0]]",5.710411006599315,0.1615785563942687,1.621017872239463,0.24070340394973755,0.14028250549454357,0.08453586046783826,0.819091530335246,0.82496564429278,0.8359168171882629
0.5,0.0,8,True,166637,5,"[[0, 48, 2, 5, 22, 6, 4, 35, 20, 25, 40, 0], [0, 50, 38, 37, 1, 11, 42, 41, 15, 3, 14, 0], [0, 19, 29, 21, 18, 10, 23, 46, 32, 24, 13, 0], [0, 45, 12, 16, 7, 8, 34, 17, 39, 49, 27, 0], [0, 33, 26, 30, 28, 43, 47, 9, 31, 36, 44, 0]]",6.40636409157014,0.19134660534161543,1.7205337041523308,0.2513980033497016,0.16110806747436013,0.1607170946648933,0.8248216524227214,0.8376207080361141,0.8359168171882629
0.5,0.0,9,True,166853,5,"[[0, 12, 45, 13, 23, 10, 18, 21, 29, 19, 44, 0], [0, 14, 3, 15, 41, 42, 11, 1, 37, 38, 50, 0], [0, 40, 25, 20, 35, 4, 43, 47, 9, 26, 33, 0], [0, 30, 28, 16, 7, 8, 34, 17, 39, 49, 27, 0], [0, 48, 2, 5, 22, 6, 24, 32, 46, 31, 36, 0]]",6.485526551157818,0.17637721941836418,2.1697162955533713,0.3975357785820961,0.2674989260128584,0.3856216922784856,0.8288298530249567,0.8390922688176998,0.8538172245025635
1.0,0.0,0,True,179795,5,"[[0, 36, 31, 9, 47, 2, 48, 28, 30, 26, 33, 0], [0, 45, 12, 40, 25, 20, 21, 18, 10, 23, 13, 0], [0, 1, 42, 41, 11, 15, 3, 14, 38, 50, 44, 0], [0, 24, 32, 46, 5, 22, 6, 4, 35, 43, 29, 0], [0, 27, 37, 49, 39, 17, 34, 8, 7, 16, 19, 0]]",4.144720985525055,0.08309958938901361,1.3698705970309675,0.16283333541027137,0.2858248451867713,0.18757708406563284,0.7662942266591737,0.7549397393545942,0.6990970969200134
1.0,0.0,1,True,179795,5,"[[0, 44, 1, 11, 41, 42, 15, 3, 14, 38, 50, 0], [0, 45, 12, 40, 25, 20, 21, 18, 10, 23, 13, 0], [0, 27, 37, 49, 39, 17, 34, 8, 7, 16, 19, 0], [0, 24, 32, 46, 5, 22, 6, 4, 35, 43, 29, 0], [0, 36, 31, 9, 47, 2, 48, 28, 30, 26, 33, 0]]",4.144720985525055,0.08309958938901361,1.3698705970309675,0.16283333541027137,0.2858248451867713,0.18757708406563284,0.7662942266591737,0.7549397393545942,0.6990970969200134
1.0,0.0,2,True,180734,5,"[[0, 29, 43, 35, 4, 6, 22, 5, 2, 48, 45, 0], [0, 19, 16, 7, 8, 34, 17, 39, 49, 37, 27, 0], [0, 12, 40, 25, 20, 9, 47, 28, 30, 26, 33, 0], [0, 21, 18, 10, 23, 13, 24, 32, 46, 31, 36, 0], [0, 1, 11, 42, 41, 15, 3, 14, 38, 50, 44, 0]]",4.1908378081570845,0.07978159207850695,1.4566134453052655,0.1606122436267989,0.3229216621551074,0.23378344007712853,0.7627681810794211,0.7541120615992377,0.6990970969200134
1.0,0.0,3,True,180495,5,"[[0, 29, 43, 47, 9, 34, 17, 39, 49, 37, 27, 0], [0, 35, 4, 6, 22, 5, 20, 25, 40, 31, 36, 0], [0, 13, 24, 32, 46, 2, 48, 28, 30, 26, 33, 0], [0, 44, 50, 38, 14, 3, 15, 41, 42, 11, 1, 0], [0, 45, 12, 21, 18, 10, 23, 8, 7, 16, 19, 0]]",4.500489447702421,0.09507486667181994,1.7214818821521476,0.2096039761478702,0.3613973018866057,0.35118327213516,0.7798235689612283,0.7752812499237701,0.6990970969200134
1.0,0.0,4,True,180719,5,"[[0, 19, 40, 25, 20, 46, 32, 24, 37, 38, 50, 0], [0, 36, 31, 9, 47, 34, 17, 8, 39, 49, 27, 0], [0, 44, 33, 26, 30, 28, 16, 7, 42, 11, 41, 0], [0, 1, 48, 2, 5, 22, 6, 4, 35, 43, 29, 0], [0, 15, 3, 14, 12, 21, 18, 10, 23, 13, 45, 0]]",4.897461307584308,0.10317178683257416,1.4780174075858667,0.15025595682007925,0.21738326153842213,0.15075417696647783,0.7867930770558313,0.7885804178492754,0.6990970969200134
1.0,0.0,5,True,180077,5,"[[0, 29, 43, 35, 4, 6, 22, 5, 20, 25, 40, 0], [0, 44, 50, 38, 14, 3, 15, 41, 42, 11, 1, 0], [0, 45, 12, 21, 18, 10, 23, 46, 32, 24, 13, 0], [0, 36, 31, 9, 47, 2, 48, 28, 30, 26, 33, 0], [0, 27, 37, 49, 39, 17, 34, 8, 7, 16, 19, 0]]",4.66611106597702,0.09482477304454033,1.3698705970309675,0.16283333541027137,0.22498866831488695,0.152712587833628,0.7836838089329454,0.7830273682249715,0.6990970969200134
1.0,0.0,6,True,180072,5,"[[0, 13, 23, 10, 18, 21, 24, 32, 46, 31, 36, 0], [0, 45, 12, 11, 41, 42, 15, 3, 14, 38, 50, 0], [0, 27, 37, 49, 39, 17, 34, 8, 7, 16, 19, 0], [0, 40, 25, 20, 5, 22, 6, 4, 35, 43, 29, 0], [0, 1, 48, 2, 47, 9, 28, 30, 26, 33, 44, 0]]",4.429582726181252,0.09027256037255652,1.4389034151099622,0.16292783617973328,0.30299133314856097,0.23638693535302896,0.7717413993229871,0.7679640922982768,0.6990970969200134
1.0,0.0,7,True,179795,5,"[[0, 44, 1, 41, 42, 11, 15, 3, 14, 38, 50, 0], [0, 13, 23, 10, 18, 21, 20, 25, 40, 12, 45, 0], [0, 33, 26, 30, 28, 48, 2, 9, 47, 31, 36, 0], [0, 27, 37, 49, 39, 17, 34, 8, 7, 16, 19, 0], [0, 29, 43, 35, 4, 6, 22, 5, 46, 32, 24, 0]]",4.144882181863068,0.08309958938901361,1.3679712759330869,0.16283333541027137,0.28504944443848457,0.18673464173748894,0.7661979452519352,0.7549103794075402,0.6990970969200134
1.0,0.0,8,True,179795,5,"[[0, 1, 11, 42, 41, 15, 3, 14, 38, 50, 44, 0], [0, 12, 40, 25, 20, 21, 18, 10, 23, 13, 45, 0], [0, 24, 32, 46, 5, 22, 6, 4, 35, 43, 29, 0], [0, 27, 37, 49, 39, 17, 34, 8, 7, 16, 19, 0], [0, 33, 26, 30, 28, 48, 2, 9, 47, 31, 36, 0]]",4.142821664427174,0.08309958938901361,1.3679712759330869,0.16283333541027137,0.2855891160633266,0.1871667040834221,0.7670269373841558,0.755285849588326,0.6990970969200134
1.0,0.0,9,True,179762,5,"[[0, 50, 38, 14, 3, 15, 11, 41, 42, 1, 44, 0], [0, 2, 48, 9, 47, 43, 35, 4, 18, 21, 29, 0], [0, 13, 24, 32, 46, 5, 20, 25, 40, 31, 36, 0], [0, 19, 10, 23, 8, 7, 16, 28, 30, 26, 33, 0], [0, 45, 12, 6, 22, 34, 17, 39, 49, 37, 27, 0]]",4.607459605220356,0.12247587451390152,1.6377559453248978,0.17164699756540358,0.28670144320586477,0.22712333309939053,0.7821408956008802,0.7790318642007426,0.6990970969200134
1.5,0.0,0,True,189879,5,"[[0, 1, 11, 42, 5, 22, 6, 4, 35, 43, 29, 0], [0, 27, 49, 37, 24, 32, 46, 31, 36, 50, 44, 0], [0, 19, 16, 7, 8, 39, 17, 34, 3, 14, 38, 0], [0, 12, 13, 23, 10, 18, 21, 20, 25, 40, 45, 0], [0, 15, 41, 2, 48, 9, 47, 28, 30, 26, 33, 0]]",3.5785435534489807,0.07076649952472912,1.404417930301861,0.16283333541027137,0.3007981749506654,0.15812872817207527,0.7387050968743203,0.7185903168997839,0.6990970969200134
1.5,0.0,1,True,190298,5,"[[0, 44, 50, 38, 14, 3, 15, 11, 42, 41, 1, 0], [0, 33, 26, 30, 28, 48, 2, 9, 47, 31, 36, 0], [0, 29, 43, 35, 4, 21, 18, 10, 23, 13, 12, 0], [0, 19, 16, 7, 8, 39, 17, 34, 20, 25, 40, 0], [0, 27, 49, 37, 24, 32, 46, 5, 22, 6, 45, 0]]",3.8607907473051455,0.0776851579446245,1.3679712759330869,0.16283333541027137,0.22135661534952833,0.1088651810769981,0.7601410847471539,0.7440693566985138,0.6990970969200134
1.5,0.0,2,True,190841,5,"[[0, 45, 12, 21, 18, 10, 23, 8, 7, 16, 19, 0], [0, 27, 37, 49, 39, 17, 34, 3, 14, 38, 50, 0], [0, 1, 42, 11, 35, 20, 25, 40, 31, 36, 44, 0], [0, 29, 43, 4, 6, 22, 5, 46, 32, 24, 13, 0], [0, 33, 26, 30, 28, 9, 47, 48, 2, 41, 15, 0]]",3.765804912400199,0.07851221822202206,1.404417930301861,0.16283333541027137,0.3692576251975066,0.2826562579834805,0.7523316618278846,0.7360552300162594,0.6990970969200134
1.5,0.0,3,True,191444,5,"[[0, 19, 16, 7, 8, 39, 17, 34, 22, 6, 12, 0], [0, 21, 18, 4, 35, 43, 29, 10, 23, 13, 45, 0], [0, 33, 26, 30, 28, 2, 48, 47, 9, 31, 36, 0], [0, 40, 25, 20, 5, 46, 32, 24, 37, 49, 27, 0], [0, 1, 11, 42, 41, 15, 3, 14, 38, 50, 44, 0]]",3.9969018159608822,0.07563330018892885,1.3679712759330869,0.16606514688049043,0.3088168398602906,0.2086901483408147,0.7646554334933853,0.7508662349999893,0.6990970969200134
1.5,0.0,4,True,189879,5,"[[0, 45, 40, 25, 20, 21, 18, 10, 23, 13, 12, 0], [0, 29, 43, 35, 4, 6, 22, 5, 42, 11, 1, 0], [0, 15, 41, 2, 48, 9, 47, 28, 30, 26, 33, 0], [0, 27, 49, 37, 24, 32, 46, 31, 36, 50, 44, 0], [0, 19, 16, 7, 8, 39, 17, 34, 3, 14, 38, 0]]",3.5764830360130873,0.07076649952472912,1.404417930301861,0.16283333541027137,0.3014323772689893,0.158467434468531,0.7395668665265611,0.7190043179903318,0.6990970969200134
1.5,0.0,5,True,189879,5,"[[0, 44, 36, 31, 46, 32, 24, 37, 49, 27, 50, 0], [0, 15, 11, 42, 5, 22, 6, 4, 35, 43, 29, 0], [0, 45, 40, 25, 20, 21, 18, 10, 23, 13, 12, 0], [0, 38, 14, 3, 34, 17, 39, 8, 7, 16, 19, 0], [0, 33, 26, 30, 28, 47, 9, 48, 2, 41, 1, 0]]",3.577619954565307,0.07076649952472912,1.4339597085490823,0.16283333541027137,0.3082400897433559,0.1680452623263488,0.7390945604733294,0.7187758282796777,0.6990970969200134
1.5,0.0,6,True,189879,5,"[[0, 33, 26, 30, 28, 47, 9, 48, 2, 41, 15, 0], [0, 1, 11, 42, 5, 22, 6, 4, 35, 43, 29, 0], [0, 38, 14, 3, 34, 17, 39, 8, 7, 16, 19, 0], [0, 45, 40, 25, 20, 21, 18, 10, 23, 13, 12, 0], [0, 36, 31, 46, 32, 24, 37, 49, 27, 50, 44, 0]]",3.577619954565307,0.07076649952472912,1.404417930301861,0.16283333541027137,0.30163418333129566,0.15868451761621546,0.7390945604733294,0.7187758282796777,0.6990970969200134
1.5,0.0,7,True,189879,5,"[[0, 44, 50, 27, 49, 37, 24, 32, 46, 31, 36, 0], [0, 15, 41, 2, 48, 9, 47, 28, 30, 26, 33, 0], [0, 12, 13, 23, 10, 18, 21, 20, 25, 40, 45, 0], [0, 29, 43, 35, 4, 6, 22, 5, 42, 11, 1, 0], [0, 19, 16, 7, 8, 39, 17, 34, 3, 14, 38, 0]]",3.5785435534489807,0.07076649952472912,1.404417930301861,0.16283333541027137,0.3007981749506654,0.15812872817207527,0.7387050968743203,0.7185903168997839,0.6990970969200134
1.5,0.0,8,True,189880,5,"[[0, 15, 41, 42, 5, 22, 6, 4, 35, 43, 29, 0], [0, 19, 16, 7, 8, 39, 17, 34, 3, 14, 38, 0], [0, 45, 40, 25, 20, 21, 18, 10, 23, 13, 12, 0], [0, 33, 26, 30, 28, 9, 47, 2, 48, 11, 1, 0], [0, 36, 31, 46, 32, 24, 37, 49, 27, 50, 44, 0]]",3.578382357110968,0.07076649952472912,1.4474815498106182,0.16283333541027137,0.31111220008154983,0.172456252116419,0.7387440013905202,0.7186226874281556,0.6990970969200134
1.5,0.0,9,True,190692,5,"[[0, 36, 31, 47, 9, 2, 48, 28, 30, 26, 33, 0], [0, 27, 37, 49, 39, 17, 34, 8, 7, 16, 19, 0], [0, 12, 13, 23, 10, 18, 21, 20, 25, 40, 45, 0], [0, 24, 32, 46, 5, 22, 6, 4, 35, 43, 29, 0], [0, 44, 50, 38, 14, 3, 15, 11, 41, 42, 1, 0]]",4.146781502960948,0.08309958938901361,1.3698705970309675,0.16283333541027137,0.28528530361115734,0.18714470863296057,0.7654642498564574,0.7545646131284166,0.6990970969200134
2.0,0.0,0,True,199171,5,"[[0, 27, 49, 37, 24, 32, 46, 31, 36, 44, 50, 0], [0, 19, 16, 7, 8, 39, 17, 34, 3, 14, 38, 0], [0, 33, 26, 30, 28, 9, 47, 2, 48, 11, 1, 0], [0, 29, 43, 35, 4, 6, 22, 5, 42, 41, 15, 0], [0, 12, 40, 25, 20, 21, 18, 10, 23, 13, 45, 0]]",3.5764830360130873,0.07076649952472912,1.4474815498106182,0.16283333541027137,0.3110649954752287,0.17234569221269486,0.7395668665265611,0.7190043179903318,0.6990970969200134
2.0,0.0,1,True,199171,5,"[[0, 50, 44, 36, 31, 46, 32, 24, 37, 49, 27, 0], [0, 1, 11, 48, 2, 9, 47, 28, 30, 26, 33, 0], [0, 12, 40, 25, 20, 21, 18, 10, 23, 13, 45, 0], [0, 38, 14, 3, 34, 17, 39, 8, 7, 16, 19, 0], [0, 15, 41, 42, 5, 22, 6, 4, 35, 43, 29, 0]]",3.577619954565307,0.07076649952472912,1.4474815498106182,0.16283333541027137,0.31126374042358673,0.1725627753603793,0.7390945604733294,0.7187758282796777,0.6990970969200134
2.0,0.0,2,True,200246,5,"[[0, 27, 49, 37, 4, 6, 22, 5, 42, 41, 15, 0], [0, 50, 38, 14, 3, 40, 25, 20, 35, 43, 29, 0], [0, 1, 11, 48, 2, 47, 9, 28, 30, 26, 33, 0], [0, 21, 18, 10, 23, 13, 24, 32, 46, 31, 36, 0], [0, 44, 45, 12, 34, 17, 39, 8, 7, 16, 19, 0]]",3.4353329923178535,0.07437454827595502,1.4474815498106182,0.16283333541027137,0.37105223053455516,0.21591652286194804,0.7289872265929753,0.7066758223812426,0.6990970969200134
2.0,0.0,3,True,199171,5,"[[0, 12, 45, 40, 25, 20, 21, 18, 10, 23, 13, 0], [0, 19, 16, 7, 8, 39, 17, 34, 3, 14, 38, 0], [0, 1, 11, 48, 2, 9, 47, 28, 30, 26, 33, 0], [0, 15, 41, 42, 5, 22, 6, 4, 35, 43, 29, 0], [0, 50, 44, 36, 31, 46, 32, 24, 37, 49, 27, 0]]",3.578382357110968,0.07076649952472912,1.4474815498106182,0.16283333541027137,0.31111220008154983,0.17245625211641896,0.7387440013905202,0.7186226874281556,0.6990970969200134
2.0,0.0,4,True,200521,5,"[[0, 45, 13, 23, 24, 32, 46, 5, 22, 6, 12, 0], [0, 19, 16, 7, 8, 39, 17, 34, 48, 2, 15, 0], [0, 27, 49, 37, 4, 43, 35, 41, 42, 11, 1, 0], [0, 29, 10, 18, 21, 20, 25, 40, 31, 36, 44, 0], [0, 50, 38, 14, 3, 9, 47, 28, 30, 26, 33, 0]]",3.34187166459742,0.06302532654356312,0.9921684849541634,0.1219882108271122,0.2515245283314651,0.09760147212627752,0.7292316045774367,0.7034195761421476,0.6990970969200134
2.0,0.0,5,True,199867,5,"[[0, 13, 23, 10, 18, 21, 20, 25, 40, 45, 12, 0], [0, 38, 14, 3, 34, 17, 39, 8, 7, 16, 19, 0], [0, 1, 49, 27, 37, 24, 32, 46, 31, 36, 50, 0], [0, 11, 48, 2, 47, 9, 28, 30, 26, 33, 44, 0], [0, 15, 41, 42, 5, 22, 6, 4, 35, 43, 29, 0]]",3.580344331305241,0.07076649952472912,1.4165093400515616,0.16292783617973328,0.307180403048104,0.16540072720348198,0.7409672641372393,0.7182288931341752,0.6990970969200134
2.0,0.0,6,True,199171,5,"[[0, 27, 49, 37, 24, 32, 46, 31, 36, 44, 50, 0], [0, 1, 11, 48, 2, 47, 9, 28, 30, 26, 33, 0], [0, 45, 13, 23, 10, 18, 21, 20, 25, 40, 12, 0], [0, 15, 41, 42, 5, 22, 6, 4, 35, 43, 29, 0], [0, 38, 14, 3, 34, 17, 39, 8, 7, 16, 19, 0]]",3.57778115090332,0.07076649952472912,1.4474815498106182,0.16283333541027137,0.31057663384571255,0.17211351899191932,0.739053527346861,0.7187434439536153,0.6990970969200134
2.0,0.0,7,True,199171,5,"[[0, 12, 13, 23, 10, 18, 21, 20, 25, 40, 45, 0], [0, 38, 14, 3, 34, 17, 39, 8, 7, 16, 19, 0], [0, 29, 43, 35, 4, 6, 22, 5, 42, 41, 1, 0], [0, 27, 49, 37, 24, 32, 46, 31, 36, 44, 50, 0], [0, 15, 11, 48, 2, 9, 47, 28, 30, 26, 33, 0]]",3.57778115090332,0.07076649952472912,1.4179397715633968,0.16283333541027137,0.3039710250616734,0.16243320689295201,0.739053527346861,0.7187434439536153,0.6990970969200134
2.0,0.0,8,True,200350,5,"[[0, 27, 49, 37, 24, 32, 46, 5, 22, 6, 45, 0], [0, 1, 48, 2, 47, 9, 28, 30, 26, 33, 44, 0], [0, 15, 41, 42, 11, 12, 21, 18, 10, 23, 13, 0], [0, 38, 14, 3, 34, 17, 39, 8, 7, 16, 19, 0], [0, 50, 36, 31, 40, 25, 20, 35, 4, 43, 29, 0]]",3.6837130101339426,0.06538698940378863,1.4389034151099622,0.16292783617973328,0.3173614975904493,0.1803412830995199,0.7394868291552723,0.721435021729788,0.6990970969200134
2.0,0.0,9,True,199825,5,"[[0, 33, 26, 30, 28, 9, 47, 2, 48, 11, 1, 0], [0, 12, 13, 23, 10, 18, 21, 4, 35, 43, 29, 0], [0, 19, 16, 7, 8, 39, 17, 34, 22, 6, 45, 0], [0, 44, 36, 31, 40, 25, 20, 3, 14, 38, 50, 0], [0, 15, 41, 42, 5, 46, 32, 24, 37, 49, 27, 0]]",3.5808919899573084,0.07076913609893785,1.4474815498106182,0.16283333541027137,0.3184309466418249,0.1760516382804644,0.7355415630653288,0.7167180061504961,0.6990970969200134
3.0,0.0,0,True,217848,5,"[[0, 44, 50, 38, 14, 3, 20, 25, 40, 31, 36, 0], [0, 27, 49, 37, 24, 32, 46, 5, 16, 7, 42, 0], [0, 13, 23, 8, 39, 17, 34, 22, 6, 4, 19, 0], [0, 1, 11, 35, 43, 29, 10, 18, 21, 12, 45, 0], [0, 15, 41, 2, 48, 47, 9, 28, 30, 26, 33, 0]]",3.3418553028750466,0.0696316718716513,1.404417930301861,0.16283333541027137,0.3297158971804257,0.1743827107934511,0.7266061647122262,0.6993311028244474,0.6990970969200134
3.0,0.0,1,True,217077,5,"[[0, 42, 7, 16, 5, 22, 6, 4, 37, 49, 27, 0], [0, 36, 31, 46, 32, 24, 20, 25, 40, 12, 45, 0], [0, 15, 11, 48, 2, 9, 47, 28, 30, 26, 33, 0], [0, 1, 41, 35, 43, 29, 21, 18, 10, 19, 44, 0], [0, 50, 38, 14, 3, 34, 17, 39, 8, 23, 13, 0]]",3.341385511404951,0.0696316718716513,1.4179397715633968,0.16283333541027137,0.3280107606389051,0.1797500036565609,0.7266069756687552,0.6994294272427936,0.6990970969200134
3.0,0.0,2,True,217179,5,"[[0, 50, 38, 14, 3, 34, 17, 39, 8, 23, 13, 0], [0, 33, 26, 30, 28, 47, 9, 2, 48, 41, 15, 0], [0, 1, 49, 27, 37, 24, 32, 46, 31, 36, 44, 0], [0, 19, 29, 10, 18, 21, 20, 25, 40, 12, 45, 0], [0, 11, 42, 7, 16, 5, 22, 6, 4, 43, 35, 0]]",3.347874740793486,0.06614045958433833,1.404417930301861,0.16283333541027137,0.3321178354823435,0.18256818395800747,0.7300229830606726,0.70112894609435,0.6990970969200134
3.0,0.0,3,True,217179,5,"[[0, 19, 29, 10, 18, 21, 20, 25, 40, 12, 45, 0], [0, 35, 43, 4, 6, 22, 5, 16, 7, 42, 11, 0], [0, 50, 38, 14, 3, 34, 17, 39, 8, 23, 13, 0], [0, 33, 26, 30, 28, 9, 47, 48, 2, 41, 15, 0], [0, 36, 31, 46, 32, 24, 37, 27, 49, 1, 44, 0]]",3.3497740618913667,0.06614045958433833,1.404417930301861,0.16283333541027137,0.3321563246535104,0.18274525730111635,0.7291646756802264,0.7007314061483575,0.6990970969200134
3.0,0.0,4,True,217179,5,"[[0, 45, 12, 40, 25, 20, 21, 18, 10, 29, 19, 0], [0, 11, 41, 48, 2, 47, 9, 28, 30, 26, 33, 0], [0, 13, 23, 8, 39, 17, 34, 3, 14, 38, 50, 0], [0, 15, 42, 7, 16, 5, 22, 6, 4, 43, 35, 0], [0, 44, 1, 49, 27, 37, 24, 32, 46, 31, 36, 0]]",3.3458142233575927,0.06614045958433833,1.4115656334906816,0.16283333541027137,0.33574046928199675,0.18603695038721407,0.7298222810350379,0.7015607358835592,0.6990970969200134
3.0,0.0,5,True,217179,5,"[[0, 50, 38, 14, 3, 34, 17, 39, 8, 23, 13, 0], [0, 15, 11, 2, 48, 9, 47, 28, 30, 26, 33, 0], [0, 41, 42, 7, 16, 5, 22, 6, 4, 43, 35, 0], [0, 45, 12, 40, 25, 20, 21, 18, 10, 29, 19, 0], [0, 44, 1, 49, 27, 37, 24, 32, 46, 31, 36, 0]]",3.3458142233575927,0.06614045958433833,1.4179397715633968,0.16283333541027137,0.33878864238292583,0.18895852642249392,0.7298222810350379,0.7015607358835592,0.6990970969200134
3.0,0.0,6,True,217179,5,"[[0, 15, 35, 43, 4, 6, 22, 5, 16, 7, 42, 0], [0, 45, 12, 40, 25, 20, 21, 18, 10, 29, 19, 0], [0, 11, 41, 2, 48, 47, 9, 28, 30, 26, 33, 0], [0, 36, 31, 46, 32, 24, 37, 27, 49, 1, 44, 0], [0, 13, 23, 8, 39, 17, 34, 3, 14, 38, 50, 0]]",3.3477135444554733,0.06614045958433833,1.4115656334906816,0.16283333541027137,0.3357769268464843,0.18621433681706204,0.7289616259280352,0.701162706276362,0.6990970969200134
3.0,0.0,7,True,217780,5,"[[0, 50, 38, 14, 3, 9, 47, 28, 30, 26, 33, 0], [0, 19, 16, 7, 8, 39, 17, 34, 2, 48, 15, 0], [0, 12, 13, 23, 24, 32, 46, 5, 22, 6, 45, 0], [0, 29, 10, 18, 21, 20, 25, 40, 31, 36, 44, 0], [0, 1, 42, 41, 11, 35, 43, 4, 37, 49, 27, 0]]",3.34187166459742,0.06302532654356312,0.9921684849541634,0.1219882108271122,0.2515245283314651,0.09760147212627752,0.7292316045774367,0.7034195761421476,0.6990970969200134
3.0,0.0,8,True,217780,5,"[[0, 50, 38, 14, 3, 47, 9, 28, 30, 26, 33, 0], [0, 1, 48, 2, 34, 17, 39, 8, 7, 16, 19, 0], [0, 15, 41, 11, 42, 35, 43, 4, 37, 49, 27, 0], [0, 45, 6, 22, 5, 46, 32, 24, 23, 13, 12, 0], [0, 36, 31, 40, 25, 20, 21, 18, 10, 29, 44, 0]]",3.345783736993326,0.06302532654356312,0.9696743307431461,0.1219882108271122,0.248073476585567,0.09685094074219715,0.7271033909823235,0.7025970996992925,0.6990970969200134
3.0,0.0,9,True,218223,5,"[[0, 20, 25, 40, 4, 43, 35, 11, 42, 41, 15, 0], [0, 50, 29, 21, 18, 10, 23, 13, 12, 45, 44, 0], [0, 19, 16, 7, 8, 39, 17, 34, 3, 14, 38, 0], [0, 6, 22, 5, 46, 32, 24, 37, 27, 49, 1, 0], [0, 36, 31, 9, 47, 2, 48, 28, 30, 26, 33, 0]]",3.2913706300023478,0.05466172010416076,1.3698705970309675,0.16283333541027137,0.33111272646718626,0.17977078266313024,0.7286787249024826,0.7002380672898415,0.6990970969200134
