beta,lambda_concentration,seed,is_feasible,pyvrp_cost,num_routes,routes,global_risk,global_cvar90,max_vehicle_risk,max_vehicle_cvar90,vehicle_risk_gini,risk_variance,edge_burden_gini_used,top10_burden_share,max_edge_burden
0.0,0.0,0,True,145999,5,"[[0, 44, 14, 3, 15, 41, 11, 1, 37, 38, 50, 0], [0, 42, 7, 8, 34, 17, 9, 47, 43, 26, 33, 0], [0, 45, 12, 13, 24, 32, 46, 23, 10, 18, 19, 0], [0, 40, 25, 20, 35, 4, 16, 28, 30, 21, 29, 0], [0, 36, 31, 6, 22, 2, 48, 5, 39, 49, 27, 0]]",9.752464202007104,0.2710777119818059,3.0342096596723422,0.392312154173851,0.1958783849523391,0.480798394300502,0.871241015332407,0.9097632066833685,0.8933064937591553
0.0,0.0,1,True,145999,5,"[[0, 6, 22, 5, 2, 48, 43, 9, 47, 31, 36, 0], [0, 12, 45, 13, 24, 32, 46, 23, 10, 18, 19, 0], [0, 27, 49, 39, 17, 34, 8, 7, 30, 21, 29, 0], [0, 33, 26, 28, 16, 4, 35, 20, 25, 40, 44, 0], [0, 14, 3, 15, 42, 41, 11, 1, 37, 38, 50, 0]]",10.530832865777484,0.2779575565563781,2.985303564113565,0.5194987237453461,0.18435271510428364,0.4851594947705008,0.8802372124649716,0.91749843649647,1.5203748941421509
0.0,0.0,2,True,146664,5,"[[0, 27, 49, 39, 17, 34, 8, 7, 16, 12, 45, 0], [0, 35, 4, 6, 22, 5, 43, 47, 9, 31, 36, 0], [0, 33, 26, 28, 30, 48, 2, 20, 25, 40, 19, 0], [0, 14, 3, 15, 42, 41, 11, 1, 37, 38, 50, 0], [0, 29, 21, 18, 10, 23, 46, 32, 24, 13, 44, 0]]",8.662102563786902,0.2538501902393276,3.336489849119971,0.47315354148546857,0.258552603267876,0.7642925147910686,0.8728990819711846,0.9043510596089727,0.8933064937591553
0.0,0.0,3,True,146664,5,"[[0, 44, 50, 38, 37, 1, 41, 11, 15, 3, 14, 0], [0, 19, 18, 21, 29, 10, 23, 46, 32, 24, 13, 0], [0, 45, 12, 42, 7, 8, 34, 17, 39, 49, 27, 0], [0, 16, 35, 4, 6, 22, 5, 30, 28, 26, 33, 0], [0, 40, 25, 20, 2, 48, 43, 47, 9, 31, 36, 0]]",10.828639162769832,0.3556326637044549,3.569127174851019,0.4903075297673543,0.24026620449855418,0.9656630196096165,0.8688903575162596,0.914955761954514,0.8933064937591553
0.0,0.0,4,True,147330,5,"[[0, 36, 31, 9, 47, 43, 48, 2, 20, 25, 40, 0], [0, 45, 12, 13, 24, 32, 46, 23, 10, 29, 44, 0], [0, 14, 3, 15, 42, 11, 41, 1, 37, 38, 50, 0], [0, 21, 35, 4, 6, 22, 5, 30, 28, 26, 33, 0], [0, 27, 49, 39, 17, 34, 8, 7, 16, 18, 19, 0]]",10.357316488480137,0.27384808414748735,3.5689694418688305,0.43902191519737244,0.24977978369845277,0.8849395686064966,0.8797713700783589,0.9189823605015697,1.1179908514022827
0.0,0.0,5,True,147330,5,"[[0, 27, 49, 39, 48, 2, 43, 9, 47, 31, 36, 0], [0, 14, 3, 15, 42, 11, 41, 1, 37, 38, 50, 0], [0, 33, 26, 28, 30, 8, 17, 34, 7, 16, 45, 0], [0, 12, 35, 4, 6, 22, 5, 20, 25, 40, 44, 0], [0, 29, 21, 13, 24, 32, 46, 23, 10, 18, 19, 0]]",10.647019507669029,0.3483476210385561,3.904246321588289,0.43961610794067385,0.22912742368045058,0.9175586943436095,0.8683302012957046,0.9057822603322742,0.8933064937591553
0.0,0.0,6,True,147330,5,"[[0, 50, 38, 37, 1, 41, 11, 15, 3, 14, 45, 0], [0, 36, 31, 9, 47, 43, 2, 48, 39, 49, 27, 0], [0, 40, 25, 20, 5, 22, 6, 4, 35, 16, 12, 0], [0, 13, 24, 32, 46, 23, 10, 29, 21, 18, 19, 0], [0, 42, 7, 34, 17, 8, 30, 28, 26, 33, 44, 0]]",10.79665626190399,0.35361552058852147,3.3801926096784882,0.399338165918986,0.19190576642751922,0.5589201392010225,0.867488954318913,0.9145894892502695,0.8933064937591553
0.0,0.0,7,True,146664,5,"[[0, 19, 18, 10, 23, 46, 32, 24, 13, 21, 29, 0], [0, 33, 26, 28, 30, 5, 22, 6, 4, 35, 44, 0], [0, 12, 45, 16, 7, 8, 34, 17, 39, 49, 27, 0], [0, 40, 25, 20, 2, 48, 43, 47, 9, 31, 36, 0], [0, 14, 3, 15, 42, 11, 41, 1, 37, 38, 50, 0]]",10.290453588226228,0.33746067634118454,3.569127174851019,0.40286990503470105,0.1937823431881769,0.6357355921360847,0.8715928229653642,0.9133620854852026,0.8933064937591553
0.0,0.0,8,True,147330,5,"[[0, 14, 3, 15, 42, 11, 41, 1, 37, 38, 50, 0], [0, 12, 45, 13, 46, 23, 10, 29, 21, 18, 19, 0], [0, 32, 24, 6, 22, 5, 48, 2, 20, 25, 40, 0], [0, 36, 31, 47, 9, 43, 30, 28, 26, 33, 44, 0], [0, 27, 49, 39, 17, 34, 8, 7, 16, 4, 35, 0]]",10.978193546630791,0.36074601991900374,2.9161633792391513,0.40286990503470105,0.14721969319053296,0.36650798974561616,0.8723599420137311,0.9131488567075791,0.8933064937591553
0.0,0.0,9,True,145999,5,"[[0, 14, 3, 15, 42, 41, 11, 1, 37, 38, 50, 0], [0, 27, 49, 39, 17, 34, 8, 7, 30, 21, 29, 0], [0, 12, 45, 13, 24, 32, 46, 23, 10, 18, 19, 0], [0, 44, 40, 25, 20, 35, 4, 16, 28, 26, 33, 0], [0, 6, 22, 5, 48, 2, 43, 47, 9, 31, 36, 0]]",10.531825922698772,0.2779575565563781,2.985303564113565,0.5194987237453461,0.18433533229326526,0.4852464033549733,0.8795517110838014,0.9174119246058139,1.5203748941421509
1.0,0.0,0,True,178609,5,"[[0, 36, 31, 9, 47, 2, 48, 28, 30, 26, 33, 0], [0, 12, 13, 21, 18, 10, 23, 8, 7, 16, 19, 0], [0, 45, 40, 25, 20, 34, 17, 39, 49, 37, 27, 0], [0, 29, 43, 35, 4, 6, 22, 5, 46, 32, 24, 0], [0, 44, 1, 42, 41, 11, 15, 3, 14, 38, 50, 0]]",4.374592284759274,0.11188183561898768,1.4304836090595927,0.14031350488464037,0.27061970133879387,0.18438649475679186,0.8433230253784743,0.8267937073745064,0.7047888040542603
1.0,0.0,1,True,178740,5,"[[0, 35, 4, 6, 22, 5, 46, 32, 24, 31, 36, 0], [0, 33, 26, 30, 28, 16, 7, 8, 23, 13, 12, 0], [0, 2, 48, 47, 9, 43, 29, 21, 18, 10, 19, 0], [0, 50, 38, 14, 3, 15, 11, 41, 42, 1, 44, 0], [0, 27, 37, 49, 39, 17, 34, 20, 25, 40, 45, 0]]",4.82857618307753,0.12589133391156793,1.5217539439327084,0.1836429735911744,0.25332135772133024,0.1994812076608744,0.8455143502819515,0.8394696859931078,0.7047888040542603
1.0,0.0,2,True,178740,5,"[[0, 50, 38, 14, 3, 15, 11, 41, 42, 1, 44, 0], [0, 45, 40, 25, 20, 34, 17, 39, 49, 37, 27, 0], [0, 33, 26, 30, 28, 16, 7, 8, 23, 13, 12, 0], [0, 2, 48, 47, 9, 43, 29, 21, 18, 10, 19, 0], [0, 35, 4, 6, 22, 5, 46, 32, 24, 31, 36, 0]]",4.82857618307753,0.12589133391156793,1.5217539439327084,0.1836429735911744,0.25332135772133024,0.1994812076608744,0.8455143502819515,0.8394696859931078,0.7047888040542603
1.0,0.0,3,True,178740,5,"[[0, 50, 38, 14, 3, 15, 41, 42, 11, 1, 44, 0], [0, 27, 37, 49, 39, 17, 34, 20, 25, 40, 45, 0], [0, 35, 4, 6, 22, 5, 46, 32, 24, 31, 36, 0], [0, 33, 26, 30, 28, 16, 7, 8, 23, 13, 12, 0], [0, 19, 10, 18, 21, 29, 43, 9, 47, 2, 48, 0]]",4.830675071003498,0.12589133391156793,1.523852831858676,0.1836429735911744,0.25355888502026835,0.199948737685422,0.8455187884695046,0.8391049434338902,0.7047888040542603
1.0,0.0,4,True,180511,5,"[[0, 50, 38, 14, 12, 45, 20, 25, 40, 31, 36, 0], [0, 27, 37, 49, 39, 17, 34, 48, 2, 3, 15, 0], [0, 21, 18, 10, 23, 8, 16, 7, 42, 11, 41, 0], [0, 44, 19, 29, 43, 9, 47, 28, 30, 26, 33, 0], [0, 1, 35, 4, 6, 22, 5, 46, 32, 24, 13, 0]]",4.555371154732711,0.11410872959955172,1.8976931836514268,0.24553845530109747,0.3755611970286796,0.37970924761046954,0.8453014138199952,0.8292405966111791,0.7047888040542603
1.0,0.0,5,True,178956,5,"[[0, 29, 43, 9, 47, 2, 48, 3, 14, 38, 50, 0], [0, 15, 11, 41, 42, 7, 16, 28, 30, 26, 33, 0], [0, 27, 49, 39, 17, 34, 8, 23, 13, 12, 45, 0], [0, 35, 4, 6, 22, 5, 46, 32, 24, 37, 1, 0], [0, 44, 19, 10, 18, 21, 20, 25, 40, 31, 36, 0]]",5.3031119559746,0.15592039055351553,2.042135525291087,0.25983318047864096,0.2813624376087225,0.3109572603183928,0.857822373168633,0.859214762745101,0.7047888040542603
1.0,0.0,6,True,178609,5,"[[0, 33, 26, 30, 28, 48, 2, 9, 47, 31, 36, 0], [0, 24, 32, 46, 5, 22, 6, 4, 35, 43, 29, 0], [0, 19, 16, 7, 8, 23, 10, 18, 21, 13, 12, 0], [0, 45, 40, 25, 20, 34, 17, 39, 49, 37, 27, 0], [0, 44, 1, 11, 42, 41, 15, 3, 14, 38, 50, 0]]",4.374745714798337,0.11188183561898768,1.4304836090595927,0.14031350488464037,0.2706254192382236,0.1844126315413097,0.8429005323507492,0.823350256426005,0.7047888040542603
1.0,0.0,7,True,178740,5,"[[0, 44, 1, 41, 42, 11, 15, 3, 14, 38, 50, 0], [0, 12, 13, 23, 8, 7, 16, 28, 30, 26, 33, 0], [0, 27, 37, 49, 39, 17, 34, 20, 25, 40, 45, 0], [0, 19, 10, 18, 21, 29, 43, 47, 9, 2, 48, 0], [0, 36, 31, 24, 32, 46, 5, 22, 6, 4, 35, 0]]",4.830517338021309,0.12589133391156793,1.523852831858676,0.1836429735911744,0.2535932873364628,0.1999883016314464,0.8455619234627934,0.8391323430923191,0.7047888040542603
1.0,0.0,8,True,178609,5,"[[0, 29, 43, 35, 4, 6, 22, 5, 46, 32, 24, 0], [0, 12, 13, 21, 18, 10, 23, 8, 7, 16, 19, 0], [0, 50, 38, 14, 3, 15, 42, 41, 11, 1, 44, 0], [0, 45, 40, 25, 20, 34, 17, 39, 49, 37, 27, 0], [0, 33, 26, 30, 28, 48, 2, 47, 9, 31, 36, 0]]",4.374750017741462,0.11188183561898768,1.4304836090595927,0.14031350488464037,0.27062436618598773,0.18441153612370043,0.8432762488356178,0.8267638970684112,0.7047888040542603
1.0,0.0,9,True,179544,5,"[[0, 19, 10, 18, 4, 35, 43, 9, 47, 2, 48, 0], [0, 29, 21, 6, 22, 5, 46, 32, 24, 37, 1, 0], [0, 50, 38, 14, 3, 15, 11, 41, 42, 45, 44, 0], [0, 12, 13, 23, 8, 7, 16, 28, 30, 26, 33, 0], [0, 36, 31, 40, 25, 20, 34, 17, 39, 49, 27, 0]]",5.142842821624072,0.13983056477962003,1.4854420851988834,0.1595467184005039,0.1511890793511188,0.0827635840994972,0.8518963991721917,0.8488699721982781,0.7047888040542603
