beta,lambda_concentration,seed,is_feasible,pyvrp_cost,num_routes,routes,global_risk,global_cvar90,max_vehicle_risk,max_vehicle_cvar90,vehicle_risk_gini,risk_variance,edge_burden_gini_used,top10_burden_share,max_edge_burden
0.0,0.0,0,True,133997,5,"[[0, 14, 42, 41, 1, 45, 11, 15, 3, 16, 48, 0], [0, 18, 32, 4, 29, 19, 6, 24, 40, 20, 44, 0], [0, 27, 35, 5, 36, 28, 26, 23, 30, 12, 49, 0], [0, 46, 22, 7, 8, 43, 33, 34, 2, 25, 39, 0], [0, 17, 13, 10, 37, 50, 38, 31, 9, 47, 21, 0]]",7.938871116639348,0.23886909099916617,2.3156333237420768,0.3576091506207983,0.12143386942810297,0.14762441480972627,0.8719541205644223,0.8989818856635872,0.9099961519241333
0.0,0.0,1,True,133997,5,"[[0, 17, 13, 10, 37, 50, 38, 31, 9, 47, 21, 0], [0, 18, 32, 4, 29, 6, 19, 24, 40, 20, 44, 0], [0, 14, 42, 41, 1, 11, 45, 15, 3, 16, 48, 0], [0, 46, 22, 7, 8, 43, 33, 34, 2, 25, 39, 0], [0, 27, 35, 5, 36, 28, 26, 23, 30, 12, 49, 0]]",7.938871116639348,0.23886909099916617,2.3156333237420768,0.3576091506207983,0.12143386942810297,0.14762441480972627,0.8719541205644223,0.8989818856635872,0.9099961519241333
0.0,0.0,2,True,133998,5,"[[0, 16, 3, 15, 45, 11, 1, 41, 42, 14, 48, 0], [0, 25, 2, 34, 33, 43, 8, 7, 22, 46, 39, 0], [0, 38, 31, 9, 47, 21, 27, 23, 30, 49, 12, 0], [0, 26, 28, 36, 5, 35, 10, 37, 50, 13, 17, 0], [0, 44, 20, 40, 24, 6, 19, 29, 4, 32, 18, 0]]",9.866193808818934,0.34778588952926487,2.6825154212128837,0.5043683350086212,0.15083427957680673,0.2987666962472055,0.8734496274947692,0.8991795963891743,0.9099961519241333
0.0,0.0,3,True,133998,5,"[[0, 12, 49, 30, 23, 26, 28, 36, 5, 20, 44, 0], [0, 14, 42, 41, 1, 45, 11, 15, 3, 16, 48, 0], [0, 27, 35, 10, 37, 50, 38, 31, 9, 47, 21, 0], [0, 25, 2, 34, 33, 43, 8, 7, 22, 46, 39, 0], [0, 18, 32, 4, 29, 19, 6, 24, 40, 13, 17, 0]]",7.662433711841004,0.23004547779758772,2.0854140501469374,0.23983768257312477,0.15667013269278018,0.19328972944402253,0.8743304504596472,0.8992164581966985,0.9099961519241333
0.0,0.0,4,True,133997,5,"[[0, 48, 14, 42, 41, 1, 45, 11, 15, 3, 16, 0], [0, 44, 20, 40, 24, 19, 6, 4, 32, 29, 12, 0], [0, 25, 2, 34, 33, 43, 8, 7, 22, 46, 39, 0], [0, 27, 35, 5, 36, 28, 26, 23, 30, 18, 49, 0], [0, 17, 13, 10, 37, 50, 38, 31, 9, 47, 21, 0]]",8.965245503786718,0.26463675529005065,2.9827497181249782,0.5610747307538986,0.16989037105910176,0.3842215701429051,0.8873353305704414,0.9128098938937403,1.7993571758270264
0.0,0.0,5,True,133999,5,"[[0, 16, 3, 14, 42, 41, 1, 45, 39, 11, 15, 0], [0, 18, 32, 4, 29, 6, 19, 24, 40, 20, 44, 0], [0, 25, 2, 34, 33, 35, 10, 37, 50, 13, 17, 0], [0, 46, 22, 7, 8, 43, 5, 36, 28, 26, 12, 0], [0, 48, 38, 31, 9, 47, 21, 27, 23, 30, 49, 0]]",10.089183678937843,0.35451394147597826,2.5461737076111604,0.37324760258197787,0.11866619204605566,0.18581126213569682,0.8703785203959187,0.888095677953532,0.9099961519241333
0.0,0.0,6,True,133997,5,"[[0, 16, 3, 14, 42, 41, 1, 45, 11, 39, 48, 0], [0, 15, 46, 22, 7, 8, 43, 17, 13, 18, 49, 0], [0, 27, 35, 10, 37, 50, 38, 31, 9, 47, 21, 0], [0, 12, 29, 4, 32, 6, 19, 24, 40, 20, 44, 0], [0, 25, 2, 34, 33, 5, 36, 28, 26, 23, 30, 0]]",9.126089363751817,0.2617929593543522,2.1810773776378483,0.5026888959109783,0.12853036852057165,0.22553143756616328,0.8916182112354358,0.9176608511134607,1.7993571758270264
0.0,0.0,7,True,133998,5,"[[0, 13, 17, 43, 33, 34, 5, 2, 25, 45, 11, 0], [0, 16, 1, 41, 42, 12, 49, 14, 3, 15, 48, 0], [0, 44, 20, 40, 24, 19, 6, 29, 4, 32, 18, 0], [0, 30, 23, 26, 28, 36, 8, 7, 22, 46, 39, 0], [0, 21, 47, 9, 31, 38, 50, 37, 10, 35, 27, 0]]",8.762047550364514,0.2359800411059576,2.483223906281637,0.36104151389251155,0.18769255994374023,0.3457252154428508,0.8729977205523289,0.9003114020060993,0.9099961519241333
0.0,0.0,8,True,133998,5,"[[0, 48, 14, 42, 41, 1, 45, 11, 15, 3, 16, 0], [0, 49, 18, 12, 29, 32, 4, 6, 19, 24, 40, 0], [0, 44, 20, 34, 33, 5, 36, 28, 26, 23, 30, 0], [0, 17, 13, 37, 10, 35, 22, 43, 8, 7, 46, 0], [0, 27, 21, 47, 9, 31, 38, 50, 2, 25, 39, 0]]",8.92246288471506,0.3113414870861631,2.651126192882657,0.4748098701238632,0.16992473872849834,0.3001029159158831,0.8865902344649148,0.909019325525536,1.7993571758270264
0.0,0.0,9,True,133997,5,"[[0, 48, 15, 45, 11, 1, 41, 42, 14, 3, 16, 0], [0, 27, 35, 5, 36, 28, 26, 23, 30, 12, 49, 0], [0, 21, 47, 9, 31, 38, 50, 37, 10, 13, 17, 0], [0, 25, 2, 34, 33, 43, 8, 7, 22, 46, 39, 0], [0, 44, 20, 40, 24, 6, 19, 29, 4, 32, 18, 0]]",7.711147220834391,0.23957083310032712,2.326998062839266,0.36104151389251155,0.12794338295040264,0.1648012489520799,0.8753522491538732,0.8995258592352421,0.9099961519241333
0.25,0.0,0,True,142303,5,"[[0, 30, 23, 26, 28, 36, 31, 9, 47, 21, 27, 0], [0, 40, 24, 19, 6, 32, 4, 29, 44, 20, 16, 0], [0, 1, 41, 42, 14, 3, 15, 11, 39, 45, 48, 0], [0, 49, 18, 35, 10, 37, 50, 38, 17, 13, 12, 0], [0, 25, 2, 34, 33, 5, 43, 8, 7, 22, 46, 0]]",6.252465391677106,0.18907271980725485,1.5798706119530834,0.23498974554240704,0.11205396264678202,0.08072635129874185,0.8753570477304728,0.8860977868908234,0.9099961519241333
0.25,0.0,1,True,142369,5,"[[0, 49, 12, 13, 17, 43, 8, 7, 22, 46, 16, 0], [0, 20, 44, 40, 24, 19, 6, 29, 4, 32, 18, 0], [0, 21, 47, 9, 31, 38, 50, 37, 10, 35, 27, 0], [0, 48, 1, 41, 42, 14, 3, 15, 39, 45, 11, 0], [0, 25, 2, 5, 33, 34, 36, 28, 26, 23, 30, 0]]",6.54107256840507,0.19957530036054807,2.1810773776378483,0.5026888959109783,0.2819563360640407,0.4285948497335605,0.8753325310978308,0.8884746329148545,0.9099961519241333
0.25,0.0,2,True,142303,5,"[[0, 25, 2, 33, 34, 5, 43, 8, 7, 22, 46, 0], [0, 30, 23, 26, 28, 36, 31, 9, 47, 21, 27, 0], [0, 15, 3, 14, 42, 41, 1, 11, 39, 45, 16, 0], [0, 48, 20, 44, 29, 4, 32, 6, 19, 24, 40, 0], [0, 12, 49, 18, 35, 10, 37, 50, 38, 17, 13, 0]]",6.254734280664707,0.18907271980725485,1.5798706119530834,0.23498974554240704,0.11021410518349106,0.0783316417646473,0.8743999107436231,0.8844240912582692,0.9099961519241333
0.25,0.0,3,True,142506,5,"[[0, 18, 34, 33, 5, 36, 7, 8, 43, 22, 46, 0], [0, 27, 35, 10, 37, 50, 38, 31, 9, 47, 21, 0], [0, 40, 24, 19, 6, 32, 4, 29, 44, 20, 16, 0], [0, 15, 3, 14, 42, 41, 1, 39, 11, 45, 48, 0], [0, 25, 2, 28, 26, 23, 30, 49, 12, 13, 17, 0]]",5.967644946824294,0.18551488699657576,1.8312903575133532,0.2728874816869696,0.1764167876447944,0.14477351051036114,0.8672332982832507,0.8785954409909598,0.9099961519241333
0.25,0.0,4,True,142303,5,"[[0, 12, 13, 17, 38, 50, 37, 10, 35, 18, 49, 0], [0, 25, 2, 34, 33, 5, 43, 8, 7, 22, 46, 0], [0, 20, 44, 29, 4, 32, 19, 6, 24, 40, 48, 0], [0, 27, 21, 47, 9, 31, 36, 28, 26, 23, 30, 0], [0, 15, 3, 14, 42, 41, 1, 11, 45, 39, 16, 0]]",6.254802978044609,0.18907271980725485,1.5798706119530834,0.23498974554240704,0.11020850143028937,0.07833316774810643,0.8743813330828125,0.884414377504214,0.9099961519241333
0.25,0.0,5,True,142369,5,"[[0, 30, 23, 26, 28, 36, 33, 34, 5, 2, 25, 0], [0, 15, 3, 14, 42, 41, 1, 11, 39, 45, 48, 0], [0, 21, 47, 9, 31, 38, 50, 37, 10, 35, 27, 0], [0, 20, 44, 40, 24, 6, 19, 29, 4, 32, 18, 0], [0, 49, 12, 13, 17, 43, 8, 7, 22, 46, 16, 0]]",6.541519694015733,0.19957530036054807,2.1810773776378483,0.5026888959109783,0.2819370637993621,0.4286003916998039,0.8752142555080922,0.8884139039433949,0.9099961519241333
0.25,0.0,6,True,142303,5,"[[0, 12, 49, 18, 35, 10, 37, 50, 38, 17, 13, 0], [0, 25, 2, 5, 34, 33, 43, 8, 7, 22, 46, 0], [0, 16, 45, 11, 39, 1, 41, 42, 14, 3, 15, 0], [0, 27, 21, 47, 9, 31, 36, 28, 26, 23, 30, 0], [0, 40, 24, 19, 6, 32, 4, 29, 44, 20, 48, 0]]",7.089595265133539,0.2109638391683499,2.168505137611646,0.25556609500199556,0.17797106907363336,0.21806684435821655,0.8812870323519024,0.8995780075407153,0.9099961519241333
0.25,0.0,7,True,142303,5,"[[0, 16, 39, 11, 45, 1, 41, 42, 14, 3, 15, 0], [0, 30, 23, 26, 28, 36, 31, 9, 47, 21, 27, 0], [0, 25, 2, 33, 34, 5, 43, 8, 7, 22, 46, 0], [0, 13, 17, 38, 50, 37, 10, 35, 18, 49, 48, 0], [0, 20, 44, 29, 4, 32, 6, 19, 24, 40, 12, 0]]",7.092151214746991,0.2109638391683499,2.168505137611646,0.25556609500199556,0.17743242519455849,0.21660650298108397,0.8802715123891725,0.8968686174904674,0.9099961519241333
0.25,0.0,8,True,142506,5,"[[0, 39, 11, 45, 15, 3, 14, 42, 41, 1, 16, 0], [0, 18, 34, 33, 5, 36, 7, 8, 43, 22, 46, 0], [0, 21, 47, 9, 31, 38, 50, 37, 10, 35, 27, 0], [0, 17, 13, 12, 49, 30, 23, 26, 28, 2, 25, 0], [0, 48, 40, 24, 19, 6, 32, 4, 29, 44, 20, 0]]",5.967197821213631,0.18551488699657576,1.8312903575133532,0.2728874816869696,0.17486222141146524,0.14287854847845965,0.8673633760364463,0.8786612746594334,0.9099961519241333
0.25,0.0,9,True,142303,5,"[[0, 20, 44, 29, 4, 32, 19, 6, 24, 40, 48, 0], [0, 15, 3, 14, 42, 41, 1, 45, 11, 39, 16, 0], [0, 13, 17, 38, 50, 37, 10, 35, 18, 49, 12, 0], [0, 27, 21, 47, 9, 31, 36, 28, 26, 23, 30, 0], [0, 25, 2, 5, 34, 33, 43, 8, 7, 22, 46, 0]]",6.254802978044609,0.18907271980725485,1.5798706119530834,0.23498974554240704,0.11020850143028937,0.07833316774810645,0.8743813330828125,0.884414377504214,0.9099961519241333
0.5,0.0,0,True,148754,5,"[[0, 46, 22, 43, 8, 7, 36, 5, 33, 34, 18, 0], [0, 21, 47, 29, 4, 32, 6, 19, 24, 41, 1, 0], [0, 49, 30, 23, 26, 28, 2, 25, 45, 11, 39, 0], [0, 27, 35, 10, 37, 50, 38, 31, 9, 40, 12, 0], [0, 48, 42, 14, 3, 15, 16, 20, 44, 17, 13, 0]]",4.5362893737328704,0.1267897921303908,1.14720567537006,0.209281175583601,0.1210581454397226,0.04108819147582022,0.8588514846435411,0.8512713679470479,0.9099961519241333
0.5,0.0,1,True,148600,5,"[[0, 27, 35, 10, 37, 50, 38, 31, 9, 47, 21, 0], [0, 13, 17, 44, 20, 16, 15, 3, 14, 42, 48, 0], [0, 46, 22, 43, 34, 33, 5, 36, 7, 8, 40, 0], [0, 45, 11, 39, 25, 2, 28, 26, 23, 30, 12, 0], [0, 1, 41, 24, 19, 6, 29, 4, 32, 18, 49, 0]]",5.177889218481141,0.1528123053240365,1.7560351917345542,0.22731381521693297,0.20382719889885625,0.1605057818382624,0.8598891987082959,0.8636391026534047,0.9099961519241333
0.5,0.0,2,True,148601,5,"[[0, 12, 30, 23, 26, 28, 2, 25, 11, 45, 39, 0], [0, 1, 41, 24, 19, 6, 29, 4, 32, 18, 49, 0], [0, 21, 47, 9, 31, 38, 50, 37, 10, 35, 27, 0], [0, 15, 3, 14, 42, 16, 20, 44, 17, 13, 48, 0], [0, 40, 8, 7, 36, 33, 34, 5, 43, 22, 46, 0]]",4.941587872992386,0.1497301465964743,1.7560351917345542,0.22731381521693297,0.251863140880884,0.21600323118599357,0.8594162367559568,0.8599727629439268,0.9099961519241333
0.5,0.0,3,True,148712,5,"[[0, 45, 11, 16, 15, 3, 14, 42, 41, 1, 48, 0], [0, 21, 47, 9, 31, 38, 50, 37, 10, 35, 27, 0], [0, 49, 12, 40, 24, 6, 19, 29, 4, 32, 39, 0], [0, 46, 22, 43, 8, 7, 36, 5, 33, 34, 18, 0], [0, 25, 2, 28, 26, 23, 30, 13, 17, 44, 20, 0]]",5.096240320199286,0.15060190612386012,1.3448896653426345,0.209281175583601,0.1873420148468401,0.13455518617781664,0.867394119422626,0.8660425626066776,0.9099961519241333
0.5,0.0,4,True,148712,5,"[[0, 48, 1, 41, 42, 14, 3, 15, 16, 45, 11, 0], [0, 18, 34, 33, 5, 36, 7, 8, 43, 22, 46, 0], [0, 25, 2, 28, 26, 23, 30, 13, 17, 44, 20, 0], [0, 21, 47, 9, 31, 38, 50, 37, 10, 35, 27, 0], [0, 49, 12, 40, 24, 6, 19, 29, 4, 32, 39, 0]]",5.096240320199286,0.15060190612386012,1.3448896653426345,0.209281175583601,0.1873420148468401,0.13455518617781664,0.867394119422626,0.8660425626066776,0.9099961519241333
0.5,0.0,5,True,149023,5,"[[0, 30, 23, 26, 28, 2, 5, 36, 33, 34, 18, 0], [0, 15, 3, 14, 42, 41, 1, 16, 45, 11, 39, 0], [0, 20, 44, 29, 4, 32, 6, 19, 24, 40, 49, 0], [0, 48, 12, 13, 17, 43, 8, 7, 22, 46, 25, 0], [0, 27, 35, 10, 37, 50, 38, 31, 9, 47, 21, 0]]",5.5249131817690795,0.16379428436530047,2.224256463930942,0.5141518972814083,0.3208734533118476,0.4217660953074849,0.8643504293043829,0.87009894277119,0.9099961519241333
0.5,0.0,6,True,148601,5,"[[0, 39, 11, 45, 25, 2, 28, 26, 23, 30, 12, 0], [0, 21, 47, 9, 31, 38, 50, 37, 10, 35, 27, 0], [0, 46, 22, 43, 34, 33, 5, 36, 7, 8, 40, 0], [0, 42, 14, 3, 15, 16, 20, 44, 17, 13, 49, 0], [0, 18, 32, 4, 29, 6, 19, 24, 41, 1, 48, 0]]",5.156920321562211,0.15210216119885445,1.7362940588209312,0.176271245504419,0.2016887580236537,0.15496009485870688,0.8598947655380917,0.8631572995312595,0.9099961519241333
0.5,0.0,7,True,148600,5,"[[0, 40, 8, 7, 36, 33, 34, 5, 43, 22, 46, 0], [0, 11, 45, 39, 25, 2, 28, 26, 23, 30, 12, 0], [0, 13, 17, 44, 20, 16, 15, 3, 14, 42, 48, 0], [0, 27, 35, 10, 37, 50, 38, 31, 9, 47, 21, 0], [0, 1, 41, 24, 19, 6, 29, 4, 32, 18, 49, 0]]",4.941167596422019,0.1497301465964743,1.7560351917345542,0.22731381521693297,0.25191858583389415,0.21602355790910782,0.8595610264761919,0.8600459088950336,0.9099961519241333
0.5,0.0,8,True,148600,5,"[[0, 12, 30, 23, 26, 28, 2, 25, 45, 11, 39, 0], [0, 13, 17, 44, 20, 16, 15, 3, 14, 42, 48, 0], [0, 46, 22, 43, 34, 33, 5, 36, 7, 8, 40, 0], [0, 1, 41, 24, 19, 6, 29, 4, 32, 18, 49, 0], [0, 21, 47, 9, 31, 38, 50, 37, 10, 35, 27, 0]]",5.177889218481141,0.1528123053240365,1.7560351917345542,0.22731381521693297,0.20382719889885625,0.16050578183826242,0.8598891987082959,0.8636391026534047,0.9099961519241333
0.5,0.0,9,True,148601,5,"[[0, 18, 32, 4, 29, 6, 19, 24, 41, 1, 48, 0], [0, 45, 11, 39, 25, 2, 28, 26, 23, 30, 49, 0], [0, 27, 35, 10, 37, 50, 38, 31, 9, 47, 21, 0], [0, 12, 13, 17, 44, 20, 16, 42, 14, 3, 15, 0], [0, 40, 8, 7, 36, 34, 33, 5, 43, 22, 46, 0]]",4.920618976073456,0.14899464018110717,1.7362940588209312,0.176271245504419,0.2490792074376713,0.20967377462589737,0.8593743146329167,0.8594521984735877,0.9099961519241333
1.0,0.0,0,True,158341,5,"[[0, 1, 11, 45, 25, 2, 28, 26, 23, 30, 48, 0], [0, 35, 18, 34, 33, 43, 8, 7, 22, 46, 15, 0], [0, 42, 41, 24, 19, 6, 32, 4, 29, 47, 21, 0], [0, 27, 10, 37, 13, 17, 44, 20, 16, 3, 14, 0], [0, 39, 38, 50, 5, 36, 31, 9, 40, 12, 49, 0]]",3.2912666640768293,0.06921101067411273,1.3073818765260512,0.16239676757582597,0.39586385965033566,0.22406990058697107,0.8233344631258241,0.7940755776224361,0.9099961519241333
1.0,0.0,1,True,157706,5,"[[0, 41, 24, 6, 19, 32, 4, 29, 47, 21, 27, 0], [0, 1, 11, 45, 25, 2, 28, 26, 23, 30, 48, 0], [0, 37, 10, 35, 18, 34, 33, 5, 50, 38, 39, 0], [0, 42, 14, 3, 15, 16, 20, 44, 17, 13, 49, 0], [0, 12, 40, 9, 31, 36, 7, 8, 43, 22, 46, 0]]",3.4170870593225118,0.09200973070130267,1.1052600633120164,0.15766824192057052,0.3101021779448323,0.15240893828951715,0.83044665095324,0.8063564208438305,0.9099961519241333
1.0,0.0,2,True,157988,5,"[[0, 37, 10, 35, 18, 34, 33, 50, 38, 44, 20, 0], [0, 40, 9, 31, 36, 5, 43, 8, 7, 22, 46, 0], [0, 14, 3, 15, 39, 32, 4, 29, 47, 21, 27, 0], [0, 49, 13, 17, 19, 6, 24, 41, 42, 16, 1, 0], [0, 48, 11, 45, 25, 2, 28, 26, 23, 30, 12, 0]]",3.3602530697971815,0.09281836403533816,1.0944671145407483,0.12143971771001816,0.28111340177450583,0.11900684045186405,0.8280727243747337,0.8022618840562775,0.9099961519241333
1.0,0.0,3,True,157708,5,"[[0, 49, 13, 17, 44, 20, 16, 15, 3, 14, 42, 0], [0, 41, 24, 6, 19, 32, 4, 29, 47, 21, 27, 0], [0, 40, 9, 31, 36, 7, 8, 43, 22, 46, 1, 0], [0, 12, 30, 23, 26, 28, 2, 25, 45, 11, 48, 0], [0, 37, 10, 35, 18, 34, 33, 5, 50, 38, 39, 0]]",3.4170870593225118,0.09200973070130267,1.0944671145407483,0.12050037807784975,0.30631195009851875,0.14903202368298257,0.83044665095324,0.8063564208438305,0.9099961519241333
1.0,0.0,4,True,158090,5,"[[0, 37, 10, 35, 18, 32, 4, 29, 47, 21, 27, 0], [0, 14, 42, 41, 24, 6, 19, 40, 12, 49, 48, 0], [0, 1, 16, 45, 11, 25, 2, 28, 26, 23, 30, 0], [0, 34, 33, 5, 36, 7, 8, 43, 22, 46, 39, 0], [0, 15, 3, 9, 31, 38, 50, 13, 17, 44, 20, 0]]",3.6359677379077766,0.102570411549615,1.0980968746298458,0.15766824192057052,0.2368889807775978,0.09837287786411414,0.8268839562393728,0.8036652287630975,0.9099961519241333
1.0,0.0,5,True,158176,5,"[[0, 27, 21, 47, 29, 4, 32, 18, 35, 10, 37, 0], [0, 11, 45, 25, 2, 28, 26, 23, 30, 49, 48, 0], [0, 15, 3, 16, 42, 14, 19, 6, 24, 41, 1, 0], [0, 34, 33, 5, 36, 7, 8, 43, 22, 46, 39, 0], [0, 12, 40, 9, 31, 38, 50, 13, 17, 44, 20, 0]]",3.667146816267632,0.09701864253729582,1.089869405492209,0.12050037807784975,0.2289808247137195,0.09302483297650627,0.8260761839039668,0.8031591787163906,0.9099961519241333
1.0,0.0,6,True,158325,5,"[[0, 20, 44, 17, 13, 37, 10, 40, 12, 49, 14, 0], [0, 1, 16, 11, 45, 25, 2, 28, 26, 23, 30, 0], [0, 21, 47, 29, 4, 32, 19, 6, 24, 41, 42, 0], [0, 27, 35, 18, 34, 33, 43, 8, 7, 22, 46, 0], [0, 39, 38, 50, 5, 36, 31, 9, 3, 15, 48, 0]]",3.2880947710073087,0.06921101067411273,1.3073818765260512,0.16239676757582597,0.3778261567505594,0.21026000025697583,0.820069641790264,0.7893692502943788,0.9099961519241333
1.0,0.0,7,True,158216,5,"[[0, 48, 27, 10, 37, 13, 17, 44, 20, 16, 15, 0], [0, 35, 18, 34, 33, 5, 50, 38, 3, 14, 42, 0], [0, 49, 30, 23, 26, 28, 2, 25, 45, 11, 39, 0], [0, 12, 40, 9, 31, 36, 7, 8, 43, 22, 46, 0], [0, 21, 47, 29, 4, 32, 6, 19, 24, 41, 1, 0]]",3.383089575712802,0.09812124418439688,1.0768656933796592,0.12050037807784975,0.22310589840909922,0.07302342412126656,0.8311545550799957,0.8055937115648928,0.9099961519241333
1.0,0.0,8,True,158092,5,"[[0, 27, 21, 47, 29, 4, 32, 18, 35, 10, 37, 0], [0, 48, 34, 33, 5, 36, 7, 8, 43, 22, 46, 0], [0, 20, 44, 17, 13, 50, 38, 31, 9, 3, 15, 0], [0, 12, 40, 19, 6, 24, 41, 1, 16, 42, 14, 0], [0, 49, 30, 23, 26, 28, 2, 25, 45, 11, 39, 0]]",3.6550461740698665,0.10330591796498213,1.0768656933796592,0.12050037807784975,0.22657305542314332,0.09259390805841353,0.8281209855159986,0.8065226696471132,0.9099961519241333
1.0,0.0,9,True,158090,5,"[[0, 1, 16, 39, 45, 25, 2, 28, 26, 23, 30, 0], [0, 20, 44, 17, 13, 50, 38, 31, 9, 3, 15, 0], [0, 34, 33, 5, 36, 7, 8, 43, 22, 46, 11, 0], [0, 14, 42, 41, 24, 19, 6, 40, 12, 49, 48, 0], [0, 27, 21, 47, 29, 4, 32, 18, 35, 10, 37, 0]]",3.6568679374468047,0.10330591796498213,1.1020420103159267,0.15766824192057052,0.23497507800493778,0.09856086253968302,0.8270813883323935,0.8047036627594869,0.9099961519241333
2.0,0.0,0,True,172958,5,"[[0, 1, 16, 39, 32, 4, 19, 6, 24, 41, 42, 0], [0, 12, 40, 9, 31, 38, 50, 33, 34, 18, 35, 0], [0, 14, 3, 15, 25, 2, 28, 26, 23, 30, 49, 0], [0, 20, 5, 36, 7, 8, 43, 22, 46, 11, 45, 0], [0, 21, 47, 29, 44, 17, 13, 37, 10, 27, 48, 0]]",3.078137498756405,0.06469232528596311,1.1407530381693505,0.12477508943993598,0.35956289140288256,0.18145695158221548,0.8103679647680613,0.7742080300558307,0.9099961519241333
2.0,0.0,1,True,172980,5,"[[0, 14, 42, 41, 24, 6, 19, 4, 32, 39, 45, 0], [0, 20, 36, 5, 50, 38, 31, 9, 3, 16, 15, 0], [0, 48, 1, 11, 25, 2, 28, 26, 23, 30, 49, 0], [0, 21, 47, 29, 44, 17, 13, 37, 10, 40, 12, 0], [0, 27, 35, 18, 34, 33, 43, 8, 7, 22, 46, 0]]",2.9624728707422037,0.0631351133601533,1.136890755064087,0.12485695362556726,0.37397783454162936,0.1910799359893891,0.8042532084354137,0.765132701653499,0.9099961519241333
2.0,0.0,2,True,172373,5,"[[0, 48, 13, 17, 44, 29, 4, 32, 47, 21, 27, 0], [0, 20, 5, 36, 33, 34, 18, 35, 10, 37, 40, 0], [0, 1, 16, 11, 45, 25, 2, 28, 26, 23, 30, 0], [0, 15, 3, 14, 42, 41, 24, 6, 19, 12, 49, 0], [0, 46, 22, 7, 8, 43, 50, 38, 31, 9, 39, 0]]",3.219815578922862,0.08437340237714093,1.0980968746298458,0.15766824192057052,0.31596675111933625,0.13606784161593813,0.8138892933089563,0.7812308196178998,0.9099961519241333
2.0,0.0,3,True,172639,5,"[[0, 48, 1, 16, 39, 32, 4, 29, 47, 21, 27, 0], [0, 37, 10, 35, 18, 34, 33, 36, 31, 9, 40, 0], [0, 14, 42, 41, 24, 6, 19, 20, 44, 17, 13, 0], [0, 46, 22, 7, 8, 43, 5, 50, 38, 3, 15, 0], [0, 45, 11, 25, 2, 28, 26, 23, 30, 12, 49, 0]]",3.379477130045416,0.09406277863308787,1.2410102197754895,0.1316587149631232,0.33425961751642763,0.17171858436118406,0.8305591050656711,0.8035808568161956,0.9099961519241333
2.0,0.0,4,True,171871,5,"[[0, 48, 1, 41, 24, 6, 19, 4, 32, 39, 45, 0], [0, 42, 14, 12, 13, 17, 44, 29, 47, 21, 27, 0], [0, 15, 3, 16, 11, 25, 2, 28, 26, 23, 30, 0], [0, 40, 9, 31, 38, 50, 43, 8, 7, 22, 46, 0], [0, 20, 36, 5, 33, 34, 18, 35, 10, 37, 49, 0]]",2.9868194756272715,0.07883408785398517,1.082072054297896,0.15766824192057052,0.341233523079562,0.13756547575408504,0.7997692029116119,0.7619080015667659,0.9099961519241333
2.0,0.0,5,True,172475,5,"[[0, 48, 49, 12, 13, 17, 44, 29, 47, 21, 27, 0], [0, 1, 41, 24, 6, 19, 4, 32, 39, 45, 15, 0], [0, 30, 23, 26, 28, 2, 25, 16, 3, 14, 42, 0], [0, 37, 10, 35, 18, 34, 33, 5, 22, 46, 11, 0], [0, 40, 9, 31, 38, 50, 36, 7, 8, 43, 20, 0]]",3.2166291541652754,0.08436093826232285,1.560677264496917,0.23014944636573395,0.3908137150590405,0.24191674915400965,0.8177670015695371,0.7842070533684017,0.9099961519241333
2.0,0.0,6,True,172418,5,"[[0, 46, 22, 7, 8, 43, 50, 38, 31, 9, 39, 0], [0, 49, 13, 17, 44, 29, 4, 32, 47, 21, 27, 0], [0, 30, 23, 26, 28, 2, 25, 45, 11, 15, 48, 0], [0, 42, 14, 3, 16, 1, 41, 24, 6, 19, 12, 0], [0, 20, 36, 5, 33, 34, 18, 35, 10, 37, 40, 0]]",3.224686896748608,0.08437340237714093,1.0838341736525763,0.15766824192057052,0.31447680115538734,0.1368537161590591,0.8132255341106633,0.7800506667101981,0.9099961519241333
2.0,0.0,7,True,172734,5,"[[0, 40, 9, 31, 38, 50, 43, 8, 7, 22, 46, 0], [0, 42, 41, 24, 6, 19, 4, 29, 47, 21, 27, 0], [0, 48, 1, 11, 45, 25, 2, 28, 26, 23, 30, 0], [0, 39, 32, 18, 35, 10, 37, 34, 33, 5, 36, 0], [0, 14, 3, 15, 16, 20, 44, 17, 13, 49, 12, 0]]",3.163778572139563,0.0830782378927387,1.1538014046527678,0.15766824192057052,0.3489086196275837,0.17123392092728884,0.8183309361163631,0.7867431536494339,0.9099961519241333
2.0,0.0,8,True,172725,5,"[[0, 48, 1, 11, 45, 25, 2, 28, 26, 23, 30, 0], [0, 41, 24, 6, 19, 29, 4, 32, 47, 21, 27, 0], [0, 49, 13, 17, 44, 20, 16, 15, 3, 14, 42, 0], [0, 37, 10, 35, 18, 34, 33, 5, 50, 38, 39, 0], [0, 46, 22, 43, 8, 7, 36, 31, 9, 40, 12, 0]]",3.2706241928681266,0.0898356073802071,1.1052600633120164,0.15766824192057052,0.30685210501258964,0.1369399486046543,0.8240228533561917,0.7957211693260526,0.9099961519241333
2.0,0.0,9,True,173179,5,"[[0, 15, 3, 9, 31, 36, 7, 8, 43, 22, 46, 0], [0, 13, 17, 44, 20, 5, 34, 33, 50, 38, 39, 0], [0, 14, 42, 16, 1, 41, 24, 6, 19, 40, 49, 0], [0, 37, 10, 35, 18, 32, 4, 29, 47, 21, 27, 0], [0, 12, 30, 23, 26, 28, 2, 25, 45, 11, 48, 0]]",3.383210649830289,0.09121501118201635,1.0944671145407483,0.12050037807784975,0.2738904228840433,0.11572111300582999,0.8301506040449724,0.8058795079210251,0.9099961519241333
