beta,lambda_concentration,seed,is_feasible,pyvrp_cost,num_routes,routes,global_risk,global_cvar90,max_vehicle_risk,max_vehicle_cvar90,vehicle_risk_gini,risk_variance,edge_burden_gini_used,top10_burden_share,max_edge_burden
0.0,0.0,0,True,145999,5,"[[0, 44, 14, 3, 15, 41, 11, 1, 37, 38, 50, 0], [0, 42, 7, 8, 34, 17, 9, 47, 43, 26, 33, 0], [0, 45, 12, 13, 24, 32, 46, 23, 10, 18, 19, 0], [0, 40, 25, 20, 35, 4, 16, 28, 30, 21, 29, 0], [0, 36, 31, 6, 22, 2, 48, 5, 39, 49, 27, 0]]",8.936997172655538,0.27998283428364784,3.1218725881772116,0.45335674782594043,0.2404478363312268,0.6309725077518554,0.8672818582880342,0.9024137753798048,0.898494303226471
0.0,0.0,1,True,145999,5,"[[0, 6, 22, 5, 2, 48, 43, 9, 47, 31, 36, 0], [0, 12, 45, 13, 24, 32, 46, 23, 10, 18, 19, 0], [0, 27, 49, 39, 17, 34, 8, 7, 30, 21, 29, 0], [0, 33, 26, 28, 16, 4, 35, 20, 25, 40, 44, 0], [0, 14, 3, 15, 42, 41, 11, 1, 37, 38, 50, 0]]",9.826047395006754,0.31025749008203374,3.1188631162513047,0.5521913021802902,0.23673904204102247,0.696095092667252,0.8787678793748619,0.9139305418215868,1.7088340520858765
0.0,0.0,2,True,146664,5,"[[0, 27, 49, 39, 17, 34, 8, 7, 16, 12, 45, 0], [0, 35, 4, 6, 22, 5, 43, 47, 9, 31, 36, 0], [0, 33, 26, 28, 30, 48, 2, 20, 25, 40, 19, 0], [0, 14, 3, 15, 42, 41, 11, 1, 37, 38, 50, 0], [0, 29, 21, 18, 10, 23, 46, 32, 24, 13, 44, 0]]",8.078992117400048,0.22886232633027248,2.934201904863585,0.46828458905220033,0.24057872403700675,0.5626547166019523,0.8697340135982989,0.9012741376748693,0.898494303226471
1.0,0.0,0,True,177696,5,"[[0, 27, 37, 49, 39, 17, 34, 22, 6, 4, 35, 0], [0, 45, 12, 21, 18, 10, 23, 8, 7, 16, 19, 0], [0, 1, 11, 41, 42, 15, 3, 14, 38, 50, 44, 0], [0, 36, 31, 40, 25, 20, 5, 46, 32, 24, 13, 0], [0, 33, 26, 30, 28, 2, 48, 9, 47, 43, 29, 0]]",4.399606692632005,0.0934201861731708,1.7569928241427988,0.1923677660524845,0.3731399199267298,0.3619583020885454,0.8399031748209091,0.8386859045707069,0.5437427163124084
1.0,0.0,1,True,177749,5,"[[0, 44, 50, 38, 14, 3, 15, 42, 41, 11, 1, 0], [0, 19, 16, 7, 8, 34, 17, 39, 49, 37, 27, 0], [0, 45, 13, 23, 10, 18, 21, 20, 25, 40, 12, 0], [0, 33, 26, 30, 28, 2, 48, 47, 9, 31, 36, 0], [0, 24, 32, 46, 5, 22, 6, 4, 35, 43, 29, 0]]",4.1495952183304325,0.08627847973257304,1.3811076740657882,0.17711217594998224,0.25558609767429896,0.14777714672267128,0.8284302463322568,0.8208437917381298,0.5437427163124084
1.0,0.0,2,True,177749,5,"[[0, 44, 50, 38, 14, 3, 15, 42, 41, 11, 1, 0], [0, 24, 32, 46, 5, 22, 6, 4, 35, 43, 29, 0], [0, 33, 26, 30, 28, 48, 2, 9, 47, 31, 36, 0], [0, 45, 12, 40, 25, 20, 21, 18, 10, 23, 13, 0], [0, 27, 37, 49, 39, 17, 34, 8, 7, 16, 19, 0]]",4.1493929916450725,0.08627847973257304,1.3811076740657882,0.17711217594998224,0.2556375431936979,0.14781524931535314,0.8287936846771278,0.8208837967507994,0.5437427163124084
