beta,lambda_concentration,seed,is_feasible,pyvrp_cost,num_routes,routes,global_risk,global_cvar90,max_vehicle_risk,max_vehicle_cvar90,vehicle_risk_gini,risk_variance,edge_burden_gini_used,top10_burden_share,max_edge_burden
0.0,0.0,0,True,133997,5,"[[0, 14, 42, 41, 1, 45, 11, 15, 3, 16, 48, 0], [0, 18, 32, 4, 29, 19, 6, 24, 40, 20, 44, 0], [0, 27, 35, 5, 36, 28, 26, 23, 30, 12, 49, 0], [0, 46, 22, 7, 8, 43, 33, 34, 2, 25, 39, 0], [0, 17, 13, 10, 37, 50, 38, 31, 9, 47, 21, 0]]",5.704000286350492,0.15467172135796511,1.47136452520499,0.26978463865816593,0.10602230350255182,0.0484475320040957,0.8689393962235012,0.8862976426132331,0.8581957817077637
0.0,0.0,1,True,133997,5,"[[0, 17, 13, 10, 37, 50, 38, 31, 9, 47, 21, 0], [0, 18, 32, 4, 29, 6, 19, 24, 40, 20, 44, 0], [0, 14, 42, 41, 1, 11, 45, 15, 3, 16, 48, 0], [0, 46, 22, 7, 8, 43, 33, 34, 2, 25, 39, 0], [0, 27, 35, 5, 36, 28, 26, 23, 30, 12, 49, 0]]",5.704000286350492,0.15467172135796511,1.47136452520499,0.26978463865816593,0.10602230350255182,0.04844753200409569,0.8689393962235012,0.8862976426132331,0.8581957817077637
0.0,0.0,2,True,133998,5,"[[0, 16, 3, 15, 45, 11, 1, 41, 42, 14, 48, 0], [0, 25, 2, 34, 33, 43, 8, 7, 22, 46, 39, 0], [0, 38, 31, 9, 47, 21, 27, 23, 30, 49, 12, 0], [0, 26, 28, 36, 5, 35, 10, 37, 50, 13, 17, 0], [0, 44, 20, 40, 24, 6, 19, 29, 4, 32, 18, 0]]",7.000631965580396,0.24314838662170446,2.2473519463383127,0.3896892249584198,0.2551037615156575,0.40748929554766694,0.8731482139870992,0.8904469177294895,0.8581957817077637
0.0,0.0,3,True,133998,5,"[[0, 12, 49, 30, 23, 26, 28, 36, 5, 20, 44, 0], [0, 14, 42, 41, 1, 45, 11, 15, 3, 16, 48, 0], [0, 27, 35, 10, 37, 50, 38, 31, 9, 47, 21, 0], [0, 25, 2, 34, 33, 43, 8, 7, 22, 46, 39, 0], [0, 18, 32, 4, 29, 19, 6, 24, 40, 13, 17, 0]]",5.227988929138519,0.14906039037891933,1.5618609917873982,0.24170866267134747,0.23152494404031398,0.18904035833401722,0.8670125738903904,0.8802337919631164,0.8581957817077637
0.0,0.0,4,True,133997,5,"[[0, 48, 14, 42, 41, 1, 45, 11, 15, 3, 16, 0], [0, 44, 20, 40, 24, 19, 6, 4, 32, 29, 12, 0], [0, 25, 2, 34, 33, 43, 8, 7, 22, 46, 39, 0], [0, 27, 35, 5, 36, 28, 26, 23, 30, 18, 49, 0], [0, 17, 13, 10, 37, 50, 38, 31, 9, 47, 21, 0]]",6.098484537098557,0.15738101354134934,2.2622605635260697,0.4212875485420227,0.2612697877269379,0.36752702965550266,0.8805331905226934,0.8953315761269306,1.0753999948501587
0.0,0.0,5,True,133999,5,"[[0, 16, 3, 14, 42, 41, 1, 45, 39, 11, 15, 0], [0, 18, 32, 4, 29, 6, 19, 24, 40, 20, 44, 0], [0, 25, 2, 34, 33, 35, 10, 37, 50, 13, 17, 0], [0, 46, 22, 7, 8, 43, 5, 36, 28, 26, 12, 0], [0, 48, 38, 31, 9, 47, 21, 27, 23, 30, 49, 0]]",7.430388042703271,0.2502611832762206,1.791609054129367,0.3933775406330824,0.09048337230826786,0.05812922849348924,0.872483659482046,0.8908997864875944,0.8581957817077637
0.0,0.0,6,True,133997,5,"[[0, 16, 3, 14, 42, 41, 1, 45, 11, 39, 48, 0], [0, 15, 46, 22, 7, 8, 43, 17, 13, 18, 49, 0], [0, 27, 35, 10, 37, 50, 38, 31, 9, 47, 21, 0], [0, 12, 29, 4, 32, 6, 19, 24, 40, 20, 44, 0], [0, 25, 2, 34, 33, 5, 36, 28, 26, 23, 30, 0]]",6.416255869800807,0.1714867501081351,1.8017303091946815,0.283049738034606,0.1424069348466097,0.10806210148658661,0.8856003719231074,0.9049731634618724,1.0753999948501587
0.0,0.0,7,True,133998,5,"[[0, 13, 17, 43, 33, 34, 5, 2, 25, 45, 11, 0], [0, 16, 1, 41, 42, 12, 49, 14, 3, 15, 48, 0], [0, 44, 20, 40, 24, 19, 6, 29, 4, 32, 18, 0], [0, 30, 23, 26, 28, 36, 8, 7, 22, 46, 39, 0], [0, 21, 47, 9, 31, 38, 50, 37, 10, 35, 27, 0]]",6.512193905873573,0.17421371596591437,2.102778509564814,0.21717265320734847,0.1851972853086512,0.20500198768408806,0.8727683259696752,0.8948534854333322,0.8581957817077637
0.0,0.0,8,True,133998,5,"[[0, 48, 14, 42, 41, 1, 45, 11, 15, 3, 16, 0], [0, 49, 18, 12, 29, 32, 4, 6, 19, 24, 40, 0], [0, 44, 20, 34, 33, 5, 36, 28, 26, 23, 30, 0], [0, 17, 13, 37, 10, 35, 22, 43, 8, 7, 46, 0], [0, 27, 21, 47, 9, 31, 38, 50, 2, 25, 39, 0]]",6.1698075052700005,0.15490393306956524,1.7408711758325808,0.3585487101227045,0.1471252183712879,0.11616189016011928,0.8799818203668439,0.8934458028634741,1.0753999948501587
0.0,0.0,9,True,133997,5,"[[0, 48, 15, 45, 11, 1, 41, 42, 14, 3, 16, 0], [0, 27, 35, 5, 36, 28, 26, 23, 30, 12, 49, 0], [0, 21, 47, 9, 31, 38, 50, 37, 10, 13, 17, 0], [0, 25, 2, 34, 33, 43, 8, 7, 22, 46, 39, 0], [0, 44, 20, 40, 24, 6, 19, 29, 4, 32, 18, 0]]",5.264415218785871,0.14590540339122526,1.4675359096145257,0.26978463865816593,0.18013923316166758,0.1350430579568608,0.8685520176158743,0.8806876079904937,0.8581957817077637
1.5,1.0,0,True,171004,5,"[[0, 39, 38, 50, 5, 33, 34, 18, 35, 10, 37, 0], [0, 6, 19, 24, 41, 32, 4, 29, 47, 21, 27, 0], [0, 48, 42, 16, 3, 14, 12, 40, 44, 17, 13, 0], [0, 49, 30, 23, 26, 28, 2, 25, 45, 11, 15, 0], [0, 1, 46, 22, 7, 8, 43, 9, 31, 36, 20, 0]]",1.5720973416264314,0.03295438389839797,0.5463740132690873,0.04831157438457012,0.26767192903174486,0.022783557733161413,0.7059830818860373,0.6382117812438859,0.22484923899173737
1.5,1.0,1,True,170196,5,"[[0, 27, 21, 47, 29, 44, 17, 13, 12, 14, 42, 0], [0, 1, 16, 11, 45, 25, 2, 28, 26, 23, 30, 0], [0, 46, 22, 7, 8, 43, 9, 31, 36, 5, 20, 0], [0, 37, 10, 35, 18, 34, 33, 50, 38, 3, 15, 0], [0, 48, 39, 32, 4, 41, 24, 19, 6, 40, 49, 0]]",1.5027759414606408,0.03103120545191424,0.41782396801863797,0.04261764201025168,0.19740091654307257,0.012177312993877837,0.69343920768085,0.6080030758600461,0.22484923899173737
1.5,1.0,2,True,171332,5,"[[0, 46, 22, 7, 8, 43, 9, 31, 36, 20, 48, 0], [0, 27, 21, 47, 29, 44, 17, 13, 10, 37, 40, 0], [0, 35, 18, 34, 33, 5, 50, 38, 3, 14, 42, 0], [0, 15, 45, 11, 39, 32, 4, 41, 24, 19, 6, 0], [0, 1, 16, 25, 2, 28, 26, 23, 30, 49, 12, 0]]",1.4852729408394225,0.029423026957859595,0.41209189395885915,0.04261764201025168,0.18829209846038286,0.010227279265358238,0.7005155775553455,0.6169971432247073,0.22484923899173737
1.5,1.0,3,True,170307,5,"[[0, 49, 12, 30, 23, 26, 28, 2, 25, 16, 42, 0], [0, 40, 37, 10, 35, 18, 34, 33, 5, 20, 48, 0], [0, 6, 19, 24, 41, 4, 32, 39, 11, 45, 1, 0], [0, 27, 21, 47, 29, 44, 17, 13, 14, 3, 15, 0], [0, 36, 50, 38, 31, 9, 43, 8, 7, 22, 46, 0]]",1.5188971210245654,0.031115649733692408,0.4106673615751788,0.04682874400168657,0.18029474237238707,0.01028102847857553,0.6910412012853981,0.6094977036724138,0.22484923899173737
1.5,1.0,4,True,170803,5,"[[0, 30, 23, 26, 28, 2, 43, 8, 7, 22, 46, 0], [0, 48, 49, 12, 13, 17, 44, 29, 47, 21, 27, 0], [0, 42, 14, 3, 16, 15, 11, 39, 45, 25, 1, 0], [0, 20, 36, 34, 33, 5, 50, 38, 31, 9, 40, 0], [0, 37, 10, 35, 18, 32, 4, 41, 24, 19, 6, 0]]",1.453007616510149,0.029315707402239585,0.4119194424129091,0.058012061193585394,0.2270426621019601,0.01547074516410504,0.6943650993186368,0.6225356162338117,0.22484923899173737
1.5,1.0,5,True,170867,5,"[[0, 6, 19, 24, 41, 4, 32, 18, 35, 10, 37, 0], [0, 30, 23, 26, 28, 2, 43, 8, 7, 22, 46, 0], [0, 27, 21, 47, 29, 44, 17, 13, 12, 49, 48, 0], [0, 45, 39, 11, 25, 15, 3, 14, 42, 16, 1, 0], [0, 40, 9, 31, 38, 50, 5, 33, 34, 36, 20, 0]]",1.4589436440146528,0.029315707402239585,0.4119194424129091,0.058012061193585394,0.22501958670688982,0.015356296511573308,0.6901484748122753,0.6236376092247716,0.22484923899173737
1.5,1.0,6,True,171509,5,"[[0, 46, 22, 7, 8, 43, 2, 28, 26, 23, 30, 0], [0, 20, 36, 33, 34, 18, 35, 10, 37, 12, 49, 0], [0, 6, 19, 24, 41, 5, 50, 38, 31, 9, 40, 0], [0, 48, 13, 17, 44, 29, 4, 32, 47, 21, 27, 0], [0, 42, 14, 3, 16, 15, 45, 39, 11, 25, 1, 0]]",1.8993915088449285,0.04490701954013535,0.8427613991661929,0.12087570037692785,0.36619975800676086,0.06774422177780583,0.7443424089161081,0.6889702530475842,0.43519389629364014
1.5,1.0,7,True,171004,5,"[[0, 30, 23, 26, 28, 2, 25, 11, 45, 15, 48, 0], [0, 13, 17, 44, 40, 49, 12, 14, 3, 16, 42, 0], [0, 6, 19, 24, 41, 32, 4, 29, 47, 21, 27, 0], [0, 1, 46, 22, 7, 8, 43, 9, 31, 36, 20, 0], [0, 37, 10, 35, 18, 34, 33, 5, 50, 38, 39, 0]]",1.6955131919621635,0.038258140973214595,0.5463740132690873,0.04831157438457012,0.22495130799266638,0.020796629931357963,0.726460762977948,0.6641934956514959,0.22484923899173737
1.5,1.0,8,True,170803,5,"[[0, 42, 14, 3, 16, 15, 11, 39, 45, 25, 1, 0], [0, 48, 12, 49, 13, 17, 44, 29, 47, 21, 27, 0], [0, 40, 9, 31, 38, 50, 5, 33, 34, 36, 20, 0], [0, 6, 19, 24, 41, 4, 32, 18, 35, 10, 37, 0], [0, 46, 22, 7, 8, 43, 2, 28, 26, 23, 30, 0]]",1.8857760470127687,0.04541186981701425,0.8427613991661929,0.12087570037692785,0.35771388854900854,0.06607183720909952,0.7557560838521267,0.7047437520529011,0.43519389629364014
1.5,1.0,9,True,170307,5,"[[0, 20, 5, 33, 34, 18, 35, 10, 37, 40, 48, 0], [0, 15, 3, 14, 13, 17, 44, 29, 47, 21, 27, 0], [0, 49, 12, 30, 23, 26, 28, 2, 25, 16, 42, 0], [0, 6, 19, 24, 41, 4, 32, 39, 11, 45, 1, 0], [0, 46, 22, 7, 8, 43, 9, 31, 38, 50, 36, 0]]",1.5204291711070255,0.031115649733692408,0.4106673615751788,0.04682874400168657,0.17930695506244398,0.010172526175774264,0.6895518580433442,0.6031589275748336,0.22484923899173737
