beta,lambda_concentration,seed,is_feasible,pyvrp_cost,num_routes,routes,global_risk,global_cvar90,max_vehicle_risk,max_vehicle_cvar90,vehicle_risk_gini,risk_variance,edge_burden_gini_used,top10_burden_share,max_edge_burden
0.0,0.0,0,True,133997,5,"[[0, 14, 42, 41, 1, 45, 11, 15, 3, 16, 48, 0], [0, 18, 32, 4, 29, 19, 6, 24, 40, 20, 44, 0], [0, 27, 35, 5, 36, 28, 26, 23, 30, 12, 49, 0], [0, 46, 22, 7, 8, 43, 33, 34, 2, 25, 39, 0], [0, 17, 13, 10, 37, 50, 38, 31, 9, 47, 21, 0]]",5.704002456426679,0.154671780115953,1.4713650165358558,0.26978459395468235,0.10602232174515791,0.048447574356608354,0.8689393792934557,0.8862976456887642,0.8581956028938293
0.0,0.0,1,True,133997,5,"[[0, 17, 13, 10, 37, 50, 38, 31, 9, 47, 21, 0], [0, 18, 32, 4, 29, 6, 19, 24, 40, 20, 44, 0], [0, 14, 42, 41, 1, 11, 45, 15, 3, 16, 48, 0], [0, 46, 22, 7, 8, 43, 33, 34, 2, 25, 39, 0], [0, 27, 35, 5, 36, 28, 26, 23, 30, 12, 49, 0]]",5.704002456426679,0.154671780115953,1.4713650165358558,0.26978459395468235,0.10602232174515791,0.048447574356608354,0.8689393792934557,0.8862976456887642,0.8581956028938293
0.0,0.0,2,True,133998,5,"[[0, 16, 3, 15, 45, 11, 1, 41, 42, 14, 48, 0], [0, 25, 2, 34, 33, 43, 8, 7, 22, 46, 39, 0], [0, 38, 31, 9, 47, 21, 27, 23, 30, 49, 12, 0], [0, 26, 28, 36, 5, 35, 10, 37, 50, 13, 17, 0], [0, 44, 20, 40, 24, 6, 19, 29, 4, 32, 18, 0]]",7.000634597417957,0.24314847961068153,2.2473523985245265,0.38968923687934875,0.25510374324700225,0.407489550204886,0.8731482002048856,0.8904469075754726,0.8581956028938293
0.0,0.0,3,True,133998,5,"[[0, 12, 49, 30, 23, 26, 28, 36, 5, 20, 44, 0], [0, 14, 42, 41, 1, 45, 11, 15, 3, 16, 48, 0], [0, 27, 35, 10, 37, 50, 38, 31, 9, 47, 21, 0], [0, 25, 2, 34, 33, 43, 8, 7, 22, 46, 39, 0], [0, 18, 32, 4, 29, 19, 6, 24, 40, 13, 17, 0]]",5.227991358005966,0.1490604620607149,1.5618607755750418,0.24170861517389616,0.23152484048009603,0.18904041587952053,0.8670125656265393,0.8802338080619303,0.8581956028938293
0.0,0.0,4,True,133997,5,"[[0, 48, 14, 42, 41, 1, 45, 11, 15, 3, 16, 0], [0, 44, 20, 40, 24, 19, 6, 4, 32, 29, 12, 0], [0, 25, 2, 34, 33, 43, 8, 7, 22, 46, 39, 0], [0, 27, 35, 5, 36, 28, 26, 23, 30, 18, 49, 0], [0, 17, 13, 10, 37, 50, 38, 31, 9, 47, 21, 0]]",6.098486837327073,0.15738107335886786,2.262260777351912,0.42128759920597075,0.2612696358606752,0.3675269914293156,0.8805331810145569,0.8953315750066086,1.0754003524780273
0.0,0.0,5,True,133999,5,"[[0, 16, 3, 14, 42, 41, 1, 45, 39, 11, 15, 0], [0, 18, 32, 4, 29, 6, 19, 24, 40, 20, 44, 0], [0, 25, 2, 34, 33, 35, 10, 37, 50, 13, 17, 0], [0, 46, 22, 7, 8, 43, 5, 36, 28, 26, 12, 0], [0, 48, 38, 31, 9, 47, 21, 27, 23, 30, 49, 0]]",7.430390404340869,0.2502612650946335,1.7916101119444647,0.39337746566161513,0.09048336018441416,0.05812923844009743,0.8724836458317591,0.8908997740621811,0.8581956028938293
0.0,0.0,6,True,133997,5,"[[0, 16, 3, 14, 42, 41, 1, 45, 11, 39, 48, 0], [0, 15, 46, 22, 7, 8, 43, 17, 13, 18, 49, 0], [0, 27, 35, 10, 37, 50, 38, 31, 9, 47, 21, 0], [0, 12, 29, 4, 32, 6, 19, 24, 40, 20, 44, 0], [0, 25, 2, 34, 33, 5, 36, 28, 26, 23, 30, 0]]",6.4162576941234875,0.17148679919431314,1.801731364797888,0.28304972499608994,0.1424069875619376,0.10806225687001507,0.8856003633857477,0.9049731605286586,1.0754003524780273
0.0,0.0,7,True,133998,5,"[[0, 13, 17, 43, 33, 34, 5, 2, 25, 45, 11, 0], [0, 16, 1, 41, 42, 12, 49, 14, 3, 15, 48, 0], [0, 44, 20, 40, 24, 19, 6, 29, 4, 32, 18, 0], [0, 30, 23, 26, 28, 36, 8, 7, 22, 46, 39, 0], [0, 21, 47, 9, 31, 38, 50, 37, 10, 35, 27, 0]]",6.512195717245049,0.174213763408582,2.1027796394191682,0.21717276807046598,0.18519736677612397,0.20500232508423677,0.8727683131298487,0.8948534676367543,0.8581956028938293
0.0,0.0,8,True,133998,5,"[[0, 48, 14, 42, 41, 1, 45, 11, 15, 3, 16, 0], [0, 49, 18, 12, 29, 32, 4, 6, 19, 24, 40, 0], [0, 44, 20, 34, 33, 5, 36, 28, 26, 23, 30, 0], [0, 17, 13, 37, 10, 35, 22, 43, 8, 7, 46, 0], [0, 27, 21, 47, 9, 31, 38, 50, 2, 25, 39, 0]]",6.169809722494392,0.1549039890524,1.7408717384096235,0.35854863887652755,0.14712514427038026,0.11616178251698969,0.8799818105150421,0.8934458024785324,1.0754003524780273
0.0,0.0,9,True,133997,5,"[[0, 48, 15, 45, 11, 1, 41, 42, 14, 3, 16, 0], [0, 27, 35, 5, 36, 28, 26, 23, 30, 12, 49, 0], [0, 21, 47, 9, 31, 38, 50, 37, 10, 13, 17, 0], [0, 25, 2, 34, 33, 43, 8, 7, 22, 46, 39, 0], [0, 44, 20, 40, 24, 6, 19, 29, 4, 32, 18, 0]]",5.264417504811718,0.1459054705046583,1.4675363877322525,0.26978459395468235,0.1801391909117116,0.13504313501453744,0.8685520158798476,0.8806876338656959,0.8581956028938293
1.0,0.0,0,True,155189,5,"[[0, 15, 3, 16, 42, 14, 12, 13, 17, 44, 20, 0], [0, 1, 11, 45, 25, 2, 28, 26, 23, 30, 49, 0], [0, 48, 40, 5, 36, 33, 34, 18, 35, 10, 37, 0], [0, 41, 24, 19, 6, 32, 4, 29, 47, 21, 27, 0], [0, 39, 9, 31, 38, 50, 43, 8, 7, 22, 46, 0]]",1.9708513642854086,0.04947158915025217,0.9502447354316246,0.11127796875579017,0.38268556451430635,0.08736265804457638,0.7483755482432288,0.7050415597779769,0.40851011872291565
1.0,0.0,1,True,155171,5,"[[0, 49, 30, 23, 26, 28, 2, 25, 11, 45, 1, 0], [0, 41, 24, 19, 6, 32, 4, 29, 47, 21, 27, 0], [0, 39, 9, 31, 38, 50, 43, 8, 7, 22, 46, 0], [0, 37, 10, 35, 18, 34, 33, 36, 5, 40, 12, 0], [0, 48, 42, 14, 3, 15, 16, 20, 44, 17, 13, 0]]",1.966700414342995,0.04947158915025217,0.9502447354316246,0.11127796875579017,0.38582986150899745,0.08817923525006291,0.7556153975996949,0.7136838945078241,0.40851011872291565
1.0,0.0,2,True,155465,5,"[[0, 1, 41, 24, 19, 6, 49, 13, 17, 44, 20, 0], [0, 40, 5, 33, 34, 36, 43, 8, 7, 22, 46, 0], [0, 27, 21, 47, 29, 4, 32, 18, 35, 10, 37, 0], [0, 48, 15, 39, 11, 45, 25, 16, 3, 14, 42, 0], [0, 50, 38, 31, 9, 2, 28, 26, 23, 30, 12, 0]]",2.12751391177153,0.05635064412598257,0.7496600877930177,0.07258200272917747,0.3000936940241634,0.05553401767806165,0.76270465583654,0.7282274957930487,0.40851011872291565
1.0,0.0,3,True,155751,5,"[[0, 48, 1, 45, 11, 25, 15, 16, 3, 14, 42, 0], [0, 41, 24, 19, 6, 32, 4, 29, 47, 21, 27, 0], [0, 49, 12, 18, 35, 10, 37, 13, 17, 44, 20, 0], [0, 46, 22, 7, 8, 43, 36, 34, 33, 5, 40, 0], [0, 39, 9, 31, 38, 50, 2, 28, 26, 23, 30, 0]]",2.936412115341227,0.08359302992799453,0.9502447354316246,0.1251012017019093,0.25687713397276357,0.07133396345063611,0.8262607788344569,0.8071124382146123,0.5377001762390137
1.0,0.0,4,True,156017,5,"[[0, 1, 39, 32, 4, 18, 34, 33, 5, 36, 40, 0], [0, 42, 41, 24, 19, 6, 29, 47, 21, 27, 48, 0], [0, 35, 10, 37, 13, 17, 44, 20, 16, 3, 14, 0], [0, 15, 45, 25, 2, 28, 26, 23, 30, 12, 49, 0], [0, 11, 46, 22, 7, 8, 43, 9, 31, 38, 50, 0]]",2.3229826261831477,0.05723345105846723,0.8156429066439159,0.09121610862868172,0.2036754158138918,0.034951069044617526,0.7723376799726507,0.7370731264914924,0.40851011872291565
1.0,0.0,5,True,155485,5,"[[0, 49, 13, 17, 44, 20, 19, 6, 24, 41, 1, 0], [0, 48, 15, 45, 11, 39, 25, 16, 3, 14, 42, 0], [0, 40, 5, 33, 34, 36, 43, 8, 7, 22, 46, 0], [0, 27, 21, 47, 29, 4, 32, 18, 35, 10, 37, 0], [0, 12, 30, 23, 26, 28, 2, 9, 31, 38, 50, 0]]",2.130864080703759,0.05635064412598257,0.753010256725247,0.07258200272917747,0.30087965244848136,0.055970206152695934,0.7654488945816833,0.7333737107939693,0.40851011872291565
1.0,0.0,6,True,155834,5,"[[0, 27, 21, 47, 29, 4, 32, 18, 35, 10, 37, 0], [0, 49, 40, 5, 33, 34, 36, 20, 44, 17, 13, 0], [0, 42, 14, 3, 16, 1, 41, 24, 19, 6, 48, 0], [0, 39, 9, 31, 38, 50, 43, 8, 7, 22, 46, 0], [0, 12, 30, 23, 26, 28, 2, 25, 11, 45, 15, 0]]",1.9683029632360558,0.05025755031103337,0.6555616036057472,0.06567217533787091,0.26334008025048217,0.0339263354440215,0.7601992527684707,0.7223296817058095,0.40851011872291565
1.0,0.0,7,True,155465,5,"[[0, 48, 15, 39, 11, 45, 25, 16, 3, 14, 42, 0], [0, 12, 30, 23, 26, 28, 2, 9, 31, 38, 50, 0], [0, 40, 5, 33, 34, 36, 43, 8, 7, 22, 46, 0], [0, 37, 10, 35, 18, 32, 4, 29, 47, 21, 27, 0], [0, 1, 41, 24, 19, 6, 49, 13, 17, 44, 20, 0]]",2.1255874538546777,0.05635064412598257,0.7496600877930177,0.07258200272917747,0.3003656743050038,0.0554610074962537,0.7648276510055125,0.7292002249385245,0.40851011872291565
1.0,0.0,8,True,155665,5,"[[0, 49, 30, 23, 26, 28, 2, 25, 45, 11, 39, 0], [0, 46, 22, 7, 8, 43, 5, 33, 34, 18, 35, 0], [0, 27, 10, 37, 13, 17, 44, 20, 16, 15, 48, 0], [0, 21, 47, 29, 4, 32, 19, 6, 24, 41, 1, 0], [0, 12, 40, 36, 50, 38, 31, 9, 3, 14, 42, 0]]",2.370247841698074,0.063247378383364,0.8093044912384357,0.09368534795939923,0.23027461839598518,0.039404847141706924,0.792872613081665,0.7632958652571235,0.4351936876773834
1.0,0.0,9,True,155679,5,"[[0, 1, 41, 24, 19, 6, 32, 4, 29, 47, 21, 0], [0, 14, 3, 9, 31, 38, 50, 33, 34, 18, 35, 0], [0, 11, 45, 25, 2, 28, 26, 23, 30, 12, 49, 0], [0, 48, 27, 10, 37, 13, 17, 44, 20, 16, 42, 0], [0, 40, 5, 36, 43, 8, 7, 22, 46, 39, 15, 0]]",1.9416328527167934,0.04947158915025217,0.8093044912384357,0.0888801251671144,0.3456713680785042,0.0610470804922428,0.7537084364913194,0.7082911605966894,0.40851011872291565
