beta,lambda_concentration,seed,is_feasible,pyvrp_cost,num_routes,routes,global_risk,global_cvar90,max_vehicle_risk,max_vehicle_cvar90,vehicle_risk_gini,risk_variance,edge_burden_gini_used,top10_burden_share,max_edge_burden
0.0,0.0,0,True,133997,5,"[[0, 14, 42, 41, 1, 45, 11, 15, 3, 16, 48, 0], [0, 18, 32, 4, 29, 19, 6, 24, 40, 20, 44, 0], [0, 27, 35, 5, 36, 28, 26, 23, 30, 12, 49, 0], [0, 46, 22, 7, 8, 43, 33, 34, 2, 25, 39, 0], [0, 17, 13, 10, 37, 50, 38, 31, 9, 47, 21, 0]]",10.460172866703942,0.20817085371717162,3.099896647501737,0.35982586606405675,0.13635898325334495,0.307560539930156,0.85710967524027,0.896338845919449,1.3163611888885498
0.0,0.0,1,True,133997,5,"[[0, 17, 13, 10, 37, 50, 38, 31, 9, 47, 21, 0], [0, 18, 32, 4, 29, 6, 19, 24, 40, 20, 44, 0], [0, 14, 42, 41, 1, 11, 45, 15, 3, 16, 48, 0], [0, 46, 22, 7, 8, 43, 33, 34, 2, 25, 39, 0], [0, 27, 35, 5, 36, 28, 26, 23, 30, 12, 49, 0]]",10.460172866703942,0.20817085371717162,3.099896647501737,0.35982586606405675,0.13635898325334495,0.307560539930156,0.85710967524027,0.896338845919449,1.3163611888885498
0.0,0.0,2,True,133998,5,"[[0, 16, 3, 15, 45, 11, 1, 41, 42, 14, 48, 0], [0, 25, 2, 34, 33, 43, 8, 7, 22, 46, 39, 0], [0, 38, 31, 9, 47, 21, 27, 23, 30, 49, 12, 0], [0, 26, 28, 36, 5, 35, 10, 37, 50, 13, 17, 0], [0, 44, 20, 40, 24, 6, 19, 29, 4, 32, 18, 0]]",12.087860129773617,0.41824107015362155,3.1644174985121936,0.5319176554679871,0.1842954321557575,0.7582820469870333,0.8555653667805772,0.8711018240540178,1.3163611888885498
1.0,0.0,0,True,158539,5,"[[0, 42, 14, 3, 16, 20, 44, 29, 47, 21, 27, 0], [0, 37, 10, 35, 18, 34, 33, 50, 38, 17, 13, 0], [0, 1, 41, 24, 19, 6, 4, 32, 39, 11, 15, 0], [0, 45, 25, 2, 28, 26, 23, 30, 49, 12, 48, 0], [0, 40, 9, 31, 36, 5, 43, 8, 7, 22, 46, 0]]",3.657859686296433,0.06094187680217955,1.2396079197060317,0.13084323867224157,0.30658303298452916,0.1714895904482497,0.7497027331117718,0.7349294768128909,0.6581805944442749
1.0,0.0,1,True,159122,5,"[[0, 30, 23, 26, 28, 2, 25, 45, 39, 11, 1, 0], [0, 21, 47, 29, 4, 32, 6, 19, 24, 41, 42, 0], [0, 40, 8, 43, 9, 31, 38, 50, 37, 10, 27, 0], [0, 35, 18, 34, 33, 5, 36, 7, 22, 46, 15, 0], [0, 48, 12, 49, 13, 17, 44, 20, 16, 3, 14, 0]]",4.642353271367028,0.08290416929456923,1.8413448934443295,0.19095596373081208,0.3414173094330084,0.3213631330702525,0.7866644923724897,0.7898595020217474,0.673056423664093
1.0,0.0,2,True,158754,5,"[[0, 49, 12, 40, 10, 37, 13, 17, 44, 20, 48, 0], [0, 1, 41, 24, 19, 6, 29, 4, 32, 39, 15, 0], [0, 27, 21, 47, 9, 31, 43, 8, 7, 22, 46, 0], [0, 30, 23, 26, 28, 2, 25, 11, 45, 16, 42, 0], [0, 35, 18, 34, 33, 5, 36, 50, 38, 3, 14, 0]]",4.207826892845333,0.08731976362901765,1.2683882650453597,0.13084323867224157,0.2546432744783642,0.16159445449720464,0.7688570446689331,0.7639239350893977,0.6581805944442749
