beta,lambda_concentration,seed,is_feasible,pyvrp_cost,num_routes,routes,global_risk,global_cvar90,max_vehicle_risk,max_vehicle_cvar90,vehicle_risk_gini,risk_variance,edge_burden_gini_used,top10_burden_share,max_edge_burden
0.0,0.0,0,True,133997,5,"[[0, 14, 42, 41, 1, 45, 11, 15, 3, 16, 48, 0], [0, 18, 32, 4, 29, 19, 6, 24, 40, 20, 44, 0], [0, 27, 35, 5, 36, 28, 26, 23, 30, 12, 49, 0], [0, 46, 22, 7, 8, 43, 33, 34, 2, 25, 39, 0], [0, 17, 13, 10, 37, 50, 38, 31, 9, 47, 21, 0]]",14.979049378540367,0.11489528871231502,3.972088757203892,0.43890418112277985,0.14695446208732332,0.6430630559809379,0.8332648949194486,0.8857047925376215,1.999999761581421
0.0,0.0,1,True,133997,5,"[[0, 17, 13, 10, 37, 50, 38, 31, 9, 47, 21, 0], [0, 18, 32, 4, 29, 6, 19, 24, 40, 20, 44, 0], [0, 14, 42, 41, 1, 11, 45, 15, 3, 16, 48, 0], [0, 46, 22, 7, 8, 43, 33, 34, 2, 25, 39, 0], [0, 27, 35, 5, 36, 28, 26, 23, 30, 12, 49, 0]]",14.979049378540367,0.11489528871231502,3.972088757203892,0.43890418112277985,0.14695446208732332,0.643063055980938,0.8332648949194486,0.8857047925376215,1.999999761581421
0.0,0.0,2,True,133998,5,"[[0, 16, 3, 15, 45, 11, 1, 41, 42, 14, 48, 0], [0, 25, 2, 34, 33, 43, 8, 7, 22, 46, 39, 0], [0, 38, 31, 9, 47, 21, 27, 23, 30, 49, 12, 0], [0, 26, 28, 36, 5, 35, 10, 37, 50, 13, 17, 0], [0, 44, 20, 40, 24, 6, 19, 29, 4, 32, 18, 0]]",17.272960349917412,0.5914922253443644,4.96208863821812,0.6039999723434448,0.17733744165335064,1.2287721566252332,0.8336920387412652,0.8537138415447141,1.999999761581421
1.0,0.0,0,True,165603,5,"[[0, 49, 41, 24, 19, 6, 29, 4, 32, 39, 15, 0], [0, 12, 40, 37, 10, 13, 17, 44, 20, 16, 42, 0], [0, 30, 23, 26, 28, 2, 25, 11, 45, 1, 48, 0], [0, 46, 22, 43, 8, 7, 36, 31, 9, 47, 21, 0], [0, 27, 35, 18, 34, 33, 5, 50, 38, 3, 14, 0]]",6.983449570368975,0.05406102455690899,1.9220469780266285,0.07187499920837581,0.12881532111986305,0.12235909483263345,0.7625974100076014,0.7688028298007121,1.0099999904632568
1.0,0.0,1,True,165872,5,"[[0, 14, 3, 9, 31, 38, 50, 33, 34, 18, 35, 0], [0, 48, 1, 45, 25, 2, 28, 26, 23, 30, 12, 0], [0, 27, 21, 47, 29, 44, 17, 13, 10, 37, 40, 0], [0, 20, 5, 36, 7, 8, 43, 22, 46, 11, 15, 0], [0, 42, 16, 39, 32, 4, 19, 6, 24, 41, 49, 0]]",6.0407061006408185,0.0440931263515073,2.398840041132644,0.10529955982097558,0.3073596346997418,0.47005363929702587,0.733448056734787,0.7282088760528012,1.0099999904632568
1.0,0.0,2,True,165493,5,"[[0, 49, 19, 6, 24, 41, 1, 16, 3, 14, 42, 0], [0, 48, 13, 17, 44, 29, 4, 32, 47, 21, 27, 0], [0, 20, 36, 5, 33, 34, 18, 35, 10, 37, 12, 0], [0, 46, 22, 7, 8, 43, 50, 38, 31, 9, 40, 0], [0, 15, 39, 11, 45, 25, 2, 28, 26, 23, 30, 0]]",7.027497641276568,0.05183945843527297,2.4696043508592993,0.08615384100434872,0.25324933024063667,0.47202553682682835,0.7684558080034218,0.7710988814471034,1.0099999904632568
