beta,lambda_concentration,seed,is_feasible,pyvrp_cost,num_routes,routes,global_risk,global_cvar90,max_vehicle_risk,max_vehicle_cvar90,vehicle_risk_gini,risk_variance,edge_burden_gini_used,top10_burden_share,max_edge_burden
0.0,0.0,0,True,133997,5,"[[0, 14, 42, 41, 1, 45, 11, 15, 3, 16, 48, 0], [0, 18, 32, 4, 29, 19, 6, 24, 40, 20, 44, 0], [0, 27, 35, 5, 36, 28, 26, 23, 30, 12, 49, 0], [0, 46, 22, 7, 8, 43, 33, 34, 2, 25, 39, 0], [0, 17, 13, 10, 37, 50, 38, 31, 9, 47, 21, 0]]",11.118334280465206,0.1497739590164544,2.9591328241222072,0.3588399812579155,0.11575209268057418,0.21615160466782965,0.8668833524597075,0.8917165945389584,1.8713688850402832
0.0,0.0,1,True,133997,5,"[[0, 17, 13, 10, 37, 50, 38, 31, 9, 47, 21, 0], [0, 18, 32, 4, 29, 6, 19, 24, 40, 20, 44, 0], [0, 14, 42, 41, 1, 11, 45, 15, 3, 16, 48, 0], [0, 46, 22, 7, 8, 43, 33, 34, 2, 25, 39, 0], [0, 27, 35, 5, 36, 28, 26, 23, 30, 12, 49, 0]]",11.118334280465206,0.1497739590164544,2.9591328241222072,0.3588399812579155,0.11575209268057418,0.21615160466782965,0.8668833524597075,0.8917165945389584,1.8713688850402832
0.0,0.0,2,True,133998,5,"[[0, 16, 3, 15, 45, 11, 1, 41, 42, 14, 48, 0], [0, 25, 2, 34, 33, 43, 8, 7, 22, 46, 39, 0], [0, 38, 31, 9, 47, 21, 27, 23, 30, 49, 12, 0], [0, 26, 28, 36, 5, 35, 10, 37, 50, 13, 17, 0], [0, 44, 20, 40, 24, 6, 19, 29, 4, 32, 18, 0]]",13.799035383672162,0.4840003979893831,3.7141824224672746,0.6287499666213989,0.16809330321595262,0.7125731069716514,0.8679284579877424,0.895011694924592,1.8713688850402832
0.0,0.0,3,True,133997,5,"[[0, 39, 25, 2, 36, 28, 26, 23, 30, 49, 18, 0], [0, 44, 20, 40, 24, 19, 6, 4, 32, 29, 12, 0], [0, 17, 13, 10, 37, 50, 38, 31, 9, 47, 21, 0], [0, 46, 22, 7, 8, 43, 5, 34, 33, 35, 27, 0], [0, 14, 42, 41, 1, 11, 45, 15, 3, 16, 48, 0]]",12.495490787485323,0.16529574053703058,4.3581582851475105,0.7705873250961304,0.2129392511339665,1.107992906518183,0.8770389915771737,0.9048062040958706,1.999999761581421
0.0,0.0,4,True,133997,5,"[[0, 48, 14, 42, 41, 1, 45, 11, 15, 3, 16, 0], [0, 44, 20, 40, 24, 19, 6, 4, 32, 29, 12, 0], [0, 25, 2, 34, 33, 43, 8, 7, 22, 46, 39, 0], [0, 27, 35, 5, 36, 28, 26, 23, 30, 18, 49, 0], [0, 17, 13, 10, 37, 50, 38, 31, 9, 47, 21, 0]]",12.018720225831203,0.16077730216618094,3.6118401049170643,0.6766362071037293,0.15376743755305045,0.5168053572308826,0.8786280620011344,0.9022933354824798,1.999999761581421
0.0,0.0,5,True,133999,5,"[[0, 16, 3, 14, 42, 41, 1, 45, 39, 11, 15, 0], [0, 18, 32, 4, 29, 6, 19, 24, 40, 20, 44, 0], [0, 25, 2, 34, 33, 35, 10, 37, 50, 13, 17, 0], [0, 46, 22, 7, 8, 43, 5, 36, 28, 26, 12, 0], [0, 48, 38, 31, 9, 47, 21, 27, 23, 30, 49, 0]]",14.20373382971593,0.49722817826729554,3.377521622023778,0.4685969253381093,0.0971795414244454,0.2595857745014999,0.8649222276926105,0.8822895019934456,1.8713688850402832
0.0,0.0,6,True,133997,5,"[[0, 16, 3, 14, 42, 41, 1, 45, 11, 39, 48, 0], [0, 15, 46, 22, 7, 8, 43, 17, 13, 18, 49, 0], [0, 27, 35, 10, 37, 50, 38, 31, 9, 47, 21, 0], [0, 12, 29, 4, 32, 6, 19, 24, 40, 20, 44, 0], [0, 25, 2, 34, 33, 5, 36, 28, 26, 23, 30, 0]]",12.164445879556297,0.1629658771412713,3.3795618801013916,0.5336797088384628,0.12156678797851117,0.32106682612017723,0.8823317154853676,0.9065444918387013,1.999999761581421
0.0,0.0,7,True,133998,5,"[[0, 13, 17, 43, 33, 34, 5, 2, 25, 45, 11, 0], [0, 16, 1, 41, 42, 12, 49, 14, 3, 15, 48, 0], [0, 44, 20, 40, 24, 19, 6, 29, 4, 32, 18, 0], [0, 30, 23, 26, 28, 36, 8, 7, 22, 46, 39, 0], [0, 21, 47, 9, 31, 38, 50, 37, 10, 35, 27, 0]]",12.07481886784808,0.15763603055125308,3.8150119406782323,0.2193805231497838,0.20014706508516844,0.7824566326970415,0.86822044093234,0.897382187046839,1.8713688850402832
0.0,0.0,8,True,133998,5,"[[0, 48, 14, 42, 41, 1, 45, 11, 15, 3, 16, 0], [0, 49, 18, 12, 29, 32, 4, 6, 19, 24, 40, 0], [0, 44, 20, 34, 33, 5, 36, 28, 26, 23, 30, 0], [0, 17, 13, 37, 10, 35, 22, 43, 8, 7, 46, 0], [0, 27, 21, 47, 9, 31, 38, 50, 2, 25, 39, 0]]",11.91077678277361,0.15284426349585187,3.0693479061010294,0.5252376049757004,0.10400162994660578,0.21379098250057402,0.8781708589378578,0.8989868117368188,1.999999761581421
0.0,0.0,9,True,133997,5,"[[0, 48, 15, 45, 11, 1, 41, 42, 14, 3, 16, 0], [0, 27, 35, 5, 36, 28, 26, 23, 30, 12, 49, 0], [0, 21, 47, 9, 31, 38, 50, 37, 10, 13, 17, 0], [0, 25, 2, 34, 33, 43, 8, 7, 22, 46, 39, 0], [0, 44, 20, 40, 24, 6, 19, 29, 4, 32, 18, 0]]",10.715056564738916,0.14615150343845873,3.0319153048912995,0.3588399812579155,0.15405855616109765,0.35347435949110456,0.8688133134119285,0.8901774979092153,1.8713688850402832
1.0,0.0,0,True,159969,5,"[[0, 46, 22, 7, 8, 43, 5, 33, 34, 18, 35, 0], [0, 36, 50, 38, 31, 9, 2, 28, 26, 23, 30, 0], [0, 1, 16, 11, 25, 39, 45, 15, 3, 14, 42, 0], [0, 49, 41, 24, 6, 19, 32, 4, 29, 47, 21, 0], [0, 48, 27, 10, 37, 13, 17, 44, 20, 40, 12, 0]]",4.457521612559503,0.05873696214609569,1.1871152904932387,0.07941141507277887,0.16512111393571782,0.07105098161599724,0.8022893623302232,0.7757291315175029,0.8529369831085205
1.0,0.0,1,True,160039,5,"[[0, 49, 41, 24, 6, 19, 12, 13, 17, 44, 20, 0], [0, 40, 9, 31, 36, 33, 34, 18, 35, 10, 37, 0], [0, 15, 3, 38, 50, 5, 43, 8, 7, 22, 46, 0], [0, 1, 16, 45, 39, 32, 4, 29, 47, 21, 27, 0], [0, 48, 11, 25, 2, 28, 26, 23, 30, 14, 42, 0]]",3.8409877022277215,0.04716518087661825,1.3838012101405184,0.07678264891728759,0.3466289407980152,0.23057033955584827,0.7668015859278117,0.7216766498633085,0.8529369831085205
1.0,0.0,2,True,159430,5,"[[0, 40, 9, 31, 36, 7, 8, 43, 22, 46, 45, 0], [0, 27, 21, 47, 29, 4, 32, 41, 24, 6, 19, 0], [0, 1, 11, 25, 2, 28, 26, 23, 30, 49, 12, 0], [0, 13, 17, 44, 20, 16, 15, 3, 14, 42, 48, 0], [0, 39, 38, 50, 5, 33, 34, 18, 35, 10, 37, 0]]",3.73912139897584,0.04467130903944825,1.1457891106329043,0.056640233099460605,0.26768908516895595,0.1314452538756543,0.7759630623196676,0.7301753054584909,0.8529369831085205
1.0,0.0,3,True,159430,5,"[[0, 45, 11, 25, 2, 28, 26, 23, 30, 49, 48, 0], [0, 27, 21, 47, 29, 4, 32, 41, 24, 6, 19, 0], [0, 40, 9, 31, 36, 7, 8, 43, 22, 46, 1, 0], [0, 12, 13, 17, 44, 20, 16, 15, 3, 14, 42, 0], [0, 37, 10, 35, 18, 34, 33, 5, 50, 38, 39, 0]]",3.739039535896154,0.04467130903944825,1.0924173082967172,0.0694954986018794,0.2511580067910082,0.11924921409004594,0.778358687870323,0.7309289564644159,0.8529369831085205
1.0,0.0,4,True,159525,5,"[[0, 1, 16, 11, 39, 45, 15, 3, 14, 42, 48, 0], [0, 19, 6, 24, 41, 32, 4, 29, 47, 21, 27, 0], [0, 40, 9, 31, 38, 50, 43, 8, 7, 22, 46, 0], [0, 12, 36, 5, 33, 34, 18, 35, 10, 37, 49, 0], [0, 20, 44, 17, 13, 30, 23, 26, 28, 2, 25, 0]]",3.5084772252012044,0.04161700354172633,1.4659613652474945,0.07548653794562116,0.36927688088031174,0.23080516332523154,0.7621214561573817,0.7088582264089193,0.8529369831085205
1.0,0.0,5,True,159430,5,"[[0, 12, 13, 17, 44, 20, 16, 15, 3, 14, 42, 0], [0, 19, 6, 24, 41, 32, 4, 29, 47, 21, 27, 0], [0, 37, 10, 35, 18, 34, 33, 5, 50, 38, 39, 0], [0, 1, 46, 22, 43, 8, 7, 36, 31, 9, 40, 0], [0, 45, 11, 25, 2, 28, 26, 23, 30, 49, 48, 0]]",3.721932933636708,0.045754787453915924,1.0924173082967172,0.0694954986018794,0.25047390505604183,0.11712313879710776,0.7830154426977955,0.734288423483594,0.8529369831085205
1.0,0.0,6,True,159430,5,"[[0, 48, 42, 14, 3, 15, 16, 20, 44, 17, 13, 0], [0, 1, 11, 25, 2, 28, 26, 23, 30, 49, 12, 0], [0, 40, 9, 31, 36, 7, 8, 43, 22, 46, 45, 0], [0, 19, 6, 24, 41, 32, 4, 29, 47, 21, 27, 0], [0, 37, 10, 35, 18, 34, 33, 5, 50, 38, 39, 0]]",3.721932933636708,0.045754787453915924,1.1457891106329043,0.06044633500277996,0.2671044465102972,0.12933766468845515,0.7830154426977955,0.734288423483594,0.8529369831085205
1.0,0.0,7,True,159430,5,"[[0, 40, 9, 31, 36, 7, 8, 43, 22, 46, 1, 0], [0, 13, 17, 44, 20, 16, 15, 3, 14, 42, 48, 0], [0, 45, 11, 25, 2, 28, 26, 23, 30, 12, 49, 0], [0, 19, 6, 24, 41, 32, 4, 29, 47, 21, 27, 0], [0, 37, 10, 35, 18, 34, 33, 5, 50, 38, 39, 0]]",3.721932933636708,0.045754787453915924,1.0977883154482697,0.0694954986018794,0.2516283604956897,0.11762965763490345,0.7830154426977955,0.734288423483594,0.8529369831085205
1.0,0.0,8,True,160203,5,"[[0, 48, 15, 3, 16, 20, 44, 29, 47, 21, 27, 0], [0, 46, 22, 7, 36, 33, 34, 18, 35, 10, 37, 0], [0, 40, 9, 31, 38, 50, 5, 8, 43, 17, 13, 0], [0, 12, 30, 23, 26, 28, 2, 25, 11, 45, 1, 0], [0, 42, 14, 49, 41, 24, 19, 6, 4, 32, 39, 0]]",4.109324102879327,0.04785177886378074,1.230995342019014,0.0701412696391344,0.25966745865862584,0.15381780733212097,0.7728918223677128,0.7347185799013485,0.8529369831085205
1.0,0.0,9,True,159430,5,"[[0, 48, 42, 14, 3, 15, 16, 20, 44, 17, 13, 0], [0, 40, 9, 31, 36, 7, 8, 43, 22, 46, 45, 0], [0, 19, 6, 24, 41, 32, 4, 29, 47, 21, 27, 0], [0, 39, 38, 50, 5, 33, 34, 18, 35, 10, 37, 0], [0, 1, 11, 25, 2, 28, 26, 23, 30, 12, 49, 0]]",3.722014796716394,0.045754787453915924,1.1457891106329043,0.06044633500277996,0.2670809763036728,0.12931929061464767,0.7806780324123932,0.7335312347635446,0.8529369831085205
2.0,0.0,0,True,172959,5,"[[0, 27, 21, 47, 29, 44, 17, 13, 14, 3, 15, 0], [0, 30, 23, 26, 28, 2, 25, 11, 16, 42, 48, 0], [0, 1, 45, 39, 32, 4, 41, 24, 6, 19, 12, 0], [0, 46, 22, 43, 8, 7, 36, 50, 38, 31, 9, 0], [0, 49, 40, 37, 10, 35, 18, 34, 33, 5, 20, 0]]",3.318748532590689,0.03623483686574868,1.361066937497526,0.07678264891728759,0.3073965961684897,0.14963510490595489,0.7446368991503054,0.6873387449045516,0.8529369831085205
2.0,0.0,1,True,172396,5,"[[0, 1, 45, 39, 32, 4, 41, 24, 6, 19, 12, 0], [0, 40, 9, 31, 38, 50, 43, 8, 7, 22, 46, 0], [0, 42, 16, 11, 25, 2, 28, 26, 23, 30, 48, 0], [0, 27, 21, 47, 29, 44, 17, 13, 14, 3, 15, 0], [0, 20, 5, 36, 33, 34, 18, 35, 10, 37, 49, 0]]",3.0942477228236385,0.033235324843638184,1.361066937497526,0.07678264891728759,0.3606317207705234,0.17485150102573233,0.7226322001186996,0.6577188740040489,0.8529369831085205
2.0,0.0,2,True,172396,5,"[[0, 42, 16, 11, 25, 2, 28, 26, 23, 30, 48, 0], [0, 40, 9, 31, 38, 50, 43, 8, 7, 22, 46, 0], [0, 12, 19, 6, 24, 41, 4, 32, 39, 45, 1, 0], [0, 20, 5, 36, 33, 34, 18, 35, 10, 37, 49, 0], [0, 27, 21, 47, 29, 44, 17, 13, 14, 3, 15, 0]]",3.0671849192585796,0.03466519100161699,1.361066937497526,0.07678264891728759,0.3638136956678508,0.17623127801679045,0.7297927597647986,0.6676768006093884,0.8529369831085205
2.0,0.0,3,True,172396,5,"[[0, 15, 3, 14, 13, 17, 44, 29, 47, 21, 27, 0], [0, 1, 45, 39, 32, 4, 41, 24, 6, 19, 12, 0], [0, 48, 42, 16, 11, 25, 2, 28, 26, 23, 30, 0], [0, 20, 5, 36, 33, 34, 18, 35, 10, 37, 49, 0], [0, 46, 22, 7, 8, 43, 50, 38, 31, 9, 40, 0]]",3.571018284477759,0.039640340581536294,1.361066937497526,0.10431728512048721,0.28598738372906096,0.14386683774083858,0.7533433290884439,0.6999375283127115,0.8529369831085205
2.0,0.0,4,True,173558,5,"[[0, 46, 22, 43, 8, 7, 36, 31, 9, 3, 15, 0], [0, 48, 1, 45, 11, 25, 2, 28, 26, 23, 30, 0], [0, 37, 10, 35, 18, 34, 33, 5, 50, 38, 40, 0], [0, 39, 32, 4, 41, 24, 6, 19, 20, 16, 42, 0], [0, 14, 12, 49, 13, 17, 44, 29, 47, 21, 27, 0]]",3.2995019783847965,0.03700644972131533,1.132621352437127,0.06205856124870479,0.25620353073067226,0.09170072273239187,0.7484825680240279,0.685286587583324,0.8529369831085205
2.0,0.0,5,True,172396,5,"[[0, 48, 30, 23, 26, 28, 2, 25, 11, 16, 42, 0], [0, 40, 9, 31, 38, 50, 43, 8, 7, 22, 46, 0], [0, 12, 19, 6, 24, 41, 4, 32, 39, 45, 1, 0], [0, 15, 3, 14, 13, 17, 44, 29, 47, 21, 27, 0], [0, 49, 37, 10, 35, 18, 34, 33, 36, 5, 20, 0]]",3.067103056178894,0.03466519100161699,1.361066937497526,0.07678264891728759,0.3638447586518989,0.17624446733515037,0.7327881586241147,0.668877645503335,0.8529369831085205
2.0,0.0,6,True,172731,5,"[[0, 1, 16, 11, 25, 2, 28, 26, 23, 30, 12, 0], [0, 45, 39, 32, 4, 41, 24, 6, 19, 20, 48, 0], [0, 46, 22, 7, 8, 43, 5, 36, 31, 9, 40, 0], [0, 42, 14, 49, 13, 17, 44, 29, 47, 21, 27, 0], [0, 15, 3, 38, 50, 33, 34, 18, 35, 10, 37, 0]]",3.5139778142329305,0.04241912253201008,1.146648120957252,0.10431728512048721,0.28672766429198115,0.12884600881761604,0.7649917380457949,0.7094817411838947,0.8529369831085205
2.0,0.0,7,True,172396,5,"[[0, 1, 45, 39, 32, 4, 41, 24, 6, 19, 12, 0], [0, 46, 22, 7, 8, 43, 50, 38, 31, 9, 40, 0], [0, 49, 37, 10, 35, 18, 34, 33, 36, 5, 20, 0], [0, 48, 30, 23, 26, 28, 2, 25, 11, 16, 42, 0], [0, 15, 3, 14, 13, 17, 44, 29, 47, 21, 27, 0]]",3.5709364213980734,0.039640340581536294,1.361066937497526,0.10431728512048721,0.28601227979587396,0.1438833266872725,0.7559764936287974,0.700725964514765,0.8529369831085205
2.0,0.0,8,True,172864,5,"[[0, 48, 1, 11, 25, 2, 28, 26, 23, 30, 12, 0], [0, 15, 3, 14, 42, 16, 20, 44, 17, 13, 49, 0], [0, 40, 9, 31, 36, 7, 8, 43, 22, 46, 45, 0], [0, 19, 6, 24, 41, 32, 4, 29, 47, 21, 27, 0], [0, 39, 38, 50, 5, 33, 34, 18, 35, 10, 37, 0]]",3.7223030139284674,0.045754787453915924,1.1474900803223136,0.06044633500277996,0.26742586988496786,0.1295299313455292,0.7805660065819848,0.7334744375800104,0.8529369831085205
2.0,0.0,9,True,173096,5,"[[0, 20, 5, 36, 7, 8, 43, 22, 46, 16, 42, 0], [0, 9, 31, 38, 50, 33, 34, 18, 35, 10, 37, 0], [0, 11, 45, 39, 32, 4, 41, 24, 6, 19, 40, 0], [0, 27, 21, 47, 29, 44, 17, 13, 14, 3, 15, 0], [0, 48, 1, 25, 2, 28, 26, 23, 30, 12, 49, 0]]",3.3265207383665256,0.03623483686574868,1.16643177739752,0.07696950967822756,0.2548683545135608,0.09430818627994135,0.7437794370620054,0.6809363582457909,0.8529369831085205
