beta,lambda_concentration,seed,is_feasible,pyvrp_cost,num_routes,routes,global_risk,global_cvar90,max_vehicle_risk,max_vehicle_cvar90,vehicle_risk_gini,risk_variance,edge_burden_gini_used,top10_burden_share,max_edge_burden
0.0,0.0,0,True,145999,5,"[[0, 44, 14, 3, 15, 41, 11, 1, 37, 38, 50, 0], [0, 42, 7, 8, 34, 17, 9, 47, 43, 26, 33, 0], [0, 45, 12, 13, 24, 32, 46, 23, 10, 18, 19, 0], [0, 40, 25, 20, 35, 4, 16, 28, 30, 21, 29, 0], [0, 36, 31, 6, 22, 2, 48, 5, 39, 49, 27, 0]]",4.977601844400624,0.16366988807983165,1.9793237675912678,0.2840841934084892,0.31574320226921615,0.3402136065381819,0.8826878111443806,0.9181525963872642,0.7680491805076599
0.0,0.0,1,True,145999,5,"[[0, 6, 22, 5, 2, 48, 43, 9, 47, 31, 36, 0], [0, 12, 45, 13, 24, 32, 46, 23, 10, 18, 19, 0], [0, 27, 49, 39, 17, 34, 8, 7, 30, 21, 29, 0], [0, 33, 26, 28, 16, 4, 35, 20, 25, 40, 44, 0], [0, 14, 3, 15, 42, 41, 11, 1, 37, 38, 50, 0]]",5.778313773936816,0.1922114326818181,2.526092711603269,0.4571064829826355,0.3588946796263728,0.6012670714009497,0.8975016099671069,0.9300705763659438,1.5360983610153198
0.0,0.0,2,True,146664,5,"[[0, 27, 49, 39, 17, 34, 8, 7, 16, 12, 45, 0], [0, 35, 4, 6, 22, 5, 43, 47, 9, 31, 36, 0], [0, 33, 26, 28, 30, 48, 2, 20, 25, 40, 19, 0], [0, 14, 3, 15, 42, 41, 11, 1, 37, 38, 50, 0], [0, 29, 21, 18, 10, 23, 46, 32, 24, 13, 44, 0]]",4.505167606686882,0.14196200484153013,1.6297318973811343,0.28673689663410185,0.24234230717170635,0.17210596876147777,0.8835205288500556,0.9103966506347837,0.7680491805076599
1.0,0.0,0,True,174267,5,"[[0, 44, 50, 38, 14, 3, 15, 11, 42, 41, 1, 0], [0, 49, 39, 17, 34, 22, 6, 4, 35, 43, 29, 0], [0, 33, 26, 30, 28, 48, 2, 47, 9, 31, 36, 0], [0, 19, 40, 25, 20, 5, 46, 32, 24, 37, 27, 0], [0, 13, 10, 23, 8, 7, 16, 18, 21, 12, 45, 0]]",2.413978657695111,0.06783311709295958,1.1567018536297837,0.13057130359811708,0.44703036391967266,0.15835910619402957,0.8450234910650898,0.8453545055456826,0.32107043266296387
1.0,0.0,1,True,176088,5,"[[0, 44, 15, 33, 26, 30, 28, 9, 47, 31, 36, 0], [0, 1, 41, 11, 42, 12, 13, 23, 10, 18, 19, 0], [0, 40, 25, 20, 2, 48, 46, 32, 24, 37, 27, 0], [0, 21, 29, 43, 35, 4, 6, 22, 5, 39, 49, 0], [0, 50, 38, 14, 3, 34, 17, 8, 7, 16, 45, 0]]",2.4766527129916085,0.06755359421273874,1.1382809759379597,0.13057130359811708,0.42656280063405205,0.14907469627294817,0.8464655701877732,0.8468690118356728,0.32107043266296387
1.0,0.0,2,True,174266,5,"[[0, 27, 37, 24, 32, 46, 5, 20, 25, 40, 19, 0], [0, 49, 39, 17, 34, 22, 6, 4, 35, 43, 29, 0], [0, 21, 18, 16, 7, 8, 23, 10, 13, 12, 45, 0], [0, 36, 31, 9, 47, 2, 48, 28, 30, 26, 33, 0], [0, 1, 41, 42, 11, 15, 3, 14, 38, 50, 44, 0]]",2.414309351482075,0.06783311709295958,1.1567018536297837,0.13057130359811708,0.44702392205705976,0.15838687155048886,0.8448765637486597,0.8452387152959393,0.32107043266296387
