beta,lambda_concentration,seed,is_feasible,pyvrp_cost,num_routes,routes,global_risk,global_cvar90,max_vehicle_risk,max_vehicle_cvar90,vehicle_risk_gini,risk_variance,edge_burden_gini_used,top10_burden_share,max_edge_burden
0.0,0.0,0,True,133997,5,"[[0, 14, 42, 41, 1, 45, 11, 15, 3, 16, 48, 0], [0, 18, 32, 4, 29, 19, 6, 24, 40, 20, 44, 0], [0, 27, 35, 5, 36, 28, 26, 23, 30, 12, 49, 0], [0, 46, 22, 7, 8, 43, 33, 34, 2, 25, 39, 0], [0, 17, 13, 10, 37, 50, 38, 31, 9, 47, 21, 0]]",7.306507981353207,0.22655906412622023,2.0632092889863998,0.31922764362146455,0.10991024039505115,0.1009150052566494,0.8672402784175528,0.8956714009163251,0.8627427220344543
0.0,0.0,1,True,133997,5,"[[0, 17, 13, 10, 37, 50, 38, 31, 9, 47, 21, 0], [0, 18, 32, 4, 29, 6, 19, 24, 40, 20, 44, 0], [0, 14, 42, 41, 1, 11, 45, 15, 3, 16, 48, 0], [0, 46, 22, 7, 8, 43, 33, 34, 2, 25, 39, 0], [0, 27, 35, 5, 36, 28, 26, 23, 30, 12, 49, 0]]",7.306507981353207,0.22655906412622023,2.0632092889863998,0.31922764362146455,0.10991024039505115,0.10091500525664938,0.8672402784175528,0.8956714009163251,0.8627427220344543
0.0,0.0,2,True,133998,5,"[[0, 16, 3, 15, 45, 11, 1, 41, 42, 14, 48, 0], [0, 25, 2, 34, 33, 43, 8, 7, 22, 46, 39, 0], [0, 38, 31, 9, 47, 21, 27, 23, 30, 49, 12, 0], [0, 26, 28, 36, 5, 35, 10, 37, 50, 13, 17, 0], [0, 44, 20, 40, 24, 6, 19, 29, 4, 32, 18, 0]]",8.993415865435963,0.31531712928643596,2.5505392951890826,0.42687448263168337,0.17071063705040745,0.3067487416582141,0.8691007912221984,0.8926433810954327,0.8627427220344543
0.0,0.0,3,True,133997,5,"[[0, 39, 25, 2, 36, 28, 26, 23, 30, 49, 18, 0], [0, 44, 20, 40, 24, 19, 6, 4, 32, 29, 12, 0], [0, 17, 13, 10, 37, 50, 38, 31, 9, 47, 21, 0], [0, 46, 22, 7, 8, 43, 5, 34, 33, 35, 27, 0], [0, 14, 42, 41, 1, 11, 45, 15, 3, 16, 48, 0]]",8.307088003348326,0.24438131534524501,3.6407796705607325,0.6755431175231934,0.274778282203624,1.0038821575492547,0.8811056155072132,0.9071933093137103,1.7214508056640625
0.0,0.0,4,True,133997,5,"[[0, 48, 14, 42, 41, 1, 45, 11, 15, 3, 16, 0], [0, 44, 20, 40, 24, 19, 6, 4, 32, 29, 12, 0], [0, 25, 2, 34, 33, 43, 8, 7, 22, 46, 39, 0], [0, 27, 35, 5, 36, 28, 26, 23, 30, 18, 49, 0], [0, 17, 13, 10, 37, 50, 38, 31, 9, 47, 21, 0]]",7.906195152405417,0.23902928338696558,3.090358188492246,0.5735355257987976,0.217885752617051,0.5807669259997903,0.8816903673661245,0.9047971873717301,1.7214508056640625
0.0,0.0,5,True,133999,5,"[[0, 16, 3, 14, 42, 41, 1, 45, 39, 11, 15, 0], [0, 18, 32, 4, 29, 6, 19, 24, 40, 20, 44, 0], [0, 25, 2, 34, 33, 35, 10, 37, 50, 13, 17, 0], [0, 46, 22, 7, 8, 43, 5, 36, 28, 26, 12, 0], [0, 48, 38, 31, 9, 47, 21, 27, 23, 30, 49, 0]]",9.323410168639384,0.3167110521484304,2.1872439038706943,0.3314614653587341,0.08693551305555114,0.09565947317426762,0.8679359987259239,0.8878422142402814,0.8627427220344543
0.0,0.0,6,True,133997,5,"[[0, 16, 3, 14, 42, 41, 1, 45, 11, 39, 48, 0], [0, 15, 46, 22, 7, 8, 43, 17, 13, 18, 49, 0], [0, 27, 35, 10, 37, 50, 38, 31, 9, 47, 21, 0], [0, 12, 29, 4, 32, 6, 19, 24, 40, 20, 44, 0], [0, 25, 2, 34, 33, 5, 36, 28, 26, 23, 30, 0]]",8.29454114274995,0.2522282230357329,2.0800424060289515,0.43985346145927906,0.1393874350542459,0.19172867593526616,0.8883871981050828,0.9143194304850156,1.7214508056640625
0.0,0.0,7,True,133998,5,"[[0, 13, 17, 43, 33, 34, 5, 2, 25, 45, 11, 0], [0, 16, 1, 41, 42, 12, 49, 14, 3, 15, 48, 0], [0, 44, 20, 40, 24, 19, 6, 29, 4, 32, 18, 0], [0, 30, 23, 26, 28, 36, 8, 7, 22, 46, 39, 0], [0, 21, 47, 9, 31, 38, 50, 37, 10, 35, 27, 0]]",8.41130976563727,0.23296495984223756,2.4956649447558448,0.3278925148770213,0.19405950514862336,0.33421941221280527,0.8675071741984839,0.8965326866382778,0.8627427220344543
0.0,0.0,8,True,133998,5,"[[0, 48, 14, 42, 41, 1, 45, 11, 15, 3, 16, 0], [0, 49, 18, 12, 29, 32, 4, 6, 19, 24, 40, 0], [0, 44, 20, 34, 33, 5, 36, 28, 26, 23, 30, 0], [0, 17, 13, 37, 10, 35, 22, 43, 8, 7, 46, 0], [0, 27, 21, 47, 9, 31, 38, 50, 2, 25, 39, 0]]",7.956086178513942,0.21912562220611356,2.4492002077167854,0.4373156726360321,0.16080191042138248,0.23653294828352828,0.8811436485080115,0.9017304164454303,1.7214508056640625
0.0,0.0,9,True,133997,5,"[[0, 48, 15, 45, 11, 1, 41, 42, 14, 3, 16, 0], [0, 27, 35, 5, 36, 28, 26, 23, 30, 12, 49, 0], [0, 21, 47, 9, 31, 38, 50, 37, 10, 13, 17, 0], [0, 25, 2, 34, 33, 43, 8, 7, 22, 46, 39, 0], [0, 44, 20, 40, 24, 6, 19, 29, 4, 32, 18, 0]]",6.932914339704439,0.2294425577339199,2.1123081675032154,0.3278925148770213,0.13840567415148208,0.14545065105780516,0.8692131418479827,0.8947745718237915,0.8627427220344543
1.0,0.0,0,True,160101,5,"[[0, 27, 21, 47, 29, 32, 4, 6, 19, 24, 41, 0], [0, 40, 9, 31, 36, 7, 8, 43, 22, 46, 1, 0], [0, 39, 38, 50, 5, 33, 34, 18, 35, 10, 37, 0], [0, 48, 30, 23, 26, 28, 2, 25, 11, 45, 15, 0], [0, 42, 14, 3, 16, 20, 44, 17, 13, 12, 49, 0]]",3.22447318151535,0.06909761451990218,1.2514070338802412,0.1538219449243375,0.35099925736446913,0.1689228010720788,0.8065119821531088,0.7902205518050168,0.8069330453872681
1.0,0.0,1,True,160525,5,"[[0, 1, 41, 24, 19, 6, 4, 32, 29, 47, 21, 0], [0, 42, 14, 3, 9, 31, 38, 50, 5, 40, 49, 0], [0, 27, 10, 37, 13, 17, 44, 20, 16, 15, 48, 0], [0, 45, 11, 39, 25, 2, 28, 26, 23, 30, 12, 0], [0, 35, 18, 34, 33, 36, 7, 8, 43, 22, 46, 0]]",3.2977696115121944,0.07721564058652695,0.9790524394484237,0.14022701109449068,0.2324895303153922,0.08050659202324871,0.8080893926051891,0.7956281169791056,0.8069330453872681
1.0,0.0,2,True,160101,5,"[[0, 48, 15, 45, 11, 25, 2, 28, 26, 23, 30, 0], [0, 41, 24, 19, 6, 4, 32, 29, 47, 21, 27, 0], [0, 40, 9, 31, 36, 7, 8, 43, 22, 46, 1, 0], [0, 39, 38, 50, 5, 33, 34, 18, 35, 10, 37, 0], [0, 49, 12, 13, 17, 44, 20, 16, 3, 14, 42, 0]]",3.22404787967389,0.06909761451990218,1.2514070338802412,0.1538219449243375,0.3510455596019295,0.16895449882289465,0.8067360227063407,0.790324794132794,0.8069330453872681
1.0,0.0,3,True,160552,5,"[[0, 48, 40, 5, 50, 38, 31, 9, 47, 21, 27, 0], [0, 1, 41, 24, 19, 6, 29, 4, 32, 39, 11, 0], [0, 46, 22, 43, 8, 7, 36, 33, 34, 18, 35, 0], [0, 15, 45, 25, 2, 28, 26, 23, 30, 12, 49, 0], [0, 10, 37, 13, 17, 44, 20, 16, 3, 14, 42, 0]]",3.416396813103347,0.07655469809348385,0.9974885487463325,0.11074266272286575,0.2015783841997083,0.06380758777962459,0.8116039467219989,0.8031667547314548,0.8069330453872681
1.0,0.0,4,True,160149,5,"[[0, 40, 5, 36, 33, 34, 18, 35, 10, 37, 48, 0], [0, 41, 24, 19, 6, 4, 32, 29, 47, 21, 27, 0], [0, 15, 3, 16, 42, 14, 49, 13, 17, 44, 20, 0], [0, 1, 11, 45, 25, 2, 28, 26, 23, 30, 12, 0], [0, 46, 22, 7, 8, 43, 50, 38, 31, 9, 39, 0]]",3.5477419603412272,0.10295235006897538,1.2514070338802412,0.1538219449243375,0.2809892088977364,0.13111883780575168,0.8104726151287518,0.8017156700819623,0.8069330453872681
1.0,0.0,5,True,160101,5,"[[0, 49, 12, 13, 17, 44, 20, 16, 3, 14, 42, 0], [0, 37, 10, 35, 18, 34, 33, 5, 50, 38, 39, 0], [0, 41, 24, 19, 6, 4, 32, 29, 47, 21, 27, 0], [0, 15, 45, 11, 25, 2, 28, 26, 23, 30, 48, 0], [0, 1, 46, 22, 43, 8, 7, 36, 31, 9, 40, 0]]",3.224359835134237,0.06909761451990218,1.2514070338802412,0.1538219449243375,0.3509341964272883,0.1688910456880773,0.8083834182473832,0.7925676307910164,0.8069330453872681
1.0,0.0,6,True,160603,5,"[[0, 27, 35, 18, 34, 33, 5, 36, 31, 9, 39, 0], [0, 21, 47, 29, 32, 4, 6, 19, 24, 41, 1, 0], [0, 46, 22, 7, 8, 43, 50, 38, 3, 14, 42, 0], [0, 40, 10, 37, 13, 17, 44, 20, 16, 15, 48, 0], [0, 45, 11, 25, 2, 28, 26, 23, 30, 12, 49, 0]]",3.3965797106939135,0.08250391251887336,0.9890343889710493,0.11385371695671763,0.2057680160934423,0.0670744813531631,0.816717745555235,0.8033727675502029,0.8069330453872681
1.0,0.0,7,True,160101,5,"[[0, 49, 12, 13, 17, 44, 20, 16, 3, 14, 42, 0], [0, 40, 9, 31, 36, 7, 8, 43, 22, 46, 1, 0], [0, 37, 10, 35, 18, 34, 33, 5, 50, 38, 39, 0], [0, 48, 15, 45, 11, 25, 2, 28, 26, 23, 30, 0], [0, 41, 24, 19, 6, 4, 32, 29, 47, 21, 27, 0]]",3.224359835134237,0.06909761451990218,1.2514070338802412,0.1538219449243375,0.3509341964272883,0.1688910456880773,0.8083834182473832,0.7925676307910164,0.8069330453872681
1.0,0.0,8,True,160101,5,"[[0, 40, 9, 31, 36, 7, 8, 43, 22, 46, 1, 0], [0, 41, 24, 19, 6, 4, 32, 29, 47, 21, 27, 0], [0, 30, 23, 26, 28, 2, 25, 11, 45, 15, 48, 0], [0, 49, 12, 13, 17, 44, 20, 16, 3, 14, 42, 0], [0, 37, 10, 35, 18, 34, 33, 5, 50, 38, 39, 0]]",3.224359835134237,0.06909761451990218,1.2514070338802412,0.1538219449243375,0.3509341964272883,0.1688910456880773,0.8083834182473832,0.7925676307910164,0.8069330453872681
1.0,0.0,9,True,160101,5,"[[0, 15, 45, 11, 25, 2, 28, 26, 23, 30, 49, 0], [0, 12, 13, 17, 44, 20, 16, 3, 14, 42, 48, 0], [0, 39, 38, 50, 5, 33, 34, 18, 35, 10, 37, 0], [0, 41, 24, 19, 6, 4, 32, 29, 47, 21, 27, 0], [0, 40, 9, 31, 36, 7, 8, 43, 22, 46, 1, 0]]",3.22404787967389,0.06909761451990218,1.2514070338802412,0.1538219449243375,0.35015758919792606,0.16745691998181392,0.8067360227063407,0.790324794132794,0.8069330453872681
1.0,1.0,0,True,173329,5,"[[0, 15, 3, 16, 45, 25, 2, 28, 26, 23, 30, 0], [0, 42, 14, 49, 13, 17, 44, 29, 47, 21, 27, 0], [0, 37, 10, 35, 18, 34, 33, 5, 22, 46, 11, 0], [0, 20, 43, 8, 7, 36, 50, 38, 31, 9, 40, 0], [0, 48, 1, 39, 32, 4, 41, 24, 6, 19, 12, 0]]",2.3516666782234097,0.04558496591117647,0.998787919874303,0.16929166205227375,0.3704229450224328,0.10085432021802061,0.7483238359532187,0.7040794316759837,0.8069330453872681
1.0,1.0,1,True,172716,5,"[[0, 12, 30, 23, 26, 28, 2, 25, 16, 3, 15, 0], [0, 42, 14, 13, 17, 44, 29, 47, 21, 27, 48, 0], [0, 19, 6, 24, 41, 4, 32, 39, 45, 11, 1, 0], [0, 46, 22, 7, 8, 43, 50, 38, 31, 9, 40, 0], [0, 20, 36, 5, 33, 34, 18, 35, 10, 37, 49, 0]]",2.7428553579520667,0.05529732559178326,1.0069805992534384,0.12338183155017239,0.28231117902120784,0.07957253661134293,0.7765679467031379,0.7450221156847262,0.8069330453872681
1.0,1.0,2,True,172671,5,"[[0, 20, 36, 5, 33, 34, 18, 35, 10, 37, 49, 0], [0, 46, 22, 7, 8, 43, 50, 38, 31, 9, 40, 0], [0, 12, 19, 6, 24, 41, 4, 32, 39, 45, 1, 0], [0, 15, 3, 16, 11, 25, 2, 28, 26, 23, 30, 0], [0, 27, 21, 47, 29, 44, 17, 13, 14, 42, 48, 0]]",2.7360400468023727,0.05796532960874694,0.990912503155414,0.16929166205227375,0.27683911225729085,0.0761040612336696,0.7756877421621393,0.743732040355877,0.8069330453872681
1.0,1.0,3,True,172671,5,"[[0, 48, 27, 21, 47, 29, 44, 17, 13, 14, 42, 0], [0, 49, 37, 10, 35, 18, 34, 33, 5, 36, 20, 0], [0, 12, 19, 6, 24, 41, 4, 32, 39, 45, 1, 0], [0, 15, 3, 16, 11, 25, 2, 28, 26, 23, 30, 0], [0, 46, 22, 7, 8, 43, 50, 38, 31, 9, 40, 0]]",2.73635200226272,0.05796532960874694,0.990912503155414,0.16929166205227375,0.27671634813896606,0.0760543220439151,0.777729411171572,0.7467927737764919,0.8069330453872681
1.0,1.0,4,True,172878,5,"[[0, 49, 37, 10, 35, 18, 34, 33, 5, 36, 20, 0], [0, 12, 19, 6, 24, 41, 4, 29, 44, 17, 13, 0], [0, 40, 9, 31, 38, 50, 43, 8, 7, 22, 46, 0], [0, 42, 14, 3, 16, 15, 39, 32, 47, 21, 27, 0], [0, 48, 1, 11, 45, 25, 2, 28, 26, 23, 30, 0]]",2.1257090254075592,0.04387359059182927,1.01038095128024,0.10730196535587311,0.39306878721866423,0.10460925860274824,0.7318438859974523,0.6835508069458354,0.8069330453872681
1.0,1.0,5,True,173330,5,"[[0, 20, 43, 8, 7, 36, 50, 38, 31, 9, 40, 0], [0, 15, 3, 16, 45, 25, 2, 28, 26, 23, 30, 0], [0, 42, 14, 49, 13, 17, 44, 29, 47, 21, 27, 0], [0, 1, 11, 39, 32, 4, 41, 24, 6, 19, 12, 0], [0, 48, 46, 22, 5, 33, 34, 18, 35, 10, 37, 0]]",2.3513547227630625,0.04558496591117647,0.998787919874303,0.16929166205227375,0.3634233152546398,0.09844966721419537,0.7459448200115124,0.7005122906612797,0.8069330453872681
1.0,1.0,6,True,173537,5,"[[0, 40, 37, 10, 13, 17, 44, 29, 47, 21, 27, 0], [0, 20, 5, 50, 38, 31, 9, 3, 14, 42, 48, 0], [0, 15, 16, 39, 32, 4, 41, 24, 6, 19, 12, 0], [0, 46, 22, 43, 8, 7, 36, 33, 34, 18, 35, 0], [0, 49, 30, 23, 26, 28, 2, 25, 45, 11, 1, 0]]",2.5093097680801293,0.05590046482393518,1.0032238035346381,0.14022701109449068,0.2714363359677199,0.07099573204266885,0.7662445545902041,0.7282322968154672,0.8069330453872681
1.0,1.0,7,True,173338,5,"[[0, 49, 37, 10, 35, 18, 34, 33, 5, 36, 12, 0], [0, 25, 2, 28, 26, 23, 30, 13, 17, 44, 20, 0], [0, 48, 1, 39, 11, 45, 15, 16, 3, 14, 42, 0], [0, 19, 6, 24, 41, 4, 32, 29, 47, 21, 27, 0], [0, 46, 22, 7, 8, 43, 50, 38, 31, 9, 40, 0]]",3.018864940138883,0.06165529694408178,1.1861643955198815,0.14667402234460628,0.34228582957972864,0.13861216729874143,0.7990868380461484,0.7749521079774139,0.8069330453872681
1.0,1.0,8,True,173189,5,"[[0, 12, 13, 17, 44, 20, 16, 3, 14, 42, 48, 0], [0, 15, 45, 11, 25, 2, 28, 26, 23, 30, 49, 0], [0, 19, 6, 24, 41, 4, 32, 29, 47, 21, 27, 0], [0, 1, 46, 22, 43, 8, 7, 36, 31, 9, 40, 0], [0, 37, 10, 35, 18, 34, 33, 5, 50, 38, 39, 0]]",2.8021909102535574,0.05638039175813135,0.9814204526483081,0.14022701109449068,0.30398109674650775,0.09348562019821065,0.7913399233203551,0.7667592508294037,0.8069330453872681
1.0,1.0,9,True,173513,5,"[[0, 13, 17, 44, 29, 4, 41, 24, 6, 19, 12, 0], [0, 20, 5, 33, 34, 18, 35, 10, 37, 40, 49, 0], [0, 36, 50, 38, 31, 9, 43, 8, 7, 22, 46, 0], [0, 42, 14, 3, 16, 15, 39, 32, 47, 21, 27, 0], [0, 48, 1, 45, 11, 25, 2, 28, 26, 23, 30, 0]]",2.343755229943781,0.046005684403436525,1.01038095128024,0.10730196535587311,0.335202950254051,0.08851258655146504,0.7467044433085819,0.7006430262175007,0.8069330453872681
