beta,lambda_concentration,seed,is_feasible,pyvrp_cost,num_routes,routes,global_risk,global_cvar90,max_vehicle_risk,max_vehicle_cvar90,vehicle_risk_gini,risk_variance,edge_burden_gini_used,top10_burden_share,max_edge_burden
0.0,0.0,0,True,133997,5,"[[0, 14, 42, 41, 1, 45, 11, 15, 3, 16, 48, 0], [0, 18, 32, 4, 29, 19, 6, 24, 40, 20, 44, 0], [0, 27, 35, 5, 36, 28, 26, 23, 30, 12, 49, 0], [0, 46, 22, 7, 8, 43, 33, 34, 2, 25, 39, 0], [0, 17, 13, 10, 37, 50, 38, 31, 9, 47, 21, 0]]",7.634002479928313,0.19705435335088303,2.3781167211709544,0.34715424478054047,0.16575426067111443,0.2317424299855161,0.8362041043646484,0.8697845205147433,1.0091875791549683
0.0,0.0,1,True,133997,5,"[[0, 17, 13, 10, 37, 50, 38, 31, 9, 47, 21, 0], [0, 18, 32, 4, 29, 6, 19, 24, 40, 20, 44, 0], [0, 14, 42, 41, 1, 11, 45, 15, 3, 16, 48, 0], [0, 46, 22, 7, 8, 43, 33, 34, 2, 25, 39, 0], [0, 27, 35, 5, 36, 28, 26, 23, 30, 12, 49, 0]]",7.634002479928313,0.19705435335088303,2.3781167211709544,0.34715424478054047,0.16575426067111443,0.2317424299855161,0.8362041043646484,0.8697845205147433,1.0091875791549683
0.0,0.0,2,True,133998,5,"[[0, 16, 3, 15, 45, 11, 1, 41, 42, 14, 48, 0], [0, 25, 2, 34, 33, 43, 8, 7, 22, 46, 39, 0], [0, 38, 31, 9, 47, 21, 27, 23, 30, 49, 12, 0], [0, 26, 28, 36, 5, 35, 10, 37, 50, 13, 17, 0], [0, 44, 20, 40, 24, 6, 19, 29, 4, 32, 18, 0]]",9.4237139201432,0.32303037265172374,2.739471782115288,0.45001529455184935,0.2242506900435779,0.617890993883302,0.8444368416232304,0.8678586723147446,1.0091875791549683
0.0,0.0,3,True,133998,5,"[[0, 12, 49, 30, 23, 26, 28, 36, 5, 20, 44, 0], [0, 14, 42, 41, 1, 45, 11, 15, 3, 16, 48, 0], [0, 27, 35, 10, 37, 50, 38, 31, 9, 47, 21, 0], [0, 25, 2, 34, 33, 43, 8, 7, 22, 46, 39, 0], [0, 18, 32, 4, 29, 19, 6, 24, 40, 13, 17, 0]]",7.173070095101139,0.19476172197028063,2.3043463230133057,0.3472927558856706,0.2340617551436619,0.35471204791178507,0.8361774533589796,0.8652779008024932,1.0091875791549683
0.0,0.0,4,True,133997,5,"[[0, 48, 14, 42, 41, 1, 45, 11, 15, 3, 16, 0], [0, 44, 20, 40, 24, 19, 6, 4, 32, 29, 12, 0], [0, 25, 2, 34, 33, 43, 8, 7, 22, 46, 39, 0], [0, 27, 35, 5, 36, 28, 26, 23, 30, 18, 49, 0], [0, 17, 13, 10, 37, 50, 38, 31, 9, 47, 21, 0]]",8.615895027847728,0.21427595747324327,3.2445307665038854,0.5948245704174042,0.2797136811209,0.7920897389181695,0.8596882031610984,0.8883608280951306,1.7115010023117065
0.0,0.0,5,True,133999,5,"[[0, 16, 3, 14, 42, 41, 1, 45, 39, 11, 15, 0], [0, 18, 32, 4, 29, 6, 19, 24, 40, 20, 44, 0], [0, 25, 2, 34, 33, 35, 10, 37, 50, 13, 17, 0], [0, 46, 22, 7, 8, 43, 5, 36, 28, 26, 12, 0], [0, 48, 38, 31, 9, 47, 21, 27, 23, 30, 49, 0]]",9.764408012822969,0.3237559127586859,2.3781167211709544,0.32895294986665247,0.09548161861762816,0.11394033165171003,0.8426779347050375,0.8577604260737846,1.0091875791549683
0.0,0.0,6,True,133997,5,"[[0, 16, 3, 14, 42, 41, 1, 45, 11, 39, 48, 0], [0, 15, 46, 22, 7, 8, 43, 17, 13, 18, 49, 0], [0, 27, 35, 10, 37, 50, 38, 31, 9, 47, 21, 0], [0, 12, 29, 4, 32, 6, 19, 24, 40, 20, 44, 0], [0, 25, 2, 34, 33, 5, 36, 28, 26, 23, 30, 0]]",8.840111252953648,0.22647075150161983,2.275288626551628,0.3802129354327917,0.13869306109927515,0.20059969176048376,0.8644248935697385,0.893744032908314,1.7115010023117065
0.0,0.0,7,True,133998,5,"[[0, 13, 17, 43, 33, 34, 5, 2, 25, 45, 11, 0], [0, 16, 1, 41, 42, 12, 49, 14, 3, 15, 48, 0], [0, 44, 20, 40, 24, 19, 6, 29, 4, 32, 18, 0], [0, 30, 23, 26, 28, 36, 8, 7, 22, 46, 39, 0], [0, 21, 47, 9, 31, 38, 50, 37, 10, 35, 27, 0]]",8.488577218391583,0.2158482956833073,2.7443053505849093,0.309657505314265,0.21608037511101807,0.5085915709203899,0.8424176815237838,0.8679969886866662,1.0091875791549683
0.0,0.0,8,True,133998,5,"[[0, 48, 14, 42, 41, 1, 45, 11, 15, 3, 16, 0], [0, 49, 18, 12, 29, 32, 4, 6, 19, 24, 40, 0], [0, 44, 20, 34, 33, 5, 36, 28, 26, 23, 30, 0], [0, 17, 13, 37, 10, 35, 22, 43, 8, 7, 46, 0], [0, 27, 21, 47, 9, 31, 38, 50, 2, 25, 39, 0]]",8.690546521655051,0.29549234811789715,2.991844721720554,0.5428117275238037,0.18439414574934387,0.42763499705045555,0.8578861156053115,0.8860092924377709,1.7115010023117065
0.0,0.0,9,True,133997,5,"[[0, 48, 15, 45, 11, 1, 41, 42, 14, 3, 16, 0], [0, 27, 35, 5, 36, 28, 26, 23, 30, 12, 49, 0], [0, 21, 47, 9, 31, 38, 50, 37, 10, 13, 17, 0], [0, 25, 2, 34, 33, 43, 8, 7, 22, 46, 39, 0], [0, 44, 20, 40, 24, 6, 19, 29, 4, 32, 18, 0]]",7.287919291033177,0.19264327449667634,2.3724719471065328,0.34715424478054047,0.21008022317599084,0.3331516198839619,0.8371917202051455,0.8664248818006848,1.0091875791549683
0.5,0.0,0,True,150235,5,"[[0, 27, 35, 10, 37, 50, 38, 31, 9, 47, 21, 0], [0, 15, 45, 11, 39, 25, 2, 28, 26, 23, 30, 0], [0, 18, 32, 4, 29, 6, 19, 24, 41, 1, 48, 0], [0, 12, 49, 13, 17, 44, 20, 16, 3, 14, 42, 0], [0, 40, 5, 36, 34, 33, 43, 8, 7, 22, 46, 0]]",4.57010286579316,0.12842877481931023,2.20533866470214,0.245238799136132,0.3848207389336573,0.4836448856573459,0.7883671205092688,0.8003529984460173,0.8557505011558533
0.5,0.0,1,True,150235,5,"[[0, 12, 49, 13, 17, 44, 20, 16, 3, 14, 42, 0], [0, 18, 32, 4, 29, 6, 19, 24, 41, 1, 48, 0], [0, 40, 36, 5, 34, 33, 43, 8, 7, 22, 46, 0], [0, 15, 45, 39, 11, 25, 2, 28, 26, 23, 30, 0], [0, 27, 35, 10, 37, 50, 38, 31, 9, 47, 21, 0]]",4.57010286579316,0.12842877481931023,2.20533866470214,0.245238799136132,0.3848207389336573,0.4836448856573459,0.7883671205092688,0.8003529984460173,0.8557505011558533
0.5,0.0,2,True,150240,5,"[[0, 42, 41, 24, 19, 6, 29, 4, 32, 18, 12, 0], [0, 20, 44, 17, 13, 49, 14, 3, 16, 1, 48, 0], [0, 40, 36, 5, 34, 33, 43, 8, 7, 22, 46, 0], [0, 30, 23, 26, 28, 2, 25, 11, 45, 39, 15, 0], [0, 27, 35, 10, 37, 50, 38, 31, 9, 47, 21, 0]]",4.572100274715922,0.12838798289054207,2.315982877393253,0.34620706488688785,0.4084906486728803,0.5629217067923377,0.7865053729117075,0.7966257984531357,0.8557505011558533
0.5,0.0,3,True,150235,5,"[[0, 12, 49, 13, 17, 44, 20, 16, 3, 14, 42, 0], [0, 30, 23, 26, 28, 2, 25, 11, 45, 39, 15, 0], [0, 21, 47, 9, 31, 38, 50, 37, 10, 35, 27, 0], [0, 18, 32, 4, 29, 6, 19, 24, 41, 1, 48, 0], [0, 40, 5, 36, 34, 33, 43, 8, 7, 22, 46, 0]]",4.57010286579316,0.12842877481931023,2.20533866470214,0.245238799136132,0.3848207389336573,0.4836448856573459,0.7883671205092688,0.8003529984460173,0.8557505011558533
0.5,0.0,4,True,150240,5,"[[0, 12, 18, 32, 4, 29, 6, 19, 24, 41, 42, 0], [0, 27, 35, 10, 37, 50, 38, 31, 9, 47, 21, 0], [0, 20, 44, 17, 13, 49, 14, 3, 16, 1, 48, 0], [0, 15, 11, 45, 39, 25, 2, 28, 26, 23, 30, 0], [0, 40, 36, 5, 34, 33, 43, 8, 7, 22, 46, 0]]",4.571979575775913,0.12842877481931023,2.3158621784532443,0.34639742722113925,0.4084803129391077,0.562854042264445,0.7870194740837977,0.796896649596375,0.8557505011558533
0.5,0.0,5,True,150236,5,"[[0, 15, 45, 39, 11, 25, 2, 28, 26, 23, 30, 0], [0, 46, 22, 7, 8, 43, 33, 34, 36, 5, 40, 0], [0, 49, 13, 17, 44, 20, 16, 3, 14, 42, 48, 0], [0, 12, 18, 32, 4, 29, 6, 19, 24, 41, 1, 0], [0, 27, 35, 10, 37, 50, 38, 31, 9, 47, 21, 0]]",4.907846732516191,0.13577529229223728,2.205345955095254,0.21894061461918884,0.33044326264665314,0.4210665376805426,0.7955753503949272,0.8120549105396082,0.8557505011558533
0.5,0.0,6,True,150236,5,"[[0, 46, 22, 7, 8, 43, 33, 34, 36, 5, 40, 0], [0, 27, 35, 10, 37, 50, 38, 31, 9, 47, 21, 0], [0, 11, 45, 39, 25, 2, 28, 26, 23, 30, 12, 0], [0, 18, 32, 4, 29, 6, 19, 24, 41, 1, 48, 0], [0, 42, 14, 3, 15, 16, 20, 44, 17, 13, 49, 0]]",4.909675746821449,0.13577529229223728,2.20533866470214,0.245238799136132,0.33031995536773695,0.4207664053561292,0.7949863578997802,0.81244186992761,0.8557505011558533
0.5,0.0,7,True,150235,5,"[[0, 42, 14, 3, 16, 20, 44, 17, 13, 49, 12, 0], [0, 27, 35, 10, 37, 50, 38, 31, 9, 47, 21, 0], [0, 18, 32, 4, 29, 6, 19, 24, 41, 1, 48, 0], [0, 46, 22, 7, 8, 43, 33, 34, 36, 5, 40, 0], [0, 15, 39, 45, 11, 25, 2, 28, 26, 23, 30, 0]]",4.909109605461708,0.13577529229223728,2.20533866470214,0.245238799136132,0.3302535733585319,0.42082645637385746,0.7951277350755328,0.8118460086695718,0.8557505011558533
0.5,0.0,8,True,150235,5,"[[0, 48, 1, 41, 24, 19, 6, 29, 4, 32, 18, 0], [0, 30, 23, 26, 28, 2, 25, 39, 11, 45, 15, 0], [0, 46, 22, 7, 8, 43, 33, 34, 36, 5, 40, 0], [0, 27, 35, 10, 37, 50, 38, 31, 9, 47, 21, 0], [0, 12, 49, 13, 17, 44, 20, 16, 3, 14, 42, 0]]",4.9067045585106825,0.13573590698170251,2.2041964906966314,0.24509602738544345,0.33033217709732887,0.42050271570103825,0.7955441221758701,0.8120111610142221,0.8557505011558533
0.5,0.0,9,True,150235,5,"[[0, 27, 35, 10, 37, 50, 38, 31, 9, 47, 21, 0], [0, 30, 23, 26, 28, 2, 25, 39, 11, 45, 15, 0], [0, 48, 1, 41, 24, 19, 6, 29, 4, 32, 18, 0], [0, 42, 14, 3, 16, 20, 44, 17, 13, 49, 12, 0], [0, 40, 5, 36, 34, 33, 43, 8, 7, 22, 46, 0]]",4.570223564733169,0.12838798289054207,2.2041964906966314,0.24509602738544345,0.38461064272149414,0.4828542144064321,0.7878502753097474,0.8000819447991864,0.8557505011558533
1.0,0.0,0,True,160097,5,"[[0, 40, 10, 37, 13, 17, 44, 20, 16, 3, 14, 0], [0, 42, 41, 24, 6, 19, 29, 4, 32, 39, 15, 0], [0, 49, 12, 36, 5, 50, 38, 31, 9, 47, 21, 0], [0, 1, 11, 45, 25, 2, 28, 26, 23, 30, 48, 0], [0, 46, 22, 7, 8, 43, 33, 34, 18, 35, 27, 0]]",3.444539207004709,0.08997135837044981,1.1964983234356623,0.15344539135694504,0.2436029703222764,0.09794568285161795,0.733494710681144,0.7287456970265958,0.5045937895774841
1.0,0.0,1,True,160062,5,"[[0, 48, 1, 16, 20, 44, 17, 13, 37, 10, 27, 0], [0, 21, 47, 9, 31, 38, 50, 5, 36, 40, 12, 0], [0, 42, 41, 24, 6, 19, 29, 4, 32, 39, 11, 0], [0, 14, 3, 15, 25, 2, 28, 26, 23, 30, 49, 0], [0, 35, 18, 34, 33, 43, 8, 7, 22, 46, 45, 0]]",3.2152845647506183,0.0827147379103634,1.1941694339038804,0.16358297287176052,0.2829695089449964,0.11078176719928526,0.7240874004310356,0.7171089177349231,0.5045937895774841
1.0,0.0,2,True,159975,5,"[[0, 27, 35, 18, 34, 33, 36, 31, 9, 47, 21, 0], [0, 48, 20, 44, 17, 13, 37, 10, 40, 12, 49, 0], [0, 1, 16, 15, 45, 25, 2, 28, 26, 23, 30, 0], [0, 42, 41, 24, 6, 19, 29, 4, 32, 39, 11, 0], [0, 46, 22, 7, 8, 43, 5, 50, 38, 3, 14, 0]]",3.42138568192604,0.08997135837044981,1.1941694339038804,0.16358297287176052,0.24012975940305803,0.09145672083196558,0.7353151056494249,0.7286753172592814,0.5045937895774841
1.0,0.0,3,True,159975,5,"[[0, 48, 49, 12, 40, 10, 37, 13, 17, 44, 20, 0], [0, 27, 35, 18, 34, 33, 36, 31, 9, 47, 21, 0], [0, 1, 16, 15, 45, 25, 2, 28, 26, 23, 30, 0], [0, 42, 41, 24, 6, 19, 29, 4, 32, 39, 11, 0], [0, 46, 22, 7, 8, 43, 5, 50, 38, 3, 14, 0]]",3.42138568192604,0.08997135837044981,1.1941694339038804,0.16358297287176052,0.24012975940305803,0.09145672083196558,0.7353151056494249,0.7286753172592814,0.5045937895774841
1.0,0.0,4,True,159291,5,"[[0, 20, 44, 38, 50, 5, 43, 8, 7, 22, 46, 0], [0, 15, 45, 11, 39, 32, 4, 29, 47, 21, 27, 0], [0, 30, 23, 26, 28, 2, 25, 16, 3, 14, 42, 0], [0, 37, 10, 35, 18, 34, 33, 36, 31, 9, 40, 0], [0, 1, 41, 24, 19, 6, 17, 13, 12, 49, 48, 0]]",2.960136771405814,0.05386160848368155,0.9454806622525211,0.10740506542580468,0.25587853966927754,0.07230627495399303,0.7037858899799869,0.6910697316172435,0.5045937895774841
1.0,0.0,5,True,159975,5,"[[0, 48, 20, 44, 17, 13, 37, 10, 40, 49, 12, 0], [0, 27, 35, 18, 34, 33, 36, 31, 9, 47, 21, 0], [0, 46, 22, 7, 8, 43, 5, 50, 38, 3, 14, 0], [0, 1, 16, 15, 45, 25, 2, 28, 26, 23, 30, 0], [0, 11, 39, 32, 4, 29, 19, 6, 24, 41, 42, 0]]",3.4201228089805227,0.08997135837044981,1.1929065609583631,0.16358297287176052,0.23992302852836733,0.09119940433259224,0.7359274535565554,0.7289443790432081,0.5045937895774841
1.0,0.0,6,True,159291,5,"[[0, 27, 21, 47, 29, 4, 32, 39, 11, 45, 15, 0], [0, 20, 44, 38, 50, 5, 43, 8, 7, 22, 46, 0], [0, 1, 41, 24, 19, 6, 17, 13, 12, 49, 48, 0], [0, 30, 23, 26, 28, 2, 25, 16, 3, 14, 42, 0], [0, 40, 9, 31, 36, 33, 34, 18, 35, 10, 37, 0]]",2.9619827542628627,0.05386160848368155,0.9454806622525211,0.10740506542580468,0.25522048935465325,0.07202835956140646,0.7007793414926642,0.6881545238939821,0.5045937895774841
1.0,0.0,7,True,159975,5,"[[0, 48, 20, 44, 17, 13, 10, 37, 40, 12, 49, 0], [0, 14, 3, 38, 50, 5, 43, 8, 7, 22, 46, 0], [0, 1, 16, 15, 45, 25, 2, 28, 26, 23, 30, 0], [0, 42, 41, 24, 6, 19, 29, 4, 32, 39, 11, 0], [0, 21, 47, 9, 31, 36, 33, 34, 18, 35, 27, 0]]",3.0854877980600577,0.06341791005038164,1.1941694339038804,0.16358297287176052,0.320112612032067,0.1282270412752267,0.7128713660679311,0.7010524743260779,0.5045937895774841
1.0,0.0,8,True,159976,5,"[[0, 46, 22, 7, 8, 43, 36, 31, 9, 47, 21, 0], [0, 42, 41, 24, 6, 19, 29, 4, 32, 39, 11, 0], [0, 30, 23, 26, 28, 2, 25, 45, 15, 16, 1, 0], [0, 14, 3, 38, 50, 5, 33, 34, 18, 35, 27, 0], [0, 12, 49, 40, 10, 37, 13, 17, 44, 20, 48, 0]]",3.4232316647830885,0.08997135837044981,1.1941694339038804,0.16358297287176052,0.23271697352762044,0.08559064381525922,0.7340853645479335,0.728282377991439,0.5045937895774841
1.0,0.0,9,True,160205,5,"[[0, 48, 45, 11, 25, 2, 28, 26, 23, 30, 49, 0], [0, 1, 46, 22, 7, 8, 43, 5, 50, 38, 39, 0], [0, 41, 24, 6, 19, 29, 4, 32, 47, 21, 27, 0], [0, 42, 16, 15, 3, 14, 12, 13, 17, 44, 20, 0], [0, 37, 10, 35, 18, 34, 33, 36, 31, 9, 40, 0]]",3.228742986699217,0.060365163034906515,1.4794820168754086,0.15705365594476461,0.3206763841253024,0.18737136815558356,0.7193963702801118,0.7080621143513394,0.5045937895774841
1.5,0.0,0,True,167888,5,"[[0, 27, 10, 37, 13, 17, 44, 20, 16, 1, 48, 0], [0, 21, 47, 29, 19, 6, 24, 41, 4, 32, 39, 0], [0, 40, 9, 31, 36, 5, 50, 38, 3, 14, 42, 0], [0, 49, 12, 30, 23, 26, 28, 2, 25, 11, 45, 0], [0, 15, 46, 22, 7, 8, 43, 33, 34, 18, 35, 0]]",2.7131179488351336,0.05318340551898335,0.7323290156346047,0.07674054109624454,0.1154500386099746,0.012846478076800876,0.6732721868294398,0.6564034476322022,0.40860632061958313
1.5,0.0,1,True,167549,5,"[[0, 48, 27, 21, 47, 29, 44, 20, 16, 42, 14, 0], [0, 37, 10, 35, 18, 34, 33, 50, 38, 3, 15, 0], [0, 1, 11, 45, 25, 2, 28, 26, 23, 30, 12, 0], [0, 49, 13, 17, 6, 19, 24, 41, 4, 32, 39, 0], [0, 40, 9, 31, 36, 5, 43, 8, 7, 22, 46, 0]]",2.4125116494251415,0.0402167951170769,0.9472091248026118,0.07643252404199706,0.30661908423763573,0.07597504725866026,0.6352465246279442,0.6112966549869094,0.40860632061958313
1.5,0.0,2,True,167650,5,"[[0, 27, 21, 47, 29, 4, 32, 39, 16, 3, 15, 0], [0, 37, 10, 35, 18, 34, 33, 36, 31, 9, 40, 0], [0, 20, 44, 38, 50, 5, 43, 8, 7, 22, 46, 0], [0, 1, 45, 11, 25, 2, 28, 26, 23, 30, 12, 0], [0, 14, 42, 41, 24, 19, 6, 17, 13, 49, 48, 0]]",2.9664901375072077,0.05386160848368155,0.9433649195125327,0.10740506542580468,0.2719929978167195,0.08762689855410555,0.7007144045479929,0.6895896596119329,0.5045937895774841
1.5,0.0,3,True,167636,5,"[[0, 1, 16, 3, 15, 25, 2, 28, 26, 23, 30, 0], [0, 14, 42, 41, 24, 6, 19, 17, 13, 49, 12, 0], [0, 20, 44, 38, 50, 5, 43, 8, 7, 22, 46, 0], [0, 37, 10, 35, 18, 34, 33, 36, 31, 9, 40, 0], [0, 48, 45, 11, 39, 32, 4, 29, 47, 21, 27, 0]]",2.964736977563007,0.05386160848368155,0.9436250196304172,0.10741697411452021,0.2735965025136522,0.08954136683575349,0.702884773733923,0.6924804457355639,0.5045937895774841
1.5,0.0,4,True,167617,5,"[[0, 48, 42, 41, 24, 19, 6, 17, 13, 49, 12, 0], [0, 1, 16, 45, 11, 25, 2, 28, 26, 23, 30, 0], [0, 46, 22, 7, 8, 43, 5, 50, 38, 44, 20, 0], [0, 27, 21, 47, 29, 4, 32, 39, 15, 3, 14, 0], [0, 40, 9, 31, 36, 33, 34, 18, 35, 10, 37, 0]]",3.306946835917188,0.08464921603876131,0.9688237829541322,0.1094561155885458,0.23368382399764753,0.07801819617731001,0.7247336519468659,0.7187342391132701,0.5045937895774841
1.5,0.0,5,True,167549,5,"[[0, 1, 11, 25, 2, 28, 26, 23, 30, 49, 12, 0], [0, 37, 10, 35, 18, 34, 33, 36, 31, 9, 40, 0], [0, 48, 27, 21, 47, 29, 44, 20, 16, 42, 14, 0], [0, 15, 3, 38, 50, 5, 43, 8, 7, 22, 46, 0], [0, 45, 39, 32, 4, 41, 24, 6, 19, 17, 13, 0]]",2.4125116494251415,0.0402167951170769,0.9472091248026118,0.07643252404199706,0.30797324415484506,0.07595202818528898,0.6352465246279442,0.6112966549869094,0.40860632061958313
1.5,0.0,6,True,167548,5,"[[0, 1, 45, 11, 25, 2, 28, 26, 23, 30, 12, 0], [0, 49, 13, 17, 6, 19, 24, 41, 4, 32, 39, 0], [0, 48, 27, 21, 47, 29, 44, 20, 16, 42, 14, 0], [0, 40, 9, 31, 36, 33, 34, 18, 35, 10, 37, 0], [0, 46, 22, 7, 8, 43, 5, 50, 38, 3, 15, 0]]",2.752101499005221,0.048358983939161174,0.9472091248026118,0.07643252404199706,0.22070050101382366,0.054354290268922745,0.6702962444514158,0.6537270052662486,0.40860632061958313
1.5,0.0,7,True,168270,5,"[[0, 11, 45, 46, 22, 7, 8, 43, 33, 34, 48, 0], [0, 42, 14, 3, 38, 50, 5, 36, 31, 9, 40, 0], [0, 1, 16, 15, 25, 2, 28, 26, 23, 30, 49, 0], [0, 27, 21, 47, 29, 4, 41, 24, 6, 19, 12, 0], [0, 20, 44, 17, 13, 37, 10, 35, 18, 32, 39, 0]]",2.686693830983131,0.04918123595416546,0.7026649892795831,0.07515029422938824,0.09857533355282833,0.009721850742951189,0.664596188787955,0.6439418724396353,0.40860632061958313
1.5,0.0,8,True,168287,5,"[[0, 20, 44, 17, 13, 37, 10, 35, 18, 32, 39, 0], [0, 1, 16, 42, 14, 3, 38, 50, 5, 33, 34, 0], [0, 49, 30, 23, 26, 28, 2, 25, 11, 45, 15, 0], [0, 46, 22, 7, 8, 43, 36, 31, 9, 40, 48, 0], [0, 12, 19, 6, 24, 41, 4, 29, 47, 21, 27, 0]]",2.674031765185646,0.05164328019953135,0.6886172335362062,0.07514250800013542,0.09398508527043048,0.008454232950724097,0.66537370595919,0.6478561451970745,0.40860632061958313
1.5,0.0,9,True,167678,5,"[[0, 13, 17, 38, 50, 5, 43, 8, 7, 22, 46, 0], [0, 37, 10, 35, 18, 34, 33, 36, 31, 9, 40, 0], [0, 42, 14, 6, 19, 24, 41, 4, 32, 39, 1, 0], [0, 11, 45, 25, 2, 28, 26, 23, 30, 12, 49, 0], [0, 27, 21, 47, 29, 44, 20, 16, 3, 15, 48, 0]]",2.4281750492518768,0.03855051673752697,0.7794251289451495,0.07674054109624454,0.28070435624283463,0.06326986385878205,0.6301028534617674,0.6073533709461844,0.40860632061958313
2.0,0.0,0,True,173829,5,"[[0, 27, 21, 47, 32, 39, 15, 3, 14, 42, 48, 0], [0, 30, 23, 26, 28, 2, 25, 11, 45, 16, 1, 0], [0, 12, 19, 6, 24, 41, 4, 29, 44, 17, 13, 0], [0, 40, 9, 31, 38, 50, 43, 8, 7, 22, 46, 0], [0, 20, 5, 36, 33, 34, 18, 35, 10, 37, 49, 0]]",2.016711560296244,0.030717181644457227,0.8109804786217865,0.07419375097379088,0.29904849742211836,0.05259969258787508,0.5755411670448238,0.5374334677744796,0.40860632061958313
2.0,0.0,1,True,173897,5,"[[0, 1, 25, 2, 28, 26, 23, 30, 14, 3, 15, 0], [0, 48, 42, 16, 11, 45, 39, 32, 47, 21, 27, 0], [0, 49, 37, 10, 35, 18, 34, 33, 36, 5, 20, 0], [0, 46, 22, 7, 8, 43, 50, 38, 31, 9, 40, 0], [0, 12, 19, 6, 24, 41, 4, 29, 44, 17, 13, 0]]",2.3597029604861746,0.039596055927021166,0.7776080404873937,0.07514203451573849,0.23527483399856353,0.04040013260824803,0.630104093467629,0.5999906403974653,0.40860632061958313
2.0,0.0,2,True,173594,5,"[[0, 14, 42, 16, 45, 11, 39, 32, 47, 21, 27, 0], [0, 1, 25, 2, 28, 26, 23, 30, 49, 12, 48, 0], [0, 40, 9, 31, 36, 33, 34, 18, 35, 10, 37, 0], [0, 20, 44, 29, 4, 41, 24, 6, 19, 17, 13, 0], [0, 15, 3, 38, 50, 5, 43, 8, 7, 22, 46, 0]]",2.1203836646163836,0.03253505384283406,0.8038057135418057,0.0741833308711648,0.28680147523982935,0.04996512920627154,0.5803191543464679,0.547914436715885,0.40860632061958313
2.0,0.0,3,True,173614,5,"[[0, 27, 21, 47, 32, 39, 15, 3, 14, 42, 48, 0], [0, 40, 9, 31, 36, 5, 43, 8, 7, 22, 46, 0], [0, 30, 23, 26, 28, 2, 25, 11, 45, 16, 1, 0], [0, 49, 12, 19, 6, 24, 41, 4, 29, 44, 20, 0], [0, 13, 17, 38, 50, 33, 34, 18, 35, 10, 37, 0]]",2.1145294130255934,0.03253505384283406,0.8109804786217865,0.07419375097379088,0.2825978027169962,0.04959905876765554,0.5859573007967722,0.5527503588684678,0.40860632061958313
2.0,0.0,4,True,173558,5,"[[0, 27, 21, 47, 32, 39, 45, 15, 16, 42, 48, 0], [0, 13, 17, 19, 6, 24, 41, 4, 29, 44, 20, 0], [0, 14, 3, 38, 50, 5, 43, 8, 7, 22, 46, 0], [0, 40, 9, 31, 36, 33, 34, 18, 35, 10, 37, 0], [0, 12, 49, 30, 23, 26, 28, 2, 25, 11, 1, 0]]",2.116551930521382,0.03253505384283406,0.7784334065800067,0.07419375097379088,0.26932056554431183,0.04424801738837113,0.5873033867801272,0.5521549462646591,0.40860632061958313
2.0,0.0,5,True,174271,5,"[[0, 12, 19, 6, 24, 41, 4, 29, 47, 21, 27, 0], [0, 48, 20, 44, 17, 13, 14, 3, 15, 16, 42, 0], [0, 39, 32, 18, 35, 10, 37, 34, 33, 5, 36, 0], [0, 40, 9, 31, 38, 50, 43, 8, 7, 22, 46, 0], [0, 1, 11, 45, 25, 2, 28, 26, 23, 30, 49, 0]]",2.3462429801147664,0.04054986647165874,0.6886172335362062,0.058271928876638415,0.18096915790838297,0.024767054323273648,0.6338990978964301,0.6066641859148826,0.40860632061958313
2.0,0.0,6,True,174417,5,"[[0, 9, 31, 38, 50, 33, 34, 18, 35, 10, 37, 0], [0, 1, 16, 3, 15, 45, 39, 32, 47, 21, 27, 0], [0, 48, 13, 17, 43, 8, 7, 36, 5, 22, 46, 0], [0, 11, 25, 2, 28, 26, 23, 30, 49, 14, 42, 0], [0, 12, 40, 19, 6, 24, 41, 4, 29, 44, 20, 0]]",2.3024823361629387,0.03495495241919631,0.6586301618663128,0.06887119977424543,0.20062090219262618,0.028465641588865703,0.6089257515393456,0.5815506009439825,0.40860632061958313
2.0,0.0,7,True,173558,5,"[[0, 27, 21, 47, 32, 39, 45, 11, 15, 16, 42, 0], [0, 40, 9, 31, 36, 5, 43, 8, 7, 22, 46, 0], [0, 13, 17, 19, 6, 24, 41, 4, 29, 44, 20, 0], [0, 12, 49, 30, 23, 26, 28, 2, 25, 1, 48, 0], [0, 37, 10, 35, 18, 34, 33, 50, 38, 3, 14, 0]]",2.1147059476643335,0.03253505384283406,0.7779601596703287,0.0741833308711648,0.2716210811272459,0.044402200283332235,0.5913722171351785,0.5561168969549172,0.40860632061958313
2.0,0.0,8,True,174589,5,"[[0, 14, 42, 16, 20, 44, 17, 13, 37, 10, 27, 0], [0, 35, 18, 34, 33, 43, 8, 7, 22, 46, 45, 0], [0, 12, 30, 23, 26, 28, 2, 25, 11, 1, 48, 0], [0, 21, 47, 29, 19, 6, 24, 41, 4, 32, 39, 0], [0, 49, 40, 9, 31, 36, 5, 50, 38, 3, 15, 0]]",2.380383719704696,0.04417420626850799,0.8708080393407727,0.09582504816353321,0.2928953539435011,0.06337399472811053,0.6316609597509668,0.6088002121696893,0.40860632061958313
2.0,0.0,9,True,173784,5,"[[0, 42, 16, 3, 15, 45, 39, 32, 47, 21, 27, 0], [0, 40, 9, 31, 36, 5, 43, 8, 7, 22, 46, 0], [0, 1, 11, 25, 2, 28, 26, 23, 30, 14, 48, 0], [0, 37, 10, 35, 18, 34, 33, 50, 38, 17, 13, 0], [0, 12, 49, 6, 19, 24, 41, 4, 29, 44, 20, 0]]",2.1357124584901612,0.031238970170552667,0.7709115125180688,0.0741833308711648,0.2743181458276911,0.045520547861170164,0.5815288340496381,0.5495229905426069,0.40860632061958313
3.0,0.0,0,True,185393,5,"[[0, 40, 9, 31, 36, 33, 34, 18, 35, 10, 37, 0], [0, 20, 44, 29, 4, 41, 24, 19, 6, 17, 13, 0], [0, 27, 21, 47, 32, 39, 11, 16, 42, 14, 48, 0], [0, 46, 22, 7, 8, 43, 5, 50, 38, 3, 15, 0], [0, 49, 12, 30, 23, 26, 28, 2, 25, 45, 1, 0]]",2.4581275313394144,0.0411167962787052,0.8110247505828738,0.07419375097379088,0.2132799427525558,0.037294210746861046,0.6321209652319206,0.6076146319731103,0.40860632061958313
3.0,0.0,1,True,185164,5,"[[0, 49, 37, 10, 35, 18, 34, 33, 36, 5, 20, 0], [0, 42, 16, 1, 11, 39, 32, 47, 21, 27, 48, 0], [0, 46, 22, 7, 8, 43, 50, 38, 31, 9, 40, 0], [0, 14, 3, 15, 45, 25, 2, 28, 26, 23, 30, 0], [0, 12, 19, 6, 24, 41, 4, 29, 44, 17, 13, 0]]",2.3588353730592644,0.039596055927021166,0.8104139538481832,0.07514203451573849,0.24648750804888309,0.044073534567983574,0.6348786167022182,0.6064729155868782,0.40860632061958313
3.0,0.0,2,True,185079,5,"[[0, 40, 9, 31, 38, 50, 43, 8, 7, 22, 46, 0], [0, 12, 19, 6, 24, 41, 4, 29, 44, 17, 13, 0], [0, 27, 21, 47, 32, 39, 11, 15, 3, 14, 42, 0], [0, 1, 16, 45, 25, 2, 28, 26, 23, 30, 48, 0], [0, 49, 37, 10, 35, 18, 34, 33, 36, 5, 20, 0]]",2.0148655774391955,0.030717181644457227,0.8105072317121085,0.0741833308711648,0.2999614744177217,0.05268966511093005,0.5797541678392106,0.5417627892074055,0.40860632061958313
3.0,0.0,3,True,186090,5,"[[0, 12, 49, 30, 23, 26, 28, 2, 25, 45, 1, 0], [0, 42, 16, 20, 5, 36, 43, 8, 7, 22, 46, 0], [0, 37, 10, 35, 18, 34, 33, 50, 38, 31, 9, 0], [0, 40, 6, 19, 24, 41, 4, 29, 44, 17, 13, 0], [0, 14, 3, 15, 11, 39, 32, 47, 21, 27, 48, 0]]",2.0435558176686754,0.029486088547855616,0.6788649336376693,0.05748438718728721,0.21630200616205153,0.02657611664447661,0.581287237539603,0.5459568838336332,0.40860632061958313
3.0,0.0,4,True,185079,5,"[[0, 12, 19, 6, 24, 41, 4, 29, 44, 17, 13, 0], [0, 40, 9, 31, 38, 50, 43, 8, 7, 22, 46, 0], [0, 49, 37, 10, 35, 18, 34, 33, 36, 5, 20, 0], [0, 27, 21, 47, 32, 39, 11, 15, 3, 14, 42, 0], [0, 48, 30, 23, 26, 28, 2, 25, 45, 16, 1, 0]]",2.0148655774391955,0.030717181644457227,0.8105072317121085,0.0741833308711648,0.2999614744177217,0.05268966511093005,0.5797541678392106,0.5417627892074055,0.40860632061958313
3.0,0.0,5,True,185079,5,"[[0, 12, 19, 6, 24, 41, 4, 29, 44, 17, 13, 0], [0, 48, 20, 5, 36, 33, 34, 18, 35, 10, 37, 0], [0, 40, 9, 31, 38, 50, 43, 8, 7, 22, 46, 0], [0, 49, 30, 23, 26, 28, 2, 25, 45, 16, 1, 0], [0, 27, 21, 47, 32, 39, 11, 15, 3, 14, 42, 0]]",2.016711560296244,0.030717181644457227,0.8105072317121085,0.0741833308711648,0.29721763838395665,0.05220376241115694,0.5755411670448238,0.5374334677744796,0.40860632061958313
3.0,0.0,6,True,185079,5,"[[0, 49, 37, 10, 35, 18, 34, 33, 36, 5, 20, 0], [0, 13, 17, 44, 29, 4, 41, 24, 6, 19, 12, 0], [0, 27, 21, 47, 32, 39, 11, 15, 3, 14, 42, 0], [0, 1, 16, 45, 25, 2, 28, 26, 23, 30, 48, 0], [0, 46, 22, 7, 8, 43, 50, 38, 31, 9, 40, 0]]",2.366657199905603,0.03791829646640533,0.8105072317121085,0.07514203451573849,0.2433301168499158,0.04317565909013804,0.633030641804682,0.6047080389408694,0.40860632061958313
3.0,0.0,7,True,187614,5,"[[0, 35, 18, 34, 33, 5, 43, 8, 7, 22, 46, 0], [0, 36, 50, 38, 31, 9, 2, 28, 26, 23, 30, 0], [0, 15, 3, 14, 40, 17, 13, 37, 10, 27, 48, 0], [0, 20, 44, 29, 4, 41, 24, 19, 6, 49, 12, 0], [0, 42, 16, 1, 45, 25, 11, 39, 32, 47, 21, 0]]",2.1321808896027505,0.03253505384283406,0.6587020180886611,0.07380684651434422,0.19687552420328625,0.024951620290672154,0.5846343129394607,0.5504984832242303,0.40860632061958313
3.0,0.0,8,True,185298,5,"[[0, 48, 27, 21, 47, 32, 39, 11, 45, 16, 42, 0], [0, 1, 25, 2, 28, 26, 23, 30, 14, 3, 15, 0], [0, 6, 19, 24, 41, 4, 29, 44, 17, 13, 49, 0], [0, 46, 22, 7, 8, 43, 50, 38, 31, 9, 40, 0], [0, 20, 5, 36, 33, 34, 18, 35, 10, 37, 12, 0]]",2.3743338261410827,0.03791829646640533,0.7763451675418764,0.07514203451573849,0.22991794214702677,0.039035491515677756,0.6255407588353603,0.5962934423214387,0.40860632061958313
3.0,0.0,9,True,185079,5,"[[0, 42, 14, 3, 15, 11, 39, 32, 47, 21, 27, 0], [0, 1, 16, 45, 25, 2, 28, 26, 23, 30, 49, 0], [0, 37, 10, 35, 18, 34, 33, 36, 5, 20, 48, 0], [0, 12, 19, 6, 24, 41, 4, 29, 44, 17, 13, 0], [0, 46, 22, 7, 8, 43, 50, 38, 31, 9, 40, 0]]",2.3538723171077436,0.039596055927021166,0.8117701046576258,0.07514203451573849,0.2464759985286371,0.04386567604274507,0.6335368361884535,0.6048125574389578,0.40860632061958313
