beta,lambda_concentration,seed,is_feasible,pyvrp_cost,num_routes,routes,global_risk,global_cvar90,max_vehicle_risk,max_vehicle_cvar90,vehicle_risk_gini,risk_variance,edge_burden_gini_used,top10_burden_share,max_edge_burden
0.0,0.0,0,True,145999,5,"[[0, 44, 14, 3, 15, 41, 11, 1, 37, 38, 50, 0], [0, 42, 7, 8, 34, 17, 9, 47, 43, 26, 33, 0], [0, 45, 12, 13, 24, 32, 46, 23, 10, 18, 19, 0], [0, 40, 25, 20, 35, 4, 16, 28, 30, 21, 29, 0], [0, 36, 31, 6, 22, 2, 48, 5, 39, 49, 27, 0]]",8.037528917586314,0.2574814169534615,3.2011075739283115,0.4099422054631369,0.25930252267583653,0.695843730509899,0.8672368032702076,0.8948442927443423,0.8519452810287476
0.0,0.0,1,True,145999,5,"[[0, 6, 22, 5, 2, 48, 43, 9, 47, 31, 36, 0], [0, 12, 45, 13, 24, 32, 46, 23, 10, 18, 19, 0], [0, 27, 49, 39, 17, 34, 8, 7, 30, 21, 29, 0], [0, 33, 26, 28, 16, 4, 35, 20, 25, 40, 44, 0], [0, 14, 3, 15, 42, 41, 11, 1, 37, 38, 50, 0]]",9.03467034678033,0.29278555805129663,3.006209071550984,0.46528706947962445,0.24974924896239092,0.646084298761809,0.880287179104057,0.9083327809657964,1.7038905620574951
0.0,0.0,2,True,146664,5,"[[0, 27, 49, 39, 17, 34, 8, 7, 16, 12, 45, 0], [0, 35, 4, 6, 22, 5, 43, 47, 9, 31, 36, 0], [0, 33, 26, 28, 30, 48, 2, 20, 25, 40, 19, 0], [0, 14, 3, 15, 42, 41, 11, 1, 37, 38, 50, 0], [0, 29, 21, 18, 10, 23, 46, 32, 24, 13, 44, 0]]",7.036439167612116,0.18029021099209785,2.33288904116489,0.38440574407577516,0.21459719712453773,0.30538315968109775,0.8676015197715268,0.8882822135822458,0.8519452810287476
0.0,0.0,3,True,146664,5,"[[0, 44, 50, 38, 37, 1, 41, 11, 15, 3, 14, 0], [0, 19, 18, 21, 29, 10, 23, 46, 32, 24, 13, 0], [0, 45, 12, 42, 7, 8, 34, 17, 39, 49, 27, 0], [0, 16, 35, 4, 6, 22, 5, 30, 28, 26, 33, 0], [0, 40, 25, 20, 2, 48, 43, 47, 9, 31, 36, 0]]",8.634533702846966,0.26864625462170305,3.1357649642741308,0.48430830736955005,0.25137995735868435,0.7117690680545772,0.8650511728297337,0.8923087559849491,0.8519452810287476
0.0,0.0,4,True,147330,5,"[[0, 36, 31, 9, 47, 43, 48, 2, 20, 25, 40, 0], [0, 45, 12, 13, 24, 32, 46, 23, 10, 29, 44, 0], [0, 14, 3, 15, 42, 11, 41, 1, 37, 38, 50, 0], [0, 21, 35, 4, 6, 22, 5, 30, 28, 26, 33, 0], [0, 27, 49, 39, 17, 34, 8, 7, 16, 18, 19, 0]]",7.875730584167592,0.2517712712287903,2.2683854438364506,0.35242710262537,0.2036598391596418,0.347322621635502,0.8688678012543967,0.8961819014427367,0.9132657647132874
0.0,0.0,5,True,147330,5,"[[0, 27, 49, 39, 48, 2, 43, 9, 47, 31, 36, 0], [0, 14, 3, 15, 42, 11, 41, 1, 37, 38, 50, 0], [0, 33, 26, 28, 30, 8, 17, 34, 7, 16, 45, 0], [0, 12, 35, 4, 6, 22, 5, 20, 25, 40, 44, 0], [0, 29, 21, 13, 24, 32, 46, 23, 10, 18, 19, 0]]",8.424668117586407,0.2690836257700409,2.9271014042315073,0.3827676549553871,0.2225268912730043,0.5389556858057549,0.860521746738439,0.876364964620057,0.8519452810287476
0.0,0.0,6,True,147330,5,"[[0, 50, 38, 37, 1, 41, 11, 15, 3, 14, 45, 0], [0, 36, 31, 9, 47, 43, 2, 48, 39, 49, 27, 0], [0, 40, 25, 20, 5, 22, 6, 4, 35, 16, 12, 0], [0, 13, 24, 32, 46, 23, 10, 29, 21, 18, 19, 0], [0, 42, 7, 34, 17, 8, 30, 28, 26, 33, 44, 0]]",8.811578123408253,0.2841114957949945,2.5103160176076926,0.36754054700334865,0.18407486359800607,0.35506203099244316,0.8673847760461721,0.8949808093063728,0.8519452810287476
0.0,0.0,7,True,146664,5,"[[0, 19, 18, 10, 23, 46, 32, 24, 13, 21, 29, 0], [0, 33, 26, 28, 30, 5, 22, 6, 4, 35, 44, 0], [0, 12, 45, 16, 7, 8, 34, 17, 39, 49, 27, 0], [0, 40, 25, 20, 2, 48, 43, 47, 9, 31, 36, 0], [0, 14, 3, 15, 42, 11, 41, 1, 37, 38, 50, 0]]",7.88741566047247,0.2436975597821433,2.270701045403257,0.29115205506483716,0.1583676675027046,0.20697090997571208,0.8619009267206796,0.8871420281088591,0.8519452810287476
0.0,0.0,8,True,147330,5,"[[0, 14, 3, 15, 42, 11, 41, 1, 37, 38, 50, 0], [0, 12, 45, 13, 46, 23, 10, 29, 21, 18, 19, 0], [0, 32, 24, 6, 22, 5, 48, 2, 20, 25, 40, 0], [0, 36, 31, 47, 9, 43, 30, 28, 26, 33, 44, 0], [0, 27, 49, 39, 17, 34, 8, 7, 16, 4, 35, 0]]",8.68360672883864,0.27126269838933287,2.8195008223410696,0.37273790900196346,0.1904971219478715,0.3821260591534901,0.867628592280502,0.8885433062881751,0.8519452810287476
0.0,0.0,9,True,145999,5,"[[0, 14, 3, 15, 42, 41, 11, 1, 37, 38, 50, 0], [0, 27, 49, 39, 17, 34, 8, 7, 30, 21, 29, 0], [0, 12, 45, 13, 24, 32, 46, 23, 10, 18, 19, 0], [0, 44, 40, 25, 20, 35, 4, 16, 28, 26, 33, 0], [0, 6, 22, 5, 48, 2, 43, 47, 9, 31, 36, 0]]",9.034647733569727,0.29278555805129663,3.006209071550984,0.46528706947962445,0.24974887289328707,0.6460793413826137,0.8797607172614033,0.9083350544712036,1.7038905620574951
1.0,0.0,0,True,176624,5,"[[0, 15, 3, 48, 2, 9, 47, 28, 30, 26, 33, 0], [0, 1, 41, 42, 11, 45, 12, 14, 38, 50, 44, 0], [0, 19, 16, 7, 8, 34, 17, 39, 49, 37, 27, 0], [0, 24, 32, 46, 5, 22, 6, 4, 35, 43, 29, 0], [0, 36, 31, 40, 25, 20, 21, 18, 10, 23, 13, 0]]",3.572069492768912,0.08541606445655678,1.14716116747453,0.14528032498700277,0.2677041071420445,0.12207919435973116,0.8108146552481292,0.7913193343426672,0.5182054042816162
1.0,0.0,1,True,176636,5,"[[0, 33, 26, 30, 28, 48, 2, 9, 47, 31, 36, 0], [0, 44, 50, 38, 14, 3, 15, 41, 11, 42, 1, 0], [0, 19, 16, 7, 8, 34, 17, 39, 49, 37, 27, 0], [0, 40, 25, 20, 5, 22, 6, 4, 35, 43, 29, 0], [0, 13, 24, 32, 46, 23, 10, 18, 21, 45, 12, 0]]",4.059735916812621,0.0975762019481729,1.2788483304902911,0.15801539910691126,0.2708407088829281,0.16569412126989624,0.8277483180825698,0.8174178265492217,0.5182054042816162
1.0,0.0,2,True,177388,5,"[[0, 44, 50, 38, 14, 45, 12, 21, 18, 10, 19, 0], [0, 33, 26, 30, 28, 16, 7, 42, 11, 41, 1, 0], [0, 40, 25, 20, 5, 46, 32, 24, 37, 49, 27, 0], [0, 15, 3, 2, 48, 22, 6, 4, 35, 43, 29, 0], [0, 36, 31, 47, 9, 34, 17, 39, 8, 23, 13, 0]]",3.8305165865895106,0.09321245991370895,1.2348688375932397,0.15959666057356767,0.3019213813497912,0.1846267420802258,0.8186603110253177,0.8048582245137671,0.4966707229614258
1.0,0.0,3,True,177154,5,"[[0, 50, 38, 14, 3, 15, 11, 42, 41, 1, 44, 0], [0, 13, 24, 32, 46, 5, 20, 25, 40, 31, 36, 0], [0, 45, 12, 6, 22, 34, 17, 39, 49, 37, 27, 0], [0, 19, 10, 23, 8, 7, 16, 28, 30, 26, 33, 0], [0, 48, 2, 47, 9, 43, 35, 4, 18, 21, 29, 0]]",4.153808032613597,0.0996345648651614,1.4089072954375297,0.149282306432724,0.2840711937875733,0.18206398537529517,0.8211413714311626,0.8156349684877794,0.5182054042816162
1.0,0.0,4,True,176624,5,"[[0, 50, 38, 14, 45, 12, 42, 11, 41, 1, 44, 0], [0, 15, 3, 2, 48, 9, 47, 28, 30, 26, 33, 0], [0, 19, 16, 7, 8, 34, 17, 39, 49, 37, 27, 0], [0, 24, 32, 46, 5, 22, 6, 4, 35, 43, 29, 0], [0, 36, 31, 40, 25, 20, 21, 18, 10, 23, 13, 0]]",3.572069492768912,0.08541606445655678,1.14716116747453,0.14528032498700277,0.2677041071420445,0.12207919435973116,0.8108146552481292,0.7913193343426672,0.5182054042816162
1.0,0.0,5,True,176636,5,"[[0, 36, 31, 9, 47, 2, 48, 28, 30, 26, 33, 0], [0, 19, 16, 7, 8, 34, 17, 39, 49, 37, 27, 0], [0, 29, 43, 35, 4, 6, 22, 5, 20, 25, 40, 0], [0, 13, 24, 32, 46, 23, 10, 18, 21, 12, 45, 0], [0, 44, 50, 38, 14, 3, 15, 41, 11, 42, 1, 0]]",4.057420315245815,0.0975762019481729,1.2788483304902911,0.15801539910691126,0.2709952797977253,0.16554090099283764,0.8283612399038209,0.8178843333079078,0.5182054042816162
1.0,0.0,6,True,176636,5,"[[0, 50, 38, 14, 3, 15, 11, 42, 41, 1, 44, 0], [0, 19, 16, 7, 8, 34, 17, 39, 49, 37, 27, 0], [0, 40, 25, 20, 5, 22, 6, 4, 35, 43, 29, 0], [0, 36, 31, 47, 9, 2, 48, 28, 30, 26, 33, 0], [0, 13, 24, 32, 46, 23, 10, 18, 21, 12, 45, 0]]",4.057420315245815,0.0975762019481729,1.2788483304902911,0.15801539910691126,0.2709952797977253,0.16554090099283764,0.8283612399038209,0.8178843333079078,0.5182054042816162
1.0,0.0,7,True,176636,5,"[[0, 44, 50, 38, 14, 3, 15, 41, 11, 42, 1, 0], [0, 19, 16, 7, 8, 34, 17, 39, 49, 37, 27, 0], [0, 33, 26, 30, 28, 48, 2, 9, 47, 31, 36, 0], [0, 40, 25, 20, 5, 22, 6, 4, 35, 43, 29, 0], [0, 45, 21, 18, 10, 23, 46, 32, 24, 13, 12, 0]]",4.059280898679696,0.0975762019481729,1.2788483304902911,0.15801539910691126,0.2709159056220709,0.16577734772615882,0.8275610397937823,0.8216211704569422,0.5182054042816162
1.0,0.0,8,True,177958,5,"[[0, 29, 43, 35, 4, 47, 9, 28, 30, 26, 33, 0], [0, 1, 2, 48, 5, 46, 32, 24, 37, 49, 27, 0], [0, 12, 6, 22, 34, 17, 39, 8, 7, 16, 19, 0], [0, 44, 45, 41, 42, 11, 15, 3, 14, 38, 50, 0], [0, 13, 23, 10, 18, 21, 20, 25, 40, 31, 36, 0]]",3.2113750241363386,0.07809246800118877,1.346291900437791,0.1388902273029089,0.39507683284421624,0.23810297392029253,0.799620817703264,0.773139061305215,0.4966707229614258
1.0,0.0,9,True,176842,5,"[[0, 1, 42, 11, 41, 15, 3, 14, 38, 50, 44, 0], [0, 29, 43, 47, 9, 2, 48, 28, 30, 26, 33, 0], [0, 35, 4, 6, 22, 34, 17, 39, 49, 37, 27, 0], [0, 36, 31, 40, 25, 20, 5, 46, 32, 24, 13, 0], [0, 12, 45, 21, 18, 10, 23, 8, 7, 16, 19, 0]]",3.8531259902186656,0.10020667110239306,1.6946725937305018,0.18379232846200466,0.4305299891866916,0.3890136138259372,0.8283046303542358,0.8184300784386428,0.5182054042816162
