beta,lambda_concentration,seed,is_feasible,pyvrp_cost,num_routes,routes,global_risk,global_cvar90,max_vehicle_risk,max_vehicle_cvar90,vehicle_risk_gini,risk_variance,edge_burden_gini_used,top10_burden_share,max_edge_burden
0.0,0.0,0,True,133997,5,"[[0, 14, 42, 41, 1, 45, 11, 15, 3, 16, 48, 0], [0, 18, 32, 4, 29, 19, 6, 24, 40, 20, 44, 0], [0, 27, 35, 5, 36, 28, 26, 23, 30, 12, 49, 0], [0, 46, 22, 7, 8, 43, 33, 34, 2, 25, 39, 0], [0, 17, 13, 10, 37, 50, 38, 31, 9, 47, 21, 0]]",6.872496987867635,0.19680499132241933,2.1898726852377877,0.3347547169153889,0.15435341571383088,0.18137099876352422,0.8540915228143577,0.8822889354921842,0.8567684292793274
0.0,0.0,1,True,133997,5,"[[0, 17, 13, 10, 37, 50, 38, 31, 9, 47, 21, 0], [0, 18, 32, 4, 29, 6, 19, 24, 40, 20, 44, 0], [0, 14, 42, 41, 1, 11, 45, 15, 3, 16, 48, 0], [0, 46, 22, 7, 8, 43, 33, 34, 2, 25, 39, 0], [0, 27, 35, 5, 36, 28, 26, 23, 30, 12, 49, 0]]",6.872496987867635,0.19680499132241933,2.1898726852377877,0.3347547169153889,0.15435341571383088,0.18137099876352422,0.8540915228143577,0.8822889354921842,0.8567684292793274
0.0,0.0,2,True,133998,5,"[[0, 16, 3, 15, 45, 11, 1, 41, 42, 14, 48, 0], [0, 25, 2, 34, 33, 43, 8, 7, 22, 46, 39, 0], [0, 38, 31, 9, 47, 21, 27, 23, 30, 49, 12, 0], [0, 26, 28, 36, 5, 35, 10, 37, 50, 13, 17, 0], [0, 44, 20, 40, 24, 6, 19, 29, 4, 32, 18, 0]]",8.651476264174562,0.30064943662056554,2.5719153193058446,0.4495819449424744,0.2355714320307256,0.54333737053895,0.8613441550256196,0.8804325986458085,0.8567684292793274
0.0,0.0,3,True,133998,5,"[[0, 12, 49, 30, 23, 26, 28, 36, 5, 20, 44, 0], [0, 14, 42, 41, 1, 45, 11, 15, 3, 16, 48, 0], [0, 27, 35, 10, 37, 50, 38, 31, 9, 47, 21, 0], [0, 25, 2, 34, 33, 43, 8, 7, 22, 46, 39, 0], [0, 18, 32, 4, 29, 19, 6, 24, 40, 13, 17, 0]]",6.345231498067733,0.18007639101556233,2.143812763504684,0.2466378470417112,0.2431851636258413,0.3052611081188765,0.8539404535624056,0.8765758687138416,0.8567684292793274
0.0,0.0,4,True,133997,5,"[[0, 48, 14, 42, 41, 1, 45, 11, 15, 3, 16, 0], [0, 44, 20, 40, 24, 19, 6, 4, 32, 29, 12, 0], [0, 25, 2, 34, 33, 43, 8, 7, 22, 46, 39, 0], [0, 27, 35, 5, 36, 28, 26, 23, 30, 18, 49, 0], [0, 17, 13, 10, 37, 50, 38, 31, 9, 47, 21, 0]]",7.756263466028031,0.26741040078923106,3.0474489830667153,0.5619590908288956,0.29176447830397456,0.7158189777660525,0.8762276244860716,0.8993012638759095,1.7135368585586548
0.0,0.0,5,True,133999,5,"[[0, 16, 3, 14, 42, 41, 1, 45, 39, 11, 15, 0], [0, 18, 32, 4, 29, 6, 19, 24, 40, 20, 44, 0], [0, 25, 2, 34, 33, 35, 10, 37, 50, 13, 17, 0], [0, 46, 22, 7, 8, 43, 5, 36, 28, 26, 12, 0], [0, 48, 38, 31, 9, 47, 21, 27, 23, 30, 49, 0]]",8.946346387820086,0.30067486233181423,2.1898726852377877,0.3347547169153889,0.09467743818480767,0.09791411630791816,0.8592928373204409,0.873482691032668,0.8567684292793274
0.0,0.0,6,True,133997,5,"[[0, 16, 3, 14, 42, 41, 1, 45, 11, 39, 48, 0], [0, 15, 46, 22, 7, 8, 43, 17, 13, 18, 49, 0], [0, 27, 35, 10, 37, 50, 38, 31, 9, 47, 21, 0], [0, 12, 29, 4, 32, 6, 19, 24, 40, 20, 44, 0], [0, 25, 2, 34, 33, 5, 36, 28, 26, 23, 30, 0]]",8.130471406504512,0.23082631098804995,2.067920177214546,0.31733221374452114,0.13960043255841192,0.17348467142951968,0.8819610425727573,0.9084803092957128,1.7135368585586548
0.0,0.0,7,True,133998,5,"[[0, 13, 17, 43, 33, 34, 5, 2, 25, 45, 11, 0], [0, 16, 1, 41, 42, 12, 49, 14, 3, 15, 48, 0], [0, 44, 20, 40, 24, 19, 6, 29, 4, 32, 18, 0], [0, 30, 23, 26, 28, 36, 8, 7, 22, 46, 39, 0], [0, 21, 47, 9, 31, 38, 50, 37, 10, 35, 27, 0]]",8.051991942047607,0.2091343163113509,2.41557323365123,0.3554736540342371,0.20397016499348886,0.3873370076453165,0.8596238818722204,0.8872349812336097,0.8567684292793274
0.0,0.0,8,True,133998,5,"[[0, 48, 14, 42, 41, 1, 45, 11, 15, 3, 16, 0], [0, 49, 18, 12, 29, 32, 4, 6, 19, 24, 40, 0], [0, 44, 20, 34, 33, 5, 36, 28, 26, 23, 30, 0], [0, 17, 13, 37, 10, 35, 22, 43, 8, 7, 46, 0], [0, 27, 21, 47, 9, 31, 38, 50, 2, 25, 39, 0]]",7.76942290662555,0.2577293561771512,2.9428470277925953,0.5404034733772278,0.22255687453114548,0.5209860066419425,0.8759909370449701,0.8960357877898099,1.7135368585586548
0.0,0.0,9,True,133997,5,"[[0, 48, 15, 45, 11, 1, 41, 42, 14, 3, 16, 0], [0, 27, 35, 5, 36, 28, 26, 23, 30, 12, 49, 0], [0, 21, 47, 9, 31, 38, 50, 37, 10, 13, 17, 0], [0, 25, 2, 34, 33, 43, 8, 7, 22, 46, 39, 0], [0, 44, 20, 40, 24, 6, 19, 29, 4, 32, 18, 0]]",6.555531330493977,0.19958448949558982,2.30534785205964,0.3554736540342371,0.22800700588155332,0.3214064156821347,0.8569743051035217,0.8815955869837858,0.8567684292793274
1.0,0.0,0,True,157733,5,"[[0, 37, 10, 35, 18, 34, 33, 36, 31, 9, 40, 0], [0, 20, 44, 38, 50, 5, 43, 8, 7, 22, 46, 0], [0, 48, 1, 41, 24, 6, 19, 17, 13, 12, 49, 0], [0, 30, 23, 26, 28, 2, 25, 16, 3, 14, 42, 0], [0, 27, 21, 47, 29, 4, 32, 39, 11, 45, 15, 0]]",2.58231547777541,0.06455774964498621,0.7056261487596203,0.08181372205061573,0.19797539714442358,0.037171455331567425,0.757276759614059,0.7356225269764758,0.3771957755088806
1.0,0.0,1,True,158344,5,"[[0, 27, 21, 47, 9, 31, 36, 33, 34, 18, 35, 0], [0, 14, 3, 38, 50, 5, 43, 8, 7, 22, 46, 0], [0, 20, 44, 17, 13, 10, 37, 40, 12, 49, 48, 0], [0, 15, 16, 45, 11, 25, 2, 28, 26, 23, 30, 0], [0, 1, 39, 32, 4, 29, 6, 19, 24, 41, 42, 0]]",2.6850491426012013,0.0584882613928879,1.054456491372548,0.10551221086643636,0.3259675075405881,0.09915834225412218,0.7609633447477764,0.7440833788832355,0.3771957755088806
1.0,0.0,2,True,157728,5,"[[0, 37, 10, 35, 18, 34, 33, 50, 38, 44, 20, 0], [0, 30, 23, 26, 28, 2, 25, 15, 16, 3, 14, 0], [0, 48, 49, 12, 13, 17, 19, 6, 24, 41, 42, 0], [0, 1, 11, 45, 39, 32, 4, 29, 47, 21, 27, 0], [0, 40, 9, 31, 36, 5, 43, 8, 7, 22, 46, 0]]",2.581494476966327,0.06455774964498621,0.7518368692835793,0.08181372205061573,0.2320442419726121,0.049352410385778,0.7567707788374611,0.7358564793227681,0.3771957755088806
1.0,0.0,3,True,159015,5,"[[0, 45, 39, 32, 4, 19, 6, 24, 41, 1, 48, 0], [0, 25, 2, 28, 26, 23, 30, 49, 12, 14, 42, 0], [0, 15, 16, 3, 9, 31, 38, 50, 36, 5, 40, 0], [0, 20, 44, 29, 47, 21, 27, 10, 37, 17, 13, 0], [0, 11, 46, 22, 7, 8, 43, 33, 34, 18, 35, 0]]",2.991945660323836,0.07574077901141398,0.8881940254941583,0.09247020408511161,0.1866920256345086,0.043304308118106254,0.7649680699238872,0.7525710025130431,0.4256495535373688
1.0,0.0,4,True,158363,5,"[[0, 15, 45, 25, 2, 28, 26, 23, 30, 49, 12, 0], [0, 35, 18, 34, 33, 43, 8, 7, 22, 46, 11, 0], [0, 48, 1, 41, 24, 19, 6, 29, 4, 32, 39, 0], [0, 40, 5, 36, 50, 38, 31, 9, 47, 21, 27, 0], [0, 20, 44, 17, 13, 10, 37, 14, 3, 16, 42, 0]]",2.8062988034216687,0.056986649797574895,0.9011851707473397,0.10572935082018375,0.25604935697503706,0.06836011958595196,0.7564678912727671,0.7454396184500042,0.3771957755088806
1.0,0.0,5,True,158333,5,"[[0, 11, 45, 25, 2, 28, 26, 23, 30, 49, 48, 0], [0, 1, 39, 32, 4, 29, 6, 19, 24, 41, 42, 0], [0, 27, 10, 37, 13, 17, 44, 20, 16, 3, 15, 0], [0, 14, 12, 40, 5, 36, 7, 8, 43, 22, 46, 0], [0, 21, 47, 9, 31, 38, 50, 33, 34, 18, 35, 0]]",3.0088027449382935,0.06264844126495961,1.054456491372548,0.10551221086643636,0.17091672941459635,0.05218374621955628,0.76891106430619,0.7610149893096151,0.3771957755088806
1.0,0.0,6,True,157728,5,"[[0, 30, 23, 26, 28, 2, 25, 15, 16, 3, 14, 0], [0, 42, 41, 24, 19, 6, 17, 13, 12, 49, 48, 0], [0, 20, 44, 38, 50, 33, 34, 18, 35, 10, 37, 0], [0, 27, 21, 47, 29, 4, 32, 39, 45, 11, 1, 0], [0, 40, 9, 31, 36, 5, 43, 8, 7, 22, 46, 0]]",2.578833118051989,0.06455774964498621,0.7518368692835793,0.08181372205061573,0.2326965123990523,0.04942552966795953,0.7556557158632828,0.7333384031360953,0.3771957755088806
1.0,0.0,7,True,158264,5,"[[0, 14, 3, 16, 20, 44, 17, 13, 37, 10, 27, 0], [0, 12, 49, 40, 5, 50, 38, 31, 9, 47, 21, 0], [0, 15, 39, 32, 4, 29, 19, 6, 24, 41, 42, 0], [0, 35, 18, 34, 33, 36, 7, 8, 43, 22, 46, 0], [0, 30, 23, 26, 28, 2, 25, 45, 11, 1, 48, 0]]",2.999838857795112,0.06406454783346918,1.0143903253483586,0.10551221086643636,0.1799766357925736,0.048403942077867905,0.7733663002490188,0.7661496292596524,0.3771957755088806
1.0,0.0,8,True,158342,5,"[[0, 21, 47, 9, 31, 36, 7, 8, 43, 22, 46, 0], [0, 15, 16, 11, 45, 25, 2, 28, 26, 23, 30, 0], [0, 1, 39, 32, 4, 29, 19, 6, 24, 41, 42, 0], [0, 48, 12, 49, 40, 10, 37, 13, 17, 44, 20, 0], [0, 27, 35, 18, 34, 33, 5, 50, 38, 3, 14, 0]]",2.8982829506567214,0.06295868392501558,1.054456491372548,0.10551221086643636,0.2309886125607168,0.06651366826126613,0.7716960377997142,0.7598688947139158,0.3771957755088806
1.0,0.0,9,True,158342,5,"[[0, 14, 3, 38, 50, 5, 33, 34, 18, 35, 27, 0], [0, 42, 41, 24, 6, 19, 29, 4, 32, 39, 1, 0], [0, 30, 23, 26, 28, 2, 25, 45, 11, 16, 15, 0], [0, 20, 44, 17, 13, 37, 10, 40, 49, 12, 48, 0], [0, 46, 22, 43, 8, 7, 36, 31, 9, 47, 21, 0]]",2.895458140905248,0.06295868392501558,1.054456491372548,0.10551221086643636,0.23160420522311753,0.06674105751562785,0.7721772427776721,0.7606102230147137,0.3771957755088806
