beta,lambda_concentration,seed,is_feasible,pyvrp_cost,num_routes,routes,global_risk,global_cvar90,max_vehicle_risk,max_vehicle_cvar90,vehicle_risk_gini,risk_variance,edge_burden_gini_used,top10_burden_share,max_edge_burden
0.0,0.0,0,True,133997,5,"[[0, 14, 42, 41, 1, 45, 11, 15, 3, 16, 48, 0], [0, 18, 32, 4, 29, 19, 6, 24, 40, 20, 44, 0], [0, 27, 35, 5, 36, 28, 26, 23, 30, 12, 49, 0], [0, 46, 22, 7, 8, 43, 33, 34, 2, 25, 39, 0], [0, 17, 13, 10, 37, 50, 38, 31, 9, 47, 21, 0]]",6.578748618019745,0.17695263417607004,2.081157883279957,0.30114265345036983,0.15917601817324512,0.16783388453435616,0.8490948292743306,0.8792222351209729,0.8517617583274841
0.0,0.0,1,True,133997,5,"[[0, 17, 13, 10, 37, 50, 38, 31, 9, 47, 21, 0], [0, 18, 32, 4, 29, 6, 19, 24, 40, 20, 44, 0], [0, 14, 42, 41, 1, 11, 45, 15, 3, 16, 48, 0], [0, 46, 22, 7, 8, 43, 33, 34, 2, 25, 39, 0], [0, 27, 35, 5, 36, 28, 26, 23, 30, 12, 49, 0]]",6.578748618019745,0.17695263417607004,2.081157883279957,0.30114265345036983,0.15917601817324512,0.16783388453435616,0.8490948292743306,0.8792222351209729,0.8517617583274841
0.0,0.0,2,True,133998,5,"[[0, 16, 3, 15, 45, 11, 1, 41, 42, 14, 48, 0], [0, 25, 2, 34, 33, 43, 8, 7, 22, 46, 39, 0], [0, 38, 31, 9, 47, 21, 27, 23, 30, 49, 12, 0], [0, 26, 28, 36, 5, 35, 10, 37, 50, 13, 17, 0], [0, 44, 20, 40, 24, 6, 19, 29, 4, 32, 18, 0]]",8.294437425676733,0.28737018916469353,2.550153575721197,0.4432114839553833,0.24845216581142426,0.5435238941503638,0.8577960935004147,0.8789401584750074,0.8570114970207214
0.0,0.0,3,True,133997,5,"[[0, 39, 25, 2, 36, 28, 26, 23, 30, 49, 18, 0], [0, 44, 20, 40, 24, 19, 6, 4, 32, 29, 12, 0], [0, 17, 13, 10, 37, 50, 38, 31, 9, 47, 21, 0], [0, 46, 22, 7, 8, 43, 5, 34, 33, 35, 27, 0], [0, 14, 42, 41, 1, 11, 45, 15, 3, 16, 48, 0]]",7.837823998415843,0.19803999721383056,3.1088959641056135,0.49359864741563797,0.26146513212065026,0.6646636928357508,0.871949144499157,0.9003831682775308,1.7016615867614746
0.0,0.0,4,True,133997,5,"[[0, 48, 14, 42, 41, 1, 45, 11, 15, 3, 16, 0], [0, 44, 20, 40, 24, 19, 6, 4, 32, 29, 12, 0], [0, 25, 2, 34, 33, 43, 8, 7, 22, 46, 39, 0], [0, 27, 35, 5, 36, 28, 26, 23, 30, 18, 49, 0], [0, 17, 13, 10, 37, 50, 38, 31, 9, 47, 21, 0]]",7.415728384396061,0.1915165912359953,3.0360515530919656,0.5607427000999451,0.30616589540355665,0.7335399561578174,0.8719048161271326,0.8964494767192365,1.7016615867614746
0.0,0.0,5,True,133999,5,"[[0, 16, 3, 14, 42, 41, 1, 45, 39, 11, 15, 0], [0, 18, 32, 4, 29, 6, 19, 24, 40, 20, 44, 0], [0, 25, 2, 34, 33, 35, 10, 37, 50, 13, 17, 0], [0, 46, 22, 7, 8, 43, 5, 36, 28, 26, 12, 0], [0, 48, 38, 31, 9, 47, 21, 27, 23, 30, 49, 0]]",8.535804564133286,0.2940074446109625,2.081157883279957,0.3449861630797386,0.09716096024960952,0.10062138266280765,0.8560704912050283,0.8700878213935543,0.8570114970207214
0.0,0.0,6,True,133997,5,"[[0, 16, 3, 14, 42, 41, 1, 45, 11, 39, 48, 0], [0, 15, 46, 22, 7, 8, 43, 17, 13, 18, 49, 0], [0, 27, 35, 10, 37, 50, 38, 31, 9, 47, 21, 0], [0, 12, 29, 4, 32, 6, 19, 24, 40, 20, 44, 0], [0, 25, 2, 34, 33, 5, 36, 28, 26, 23, 30, 0]]",7.79760951273056,0.21456845386913329,2.0608187731486396,0.3868226483464241,0.1415357286922707,0.1594121739835239,0.8792304646339117,0.9069450616183449,1.7016615867614746
0.0,0.0,7,True,133998,5,"[[0, 13, 17, 43, 33, 34, 5, 2, 25, 45, 11, 0], [0, 16, 1, 41, 42, 12, 49, 14, 3, 15, 48, 0], [0, 44, 20, 40, 24, 19, 6, 29, 4, 32, 18, 0], [0, 30, 23, 26, 28, 36, 8, 7, 22, 46, 39, 0], [0, 21, 47, 9, 31, 38, 50, 37, 10, 35, 27, 0]]",7.775884569076879,0.2072273556910017,2.2639658771222457,0.29786156862974167,0.19700500184399194,0.34047431671804435,0.8560562004656234,0.8842868352400682,0.8570114970207214
0.0,0.0,8,True,133998,5,"[[0, 48, 14, 42, 41, 1, 45, 11, 15, 3, 16, 0], [0, 49, 18, 12, 29, 32, 4, 6, 19, 24, 40, 0], [0, 44, 20, 34, 33, 5, 36, 28, 26, 23, 30, 0], [0, 17, 13, 37, 10, 35, 22, 43, 8, 7, 46, 0], [0, 27, 21, 47, 9, 31, 38, 50, 2, 25, 39, 0]]",7.453529198886827,0.18708441473750603,2.8253602313343436,0.5175772428512573,0.2239825595341456,0.4843672551349534,0.8716365697022823,0.893891156412549,1.7016615867614746
0.0,0.0,9,True,133997,5,"[[0, 48, 15, 45, 11, 1, 41, 42, 14, 3, 16, 0], [0, 27, 35, 5, 36, 28, 26, 23, 30, 12, 49, 0], [0, 21, 47, 9, 31, 38, 50, 37, 10, 13, 17, 0], [0, 25, 2, 34, 33, 43, 8, 7, 22, 46, 39, 0], [0, 44, 20, 40, 24, 6, 19, 29, 4, 32, 18, 0]]",6.314687532139942,0.17986038483438954,2.2505393851315603,0.30114265345036983,0.24148455232338595,0.32036954237156434,0.8516486054907391,0.8788972619116344,0.8517617583274841
1.0,0.0,0,True,157119,5,"[[0, 1, 39, 32, 4, 29, 19, 6, 24, 41, 42, 0], [0, 27, 35, 18, 34, 33, 5, 50, 38, 3, 14, 0], [0, 12, 40, 10, 37, 13, 17, 44, 20, 16, 15, 0], [0, 48, 45, 11, 25, 2, 28, 26, 23, 30, 49, 0], [0, 46, 22, 43, 8, 7, 36, 31, 9, 47, 21, 0]]",2.7446095909181167,0.06210476797864293,0.9618839612230659,0.09568660776130855,0.21425682023981807,0.05126708209353768,0.7606518422653434,0.7510985532551262,0.29420292377471924
1.0,0.0,1,True,157300,5,"[[0, 49, 30, 23, 26, 28, 2, 25, 11, 45, 48, 0], [0, 15, 39, 32, 4, 29, 19, 6, 24, 41, 42, 0], [0, 27, 10, 37, 13, 17, 44, 20, 16, 3, 14, 0], [0, 21, 47, 9, 31, 38, 50, 33, 34, 18, 35, 0], [0, 12, 40, 5, 36, 7, 8, 43, 22, 46, 1, 0]]",2.892000676751195,0.06461369777646135,0.918784718029201,0.09568660776130855,0.1539365254991505,0.03203202334441731,0.7647698192048189,0.760826432638214,0.29420292377471924
1.0,0.0,2,True,156718,5,"[[0, 20, 44, 38, 50, 33, 34, 18, 35, 10, 37, 0], [0, 14, 3, 16, 42, 41, 24, 19, 6, 17, 13, 0], [0, 46, 22, 7, 8, 43, 5, 36, 31, 9, 40, 0], [0, 15, 11, 45, 39, 32, 4, 29, 47, 21, 27, 0], [0, 48, 1, 25, 2, 28, 26, 23, 30, 49, 12, 0]]",2.881702141254209,0.07824368933560671,0.6891707984614186,0.09210321120917797,0.08621673248602169,0.008052469987031546,0.7750032634477584,0.762589446765825,0.4263592064380646
1.0,0.0,3,True,157316,5,"[[0, 49, 30, 23, 26, 28, 2, 25, 11, 45, 15, 0], [0, 40, 9, 31, 36, 7, 8, 43, 22, 46, 1, 0], [0, 37, 10, 35, 18, 34, 33, 5, 50, 38, 39, 0], [0, 41, 24, 6, 19, 29, 4, 32, 47, 21, 27, 0], [0, 48, 12, 13, 17, 44, 20, 16, 3, 14, 42, 0]]",2.543616103743261,0.04870109382624689,1.0394698019954376,0.1065931967459619,0.3039046259279401,0.08750023989051631,0.749256144738021,0.7306534550020211,0.29420292377471924
1.0,0.0,4,True,157119,5,"[[0, 15, 16, 20, 44, 17, 13, 37, 10, 40, 12, 0], [0, 48, 45, 11, 25, 2, 28, 26, 23, 30, 49, 0], [0, 42, 41, 24, 6, 19, 29, 4, 32, 39, 1, 0], [0, 46, 22, 43, 8, 7, 36, 31, 9, 47, 21, 0], [0, 14, 3, 38, 50, 5, 33, 34, 18, 35, 27, 0]]",2.7424172200917383,0.06210476797864293,0.9618839612230659,0.09568660776130855,0.21474787562071773,0.05141094794931431,0.7608088082390543,0.7516990040340328,0.29420292377471924
1.0,0.0,5,True,156712,5,"[[0, 1, 41, 24, 6, 19, 4, 32, 39, 45, 15, 0], [0, 40, 9, 31, 36, 5, 43, 8, 7, 22, 46, 0], [0, 27, 21, 47, 29, 44, 20, 16, 3, 14, 42, 0], [0, 13, 17, 38, 50, 33, 34, 18, 35, 10, 37, 0], [0, 48, 11, 25, 2, 28, 26, 23, 30, 12, 49, 0]]",2.341773791005835,0.057421166656745806,0.81022477283841,0.06682815071609285,0.32730660577864623,0.07957214079978973,0.7255899655667675,0.70351364911425,0.29420292377471924
1.0,0.0,6,True,157384,5,"[[0, 20, 44, 17, 13, 49, 14, 42, 16, 3, 15, 0], [0, 12, 30, 23, 26, 28, 2, 25, 45, 1, 48, 0], [0, 39, 38, 50, 5, 33, 34, 18, 35, 10, 37, 0], [0, 27, 21, 47, 32, 4, 29, 19, 6, 24, 41, 0], [0, 11, 46, 22, 43, 8, 7, 36, 31, 9, 40, 0]]",2.553237693304254,0.04777040638220616,1.0394698019954376,0.1065931967459619,0.30904877689309496,0.08858087761405996,0.7424548060859462,0.7214827669765131,0.29420292377471924
1.0,0.0,7,True,156718,5,"[[0, 48, 27, 21, 47, 29, 4, 32, 39, 45, 15, 0], [0, 13, 17, 19, 6, 24, 41, 42, 16, 3, 14, 0], [0, 46, 22, 7, 8, 43, 5, 50, 38, 44, 20, 0], [0, 1, 11, 25, 2, 28, 26, 23, 30, 49, 12, 0], [0, 40, 9, 31, 36, 33, 34, 18, 35, 10, 37, 0]]",2.8829831121256575,0.07824368933560671,0.8673175750300288,0.14989587515592576,0.22387769502173982,0.05592743631900665,0.7744441886927853,0.7622506120136989,0.4263592064380646
1.0,0.0,8,True,157300,5,"[[0, 1, 46, 22, 43, 8, 7, 36, 5, 40, 12, 0], [0, 42, 41, 24, 6, 19, 29, 4, 32, 39, 15, 0], [0, 48, 45, 11, 25, 2, 28, 26, 23, 30, 49, 0], [0, 14, 3, 16, 20, 44, 17, 13, 37, 10, 27, 0], [0, 35, 18, 34, 33, 50, 38, 31, 9, 47, 21, 0]]",2.8941930475775735,0.06461369777646135,0.918784718029201,0.09568660776130855,0.15321391212321434,0.03189689142743142,0.7646276845532103,0.7602501014649189,0.29420292377471924
1.0,0.0,9,True,158001,5,"[[0, 49, 12, 36, 7, 8, 43, 22, 46, 1, 48, 0], [0, 27, 10, 37, 13, 17, 44, 20, 16, 3, 14, 0], [0, 40, 9, 31, 38, 50, 5, 33, 34, 18, 35, 0], [0, 21, 47, 32, 4, 29, 19, 6, 24, 41, 42, 0], [0, 30, 23, 26, 28, 2, 25, 11, 39, 45, 15, 0]]",2.5447960211677128,0.06305632487471614,0.9653521774453111,0.09579331567510962,0.2741063946325908,0.06828779131020224,0.7397852167750494,0.7254991965895535,0.29420292377471924
1.0,1.0,0,True,166418,5,"[[0, 13, 17, 44, 29, 4, 19, 6, 24, 41, 1, 0], [0, 49, 12, 30, 23, 26, 28, 2, 25, 11, 45, 0], [0, 27, 21, 47, 32, 39, 15, 16, 3, 14, 42, 0], [0, 20, 36, 5, 33, 34, 18, 35, 10, 37, 48, 0], [0, 46, 22, 7, 8, 43, 50, 38, 31, 9, 40, 0]]",2.3574938200836186,0.043470243237128385,0.5987732977664564,0.09210321120917797,0.17156886193371612,0.02658790939175699,0.7258413462109992,0.6970602653330163,0.4263592064380646
1.0,1.0,1,True,166553,5,"[[0, 14, 49, 12, 30, 23, 26, 28, 2, 25, 11, 0], [0, 40, 9, 31, 38, 50, 43, 8, 7, 22, 46, 0], [0, 1, 16, 3, 15, 45, 39, 32, 47, 21, 27, 0], [0, 48, 37, 10, 35, 18, 34, 33, 5, 36, 20, 0], [0, 42, 41, 24, 19, 6, 4, 29, 44, 17, 13, 0]]",1.95301830254175,0.03257669263372296,0.7080624051523046,0.07033933220165116,0.28430067558858996,0.042252472501050575,0.6651896000885558,0.6250468849291199,0.29420292377471924
1.0,1.0,2,True,167709,5,"[[0, 15, 46, 22, 43, 8, 7, 36, 31, 9, 40, 0], [0, 48, 49, 13, 17, 44, 20, 16, 3, 14, 42, 0], [0, 1, 45, 11, 25, 2, 28, 26, 23, 30, 12, 0], [0, 41, 24, 19, 6, 29, 4, 32, 47, 21, 27, 0], [0, 37, 10, 35, 18, 34, 33, 5, 50, 38, 39, 0]]",2.543616103743261,0.04870109382624689,1.0394698019954376,0.1065931967459619,0.31013042979360095,0.08849418966065772,0.749256144738021,0.7306534550020211,0.29420292377471924
1.0,1.0,3,True,166418,5,"[[0, 40, 9, 31, 38, 50, 43, 8, 7, 22, 46, 0], [0, 45, 11, 25, 2, 28, 26, 23, 30, 12, 49, 0], [0, 42, 14, 3, 16, 15, 39, 32, 47, 21, 27, 0], [0, 1, 41, 24, 19, 6, 4, 29, 44, 17, 13, 0], [0, 48, 37, 10, 35, 18, 34, 33, 5, 36, 20, 0]]",1.9375905768902157,0.033121892880346324,0.5987732977664564,0.05605781963095069,0.26256343422877393,0.03573535770028514,0.6757333220816188,0.6368593518204309,0.29420292377471924
1.0,1.0,4,True,166433,5,"[[0, 13, 17, 44, 29, 4, 6, 19, 24, 41, 42, 0], [0, 40, 9, 31, 38, 50, 43, 8, 7, 22, 46, 0], [0, 49, 12, 30, 23, 26, 28, 2, 25, 11, 1, 0], [0, 14, 3, 16, 15, 45, 39, 32, 47, 21, 27, 0], [0, 20, 5, 36, 33, 34, 18, 35, 10, 37, 48, 0]]",1.9382014040093054,0.033121892880346324,0.7080624051523046,0.07033933220165116,0.2885117152143619,0.042293348561240965,0.6705450655011254,0.6278794812204832,0.29420292377471924
1.0,1.0,5,True,166418,5,"[[0, 46, 22, 7, 8, 43, 50, 38, 31, 9, 40, 0], [0, 20, 36, 5, 33, 34, 18, 35, 10, 37, 48, 0], [0, 49, 12, 30, 23, 26, 28, 2, 25, 11, 45, 0], [0, 27, 21, 47, 32, 39, 15, 16, 3, 14, 42, 0], [0, 13, 17, 44, 29, 4, 6, 19, 24, 41, 1, 0]]",2.3574938200836186,0.043470243237128385,0.5987732977664564,0.09210321120917797,0.17156886193371612,0.026587909391756988,0.7258413462109992,0.6970602653330163,0.4263592064380646
1.0,1.0,6,True,166418,5,"[[0, 42, 14, 3, 16, 15, 39, 32, 47, 21, 27, 0], [0, 20, 36, 5, 33, 34, 18, 35, 10, 37, 48, 0], [0, 46, 22, 7, 8, 43, 50, 38, 31, 9, 40, 0], [0, 45, 11, 25, 2, 28, 26, 23, 30, 12, 49, 0], [0, 13, 17, 44, 29, 4, 6, 19, 24, 41, 1, 0]]",2.3574938200836186,0.043470243237128385,0.5987732977664564,0.09210321120917797,0.17156886193371612,0.026587909391756988,0.7258413462109992,0.6970602653330163,0.4263592064380646
1.0,1.0,7,True,167465,5,"[[0, 49, 12, 30, 23, 26, 28, 2, 25, 11, 1, 0], [0, 46, 22, 7, 8, 43, 9, 31, 36, 5, 20, 0], [0, 48, 13, 17, 44, 29, 4, 32, 47, 21, 27, 0], [0, 42, 41, 24, 6, 19, 40, 14, 3, 16, 15, 0], [0, 45, 39, 38, 50, 33, 34, 18, 35, 10, 37, 0]]",2.3525511730767903,0.04252628499689775,0.7578356864178204,0.07979192584753036,0.2702433558006736,0.05108419352119583,0.7202560357876573,0.6919159838065082,0.29420292377471924
1.0,1.0,8,True,166418,5,"[[0, 13, 17, 44, 29, 4, 6, 19, 24, 41, 1, 0], [0, 49, 12, 30, 23, 26, 28, 2, 25, 11, 45, 0], [0, 46, 22, 7, 8, 43, 50, 38, 31, 9, 40, 0], [0, 42, 14, 3, 16, 15, 39, 32, 47, 21, 27, 0], [0, 20, 36, 5, 33, 34, 18, 35, 10, 37, 48, 0]]",2.3574938200836186,0.043470243237128385,0.5987732977664564,0.09210321120917797,0.17156886193371612,0.02658790939175699,0.7258413462109992,0.6970602653330163,0.4263592064380646
1.0,1.0,9,True,166418,5,"[[0, 1, 41, 24, 19, 6, 4, 29, 44, 17, 13, 0], [0, 49, 12, 30, 23, 26, 28, 2, 25, 11, 45, 0], [0, 48, 37, 10, 35, 18, 34, 33, 5, 36, 20, 0], [0, 40, 9, 31, 38, 50, 43, 8, 7, 22, 46, 0], [0, 42, 14, 3, 16, 15, 39, 32, 47, 21, 27, 0]]",1.9375905768902157,0.033121892880346324,0.5987732977664564,0.05605781963095069,0.26256343422877393,0.03573535770028514,0.6757333220816188,0.6368593518204309,0.29420292377471924
