beta,lambda_concentration,seed,is_feasible,pyvrp_cost,num_routes,routes,global_risk,global_cvar90,max_vehicle_risk,max_vehicle_cvar90,vehicle_risk_gini,risk_variance,edge_burden_gini_used,top10_burden_share,max_edge_burden
0.0,0.0,0,True,145999,5,"[[0, 44, 14, 3, 15, 41, 11, 1, 37, 38, 50, 0], [0, 42, 7, 8, 34, 17, 9, 47, 43, 26, 33, 0], [0, 45, 12, 13, 24, 32, 46, 23, 10, 18, 19, 0], [0, 40, 25, 20, 35, 4, 16, 28, 30, 21, 29, 0], [0, 36, 31, 6, 22, 2, 48, 5, 39, 49, 27, 0]]",8.311298998101847,0.18841994544252372,3.086879344598856,0.46611008048057556,0.23786056503765352,0.5836530194713174,0.8389584870462428,0.871782873304784,1.0091875791549683
0.0,0.0,1,True,145999,5,"[[0, 6, 22, 5, 2, 48, 43, 9, 47, 31, 36, 0], [0, 12, 45, 13, 24, 32, 46, 23, 10, 18, 19, 0], [0, 27, 49, 39, 17, 34, 8, 7, 30, 21, 29, 0], [0, 33, 26, 28, 16, 4, 35, 20, 25, 40, 44, 0], [0, 14, 3, 15, 42, 41, 11, 1, 37, 38, 50, 0]]",9.203816349239787,0.2906753458082676,3.088154903613031,0.5595586881041527,0.22958531059540488,0.598368929120502,0.85380109569047,0.8852244099288749,1.7080310583114624
0.0,0.0,2,True,146664,5,"[[0, 27, 49, 39, 17, 34, 8, 7, 16, 12, 45, 0], [0, 35, 4, 6, 22, 5, 43, 47, 9, 31, 36, 0], [0, 33, 26, 28, 30, 48, 2, 20, 25, 40, 19, 0], [0, 14, 3, 15, 42, 41, 11, 1, 37, 38, 50, 0], [0, 29, 21, 18, 10, 23, 46, 32, 24, 13, 44, 0]]",7.383795131434454,0.18811685843941042,2.3701722947880626,0.3906690627336502,0.21894169773546146,0.34207862343191575,0.8337702756376759,0.8604216745379516,1.0091875791549683
0.0,0.0,3,True,146664,5,"[[0, 44, 50, 38, 37, 1, 41, 11, 15, 3, 14, 0], [0, 19, 18, 21, 29, 10, 23, 46, 32, 24, 13, 0], [0, 45, 12, 42, 7, 8, 34, 17, 39, 49, 27, 0], [0, 16, 35, 4, 6, 22, 5, 30, 28, 26, 33, 0], [0, 40, 25, 20, 2, 48, 43, 47, 9, 31, 36, 0]]",8.943888470734237,0.28069919613855226,2.9896456149872392,0.4609368269642194,0.22104835048216054,0.5277886641314834,0.8391822061698191,0.876848438227878,1.0091875791549683
0.0,0.0,4,True,147330,5,"[[0, 36, 31, 9, 47, 43, 48, 2, 20, 25, 40, 0], [0, 45, 12, 13, 24, 32, 46, 23, 10, 29, 44, 0], [0, 14, 3, 15, 42, 11, 41, 1, 37, 38, 50, 0], [0, 21, 35, 4, 6, 22, 5, 30, 28, 26, 33, 0], [0, 27, 49, 39, 17, 34, 8, 7, 16, 18, 19, 0]]",8.190642173198285,0.18536592074311697,2.2256249624770135,0.38086128085851667,0.19155304664665995,0.34647596480761295,0.8402760010332846,0.8732181281752414,1.0091875791549683
0.0,0.0,5,True,147330,5,"[[0, 27, 49, 39, 48, 2, 43, 9, 47, 31, 36, 0], [0, 14, 3, 15, 42, 11, 41, 1, 37, 38, 50, 0], [0, 33, 26, 28, 30, 8, 17, 34, 7, 16, 45, 0], [0, 12, 35, 4, 6, 22, 5, 20, 25, 40, 44, 0], [0, 29, 21, 13, 24, 32, 46, 23, 10, 18, 19, 0]]",8.705444910185179,0.27285717028592316,2.791265057399869,0.34430125802755357,0.17346051700501697,0.3362758670846366,0.8351380725698629,0.8601205401387231,1.0091875791549683
0.0,0.0,6,True,147330,5,"[[0, 50, 38, 37, 1, 41, 11, 15, 3, 14, 45, 0], [0, 36, 31, 9, 47, 43, 2, 48, 39, 49, 27, 0], [0, 40, 25, 20, 5, 22, 6, 4, 35, 16, 12, 0], [0, 13, 24, 32, 46, 23, 10, 29, 21, 18, 19, 0], [0, 42, 7, 34, 17, 8, 30, 28, 26, 33, 44, 0]]",9.141149236500496,0.2777264056534603,2.7548057387466542,0.42303169270356494,0.19896325984131025,0.4443496378378476,0.8418098198467376,0.8792026802524116,1.0091875791549683
0.0,0.0,7,True,146664,5,"[[0, 19, 18, 10, 23, 46, 32, 24, 13, 21, 29, 0], [0, 33, 26, 28, 30, 5, 22, 6, 4, 35, 44, 0], [0, 12, 45, 16, 7, 8, 34, 17, 39, 49, 27, 0], [0, 40, 25, 20, 2, 48, 43, 47, 9, 31, 36, 0], [0, 14, 3, 15, 42, 11, 41, 1, 37, 38, 50, 0]]",8.420030093955575,0.26305956659572466,2.223057587398216,0.25650563680877286,0.11923724751521059,0.1280313458913271,0.835183592844331,0.8727433189726604,1.0091875791549683
0.0,0.0,8,True,147330,5,"[[0, 14, 3, 15, 42, 11, 41, 1, 37, 38, 50, 0], [0, 12, 45, 13, 46, 23, 10, 29, 21, 18, 19, 0], [0, 32, 24, 6, 22, 5, 48, 2, 20, 25, 40, 0], [0, 36, 31, 47, 9, 43, 30, 28, 26, 33, 44, 0], [0, 27, 49, 39, 17, 34, 8, 7, 16, 4, 35, 0]]",9.174676849594107,0.2895489726215601,2.3061799962306395,0.3034409015838589,0.12729405675376126,0.1802264368386394,0.8411046034340002,0.8741114285802875,1.0091875791549683
0.0,0.0,9,True,145999,5,"[[0, 14, 3, 15, 42, 41, 11, 1, 37, 38, 50, 0], [0, 27, 49, 39, 17, 34, 8, 7, 30, 21, 29, 0], [0, 12, 45, 13, 24, 32, 46, 23, 10, 18, 19, 0], [0, 44, 40, 25, 20, 35, 4, 16, 28, 26, 33, 0], [0, 6, 22, 5, 48, 2, 43, 47, 9, 31, 36, 0]]",9.201352945558028,0.2906753458082676,3.088154903613031,0.5595586881041527,0.22953968685118076,0.5978975184879631,0.8538582018083638,0.885461403888731,1.7080310583114624
0.5,0.0,0,True,167226,5,"[[0, 14, 3, 15, 41, 42, 11, 1, 37, 38, 50, 0], [0, 48, 2, 5, 43, 47, 9, 28, 30, 26, 33, 0], [0, 29, 21, 18, 10, 23, 46, 32, 24, 13, 45, 0], [0, 19, 16, 7, 8, 34, 17, 39, 49, 27, 44, 0], [0, 36, 31, 40, 25, 20, 22, 6, 4, 35, 12, 0]]",5.642773381812731,0.13290496649486677,1.5147728896699846,0.22138104736804962,0.1758823019548008,0.13255339292048218,0.8016897111482504,0.8167703817150561,1.0091875791549683
0.5,0.0,1,True,166753,5,"[[0, 14, 3, 15, 42, 41, 11, 1, 37, 38, 50, 0], [0, 29, 21, 18, 4, 35, 20, 25, 40, 31, 36, 0], [0, 6, 22, 5, 2, 48, 47, 9, 43, 26, 33, 0], [0, 19, 10, 23, 46, 32, 24, 13, 45, 12, 44, 0], [0, 30, 28, 16, 7, 8, 34, 17, 39, 49, 27, 0]]",6.352695131296059,0.15282137021422387,2.3190707602771,0.42512093633413317,0.26913688905603683,0.38821253465372557,0.8187273727766899,0.837918455817425,1.0091875791549683
0.5,0.0,2,True,166753,5,"[[0, 36, 31, 40, 25, 20, 35, 4, 18, 21, 29, 0], [0, 14, 3, 15, 42, 41, 11, 1, 37, 38, 50, 0], [0, 30, 28, 16, 7, 8, 34, 17, 39, 49, 27, 0], [0, 6, 22, 5, 2, 48, 47, 9, 43, 26, 33, 0], [0, 44, 12, 45, 13, 24, 32, 46, 23, 10, 19, 0]]",6.35560721004731,0.15282137021422387,2.3190707602771,0.42512093633413317,0.26883029690018145,0.387683331299004,0.8182735330530921,0.8375345295536041,1.0091875791549683
0.5,0.0,3,True,167226,5,"[[0, 50, 38, 37, 1, 41, 42, 11, 15, 3, 14, 0], [0, 12, 35, 4, 6, 22, 20, 25, 40, 31, 36, 0], [0, 19, 16, 7, 8, 34, 17, 39, 49, 27, 44, 0], [0, 2, 48, 5, 43, 9, 47, 28, 30, 26, 33, 0], [0, 45, 13, 24, 32, 46, 23, 10, 18, 21, 29, 0]]",5.632267855253303,0.13290496649486677,1.5147728896699846,0.22138104736804962,0.17722610103794745,0.1342083953904723,0.8039318677793457,0.8182938538152078,1.0091875791549683
0.5,0.0,4,True,166753,5,"[[0, 27, 49, 39, 17, 34, 8, 7, 16, 28, 30, 0], [0, 19, 10, 23, 46, 32, 24, 13, 45, 12, 44, 0], [0, 36, 31, 40, 25, 20, 35, 4, 18, 21, 29, 0], [0, 6, 22, 5, 2, 48, 47, 9, 43, 26, 33, 0], [0, 50, 38, 37, 1, 41, 42, 11, 15, 3, 14, 0]]",6.35560721004731,0.15282137021422387,2.3190707602771,0.42512093633413317,0.26883029690018145,0.387683331299004,0.8182735330530921,0.8375345295536041,1.0091875791549683
0.5,0.0,5,True,166718,5,"[[0, 36, 31, 40, 25, 20, 35, 4, 18, 21, 29, 0], [0, 45, 12, 6, 22, 34, 17, 39, 49, 27, 44, 0], [0, 2, 48, 47, 9, 43, 5, 46, 32, 24, 13, 0], [0, 33, 26, 30, 28, 16, 7, 8, 23, 10, 19, 0], [0, 14, 3, 15, 42, 41, 11, 1, 37, 38, 50, 0]]",5.255222844745731,0.13230300263967365,1.4343292909616139,0.1727192991723617,0.1689067832427995,0.1047983210549146,0.7980450461017625,0.8087078593606395,1.0091875791549683
0.5,0.0,6,True,166844,5,"[[0, 50, 38, 37, 1, 11, 41, 42, 15, 3, 14, 0], [0, 33, 26, 30, 28, 16, 7, 8, 23, 10, 19, 0], [0, 29, 43, 47, 9, 34, 17, 39, 49, 27, 44, 0], [0, 45, 21, 18, 4, 35, 20, 25, 40, 31, 36, 0], [0, 6, 22, 5, 2, 48, 46, 32, 24, 13, 12, 0]]",5.074808819772443,0.1265222824877128,1.6164016651455313,0.1553355765839418,0.22509157134275193,0.18225383174617033,0.7931298278918979,0.8043796944610809,1.0091875791549683
0.5,0.0,7,True,166998,5,"[[0, 44, 27, 49, 39, 17, 34, 8, 23, 10, 19, 0], [0, 1, 11, 41, 42, 7, 16, 28, 30, 26, 33, 0], [0, 12, 45, 6, 22, 5, 20, 25, 40, 31, 36, 0], [0, 15, 3, 14, 13, 46, 32, 24, 37, 38, 50, 0], [0, 2, 48, 9, 47, 43, 35, 4, 18, 21, 29, 0]]",4.686845053336583,0.1175061042510694,1.2966341199353337,0.22138104736804962,0.1948609421780405,0.1203282245660519,0.767826589713392,0.7777939142010392,0.6949486136436462
0.5,0.0,8,True,166718,5,"[[0, 50, 38, 37, 1, 11, 41, 42, 15, 3, 14, 0], [0, 12, 45, 6, 22, 34, 17, 39, 49, 27, 44, 0], [0, 33, 26, 30, 28, 16, 7, 8, 23, 10, 19, 0], [0, 36, 31, 40, 25, 20, 35, 4, 18, 21, 29, 0], [0, 2, 48, 47, 9, 43, 5, 46, 32, 24, 13, 0]]",5.255222844745731,0.13230300263967365,1.4343292909616139,0.1727192991723617,0.1689067832427995,0.1047983210549146,0.7980450461017625,0.8087078593606395,1.0091875791549683
0.5,0.0,9,True,166718,5,"[[0, 50, 38, 37, 1, 41, 42, 11, 15, 3, 14, 0], [0, 19, 10, 23, 8, 7, 16, 28, 30, 26, 33, 0], [0, 27, 49, 39, 17, 34, 22, 6, 12, 45, 44, 0], [0, 36, 31, 40, 25, 20, 35, 4, 18, 21, 29, 0], [0, 2, 48, 47, 9, 43, 5, 46, 32, 24, 13, 0]]",5.255222844745731,0.13230300263967365,1.4343292909616139,0.1727192991723617,0.1689067832427995,0.1047983210549146,0.7980450461017625,0.8087078593606395,1.0091875791549683
1.0,0.0,0,True,178590,5,"[[0, 44, 1, 41, 42, 11, 15, 3, 14, 38, 50, 0], [0, 45, 12, 13, 23, 46, 32, 24, 37, 49, 27, 0], [0, 2, 48, 47, 9, 43, 29, 21, 18, 10, 19, 0], [0, 35, 4, 6, 22, 5, 20, 25, 40, 31, 36, 0], [0, 34, 17, 39, 8, 7, 16, 28, 30, 26, 33, 0]]",4.099729396373732,0.09812883540026603,1.3387367498362437,0.18763344207157692,0.19157968492581334,0.08862209415117413,0.7369465560664095,0.7440121240175139,0.6142648458480835
1.0,0.0,1,True,178684,5,"[[0, 13, 23, 10, 18, 21, 20, 25, 40, 45, 12, 0], [0, 19, 16, 7, 8, 39, 17, 34, 3, 14, 38, 0], [0, 44, 50, 27, 49, 37, 24, 32, 46, 31, 36, 0], [0, 15, 11, 42, 5, 22, 6, 4, 35, 43, 29, 0], [0, 1, 41, 2, 48, 47, 9, 28, 30, 26, 33, 0]]",3.1698920167109463,0.05959678798293074,1.0615627045044675,0.09935432113707066,0.22581894907160383,0.06936272029458221,0.6905468088835867,0.6770482639817168,0.6142648458480835
1.0,0.0,2,True,178215,5,"[[0, 44, 50, 38, 14, 3, 15, 11, 41, 42, 1, 0], [0, 33, 26, 30, 28, 2, 48, 47, 9, 43, 29, 0], [0, 27, 49, 37, 4, 35, 20, 25, 40, 31, 36, 0], [0, 13, 24, 32, 46, 5, 39, 17, 34, 22, 6, 0], [0, 19, 16, 7, 8, 23, 10, 18, 21, 45, 12, 0]]",3.4671889409946743,0.06560345807749975,1.565443561412394,0.1715979294385761,0.4044484937885475,0.2777680983400743,0.7220558350086499,0.7163367527255159,0.6142648458480835
1.0,0.0,3,True,178579,5,"[[0, 44, 1, 42, 41, 11, 15, 3, 14, 38, 50, 0], [0, 33, 26, 30, 28, 9, 47, 4, 35, 43, 29, 0], [0, 12, 2, 48, 34, 17, 39, 8, 7, 16, 19, 0], [0, 45, 6, 22, 5, 46, 32, 24, 37, 49, 27, 0], [0, 36, 31, 40, 25, 20, 21, 18, 10, 23, 13, 0]]",3.1580626121431123,0.059596722221208945,1.083494071266614,0.09935379504329628,0.2592903239736124,0.08980524290864314,0.6935500021321876,0.6829178337432502,0.6142648458480835
1.0,0.0,4,True,178378,5,"[[0, 1, 41, 11, 42, 7, 16, 28, 30, 26, 33, 0], [0, 45, 6, 22, 5, 46, 32, 24, 37, 49, 27, 0], [0, 15, 2, 48, 34, 17, 39, 8, 23, 13, 12, 0], [0, 29, 21, 20, 25, 40, 3, 14, 38, 50, 44, 0], [0, 19, 10, 18, 4, 35, 43, 47, 9, 31, 36, 0]]",3.5578319495834876,0.07078428638892041,1.083494071266614,0.09935379504329628,0.1602409393996438,0.04602741726534315,0.7189029311866741,0.713324481385273,0.6142648458480835
1.0,0.0,5,True,178579,5,"[[0, 44, 50, 38, 14, 3, 15, 11, 41, 42, 1, 0], [0, 19, 16, 7, 8, 39, 17, 34, 48, 2, 12, 0], [0, 27, 49, 37, 24, 32, 46, 5, 22, 6, 45, 0], [0, 33, 26, 30, 28, 47, 9, 4, 35, 43, 29, 0], [0, 13, 23, 10, 18, 21, 20, 25, 40, 31, 36, 0]]",3.151353809487773,0.059596722221208945,1.083494071266614,0.09935379504329628,0.2615454086666906,0.09072981001644785,0.6958249058308592,0.6810307039314939,0.6142648458480835
1.0,0.0,6,True,178180,5,"[[0, 27, 49, 37, 24, 32, 46, 39, 17, 34, 12, 0], [0, 35, 4, 6, 22, 5, 20, 25, 40, 31, 36, 0], [0, 33, 26, 30, 28, 16, 7, 8, 23, 13, 45, 0], [0, 2, 48, 9, 47, 43, 29, 21, 18, 10, 19, 0], [0, 44, 50, 38, 14, 3, 15, 11, 41, 42, 1, 0]]",3.680872027965961,0.07647623792290688,1.0999201555969194,0.12529559193977288,0.18104076839708494,0.05622168010967506,0.7226129158826331,0.7236951398843119,0.6142648458480835
1.0,0.0,7,True,178180,5,"[[0, 44, 50, 38, 14, 3, 15, 42, 11, 41, 1, 0], [0, 12, 34, 17, 39, 5, 20, 25, 40, 31, 36, 0], [0, 2, 48, 47, 9, 43, 29, 21, 18, 10, 19, 0], [0, 33, 26, 30, 28, 16, 7, 8, 23, 13, 45, 0], [0, 35, 4, 6, 22, 46, 32, 24, 37, 49, 27, 0]]",4.018615894688992,0.09889336911340554,1.402011035126634,0.14803794317413121,0.2259635226989869,0.11429694263681664,0.7393352925167533,0.7449877563672145,0.6142648458480835
1.0,0.0,8,True,178932,5,"[[0, 33, 26, 30, 28, 9, 47, 3, 14, 38, 50, 0], [0, 12, 45, 40, 25, 20, 21, 18, 10, 23, 13, 0], [0, 29, 43, 35, 4, 6, 22, 5, 2, 48, 41, 0], [0, 44, 36, 31, 46, 32, 24, 37, 27, 49, 1, 0], [0, 15, 11, 42, 39, 17, 34, 8, 7, 16, 19, 0]]",3.5403208254429046,0.06848766644661491,1.0944180152146146,0.12529593014291354,0.24120948964091604,0.1004527537620298,0.7152422954017672,0.7097226388987338,0.6142648458480835
1.0,0.0,9,True,178180,5,"[[0, 44, 1, 42, 41, 11, 15, 3, 14, 38, 50, 0], [0, 35, 4, 6, 22, 46, 32, 24, 37, 49, 27, 0], [0, 2, 48, 9, 47, 43, 29, 21, 18, 10, 19, 0], [0, 33, 26, 30, 28, 16, 7, 8, 23, 13, 45, 0], [0, 12, 34, 17, 39, 5, 20, 25, 40, 31, 36, 0]]",4.018615894688992,0.09889336911340554,1.402011035126634,0.14803794317413121,0.2259635226989869,0.11429694263681664,0.7393352925167533,0.7449877563672145,0.6142648458480835
1.5,0.0,0,True,187407,5,"[[0, 12, 6, 22, 5, 46, 32, 24, 37, 49, 27, 0], [0, 19, 29, 43, 4, 35, 20, 25, 40, 31, 36, 0], [0, 13, 23, 10, 18, 21, 45, 14, 38, 50, 44, 0], [0, 41, 11, 2, 48, 9, 47, 28, 30, 26, 33, 0], [0, 15, 3, 34, 17, 39, 8, 16, 7, 42, 1, 0]]",3.2709894377039745,0.06094299609193931,1.08642054151278,0.09935379504329628,0.26056368746136216,0.09128328253337385,0.6885206803276211,0.6817211476773415,0.6142648458480835
1.5,0.0,1,True,187277,5,"[[0, 33, 26, 30, 28, 9, 47, 48, 2, 11, 41, 0], [0, 1, 42, 7, 16, 8, 39, 17, 34, 3, 15, 0], [0, 27, 49, 37, 24, 32, 46, 5, 22, 6, 12, 0], [0, 19, 21, 18, 10, 23, 13, 45, 14, 38, 50, 0], [0, 44, 29, 43, 4, 35, 20, 25, 40, 31, 36, 0]]",3.4294841797091067,0.0669833958769838,1.08642054151278,0.09935379504329628,0.21364405134289122,0.06976012545577163,0.6999905697873117,0.6958521878599488,0.6142648458480835
1.5,0.0,2,True,186866,5,"[[0, 27, 49, 37, 24, 32, 46, 5, 22, 6, 12, 0], [0, 45, 48, 2, 34, 17, 39, 8, 7, 16, 19, 0], [0, 13, 23, 10, 18, 21, 20, 25, 40, 31, 36, 0], [0, 29, 43, 35, 4, 9, 47, 28, 30, 26, 33, 0], [0, 44, 50, 38, 14, 3, 15, 41, 11, 42, 1, 0]]",3.151353809487773,0.059596722221208945,1.08642054151278,0.09935379504329628,0.26228831991641566,0.09143436935261404,0.6958249058308592,0.6810307039314939,0.6142648458480835
1.5,0.0,3,True,187607,5,"[[0, 44, 19, 16, 7, 8, 39, 17, 34, 3, 15, 0], [0, 1, 41, 11, 42, 35, 43, 4, 40, 25, 20, 0], [0, 27, 49, 37, 24, 32, 46, 5, 22, 6, 12, 0], [0, 29, 21, 18, 10, 23, 13, 45, 14, 38, 50, 0], [0, 33, 26, 30, 28, 9, 47, 48, 2, 31, 36, 0]]",2.8005485087051056,0.05123710446059704,1.08642054151278,0.09935379504329628,0.2851955919541862,0.087860519677426,0.6499704784215228,0.6321006993475975,0.6142648458480835
1.5,0.0,4,True,187137,5,"[[0, 1, 41, 2, 48, 47, 9, 28, 30, 26, 33, 0], [0, 12, 6, 22, 5, 46, 32, 24, 37, 49, 27, 0], [0, 50, 38, 14, 45, 13, 23, 10, 18, 21, 29, 0], [0, 44, 19, 16, 7, 8, 39, 17, 34, 3, 15, 0], [0, 42, 11, 4, 43, 35, 20, 25, 40, 31, 36, 0]]",2.9611244855914265,0.05672641481985064,1.08642054151278,0.09935379504329628,0.26052298848338973,0.08194462453828998,0.6690480565930148,0.6522091605714389,0.6142648458480835
1.5,0.0,5,True,187137,5,"[[0, 44, 19, 16, 7, 8, 39, 17, 34, 3, 15, 0], [0, 42, 11, 4, 43, 35, 20, 25, 40, 31, 36, 0], [0, 29, 21, 18, 10, 23, 13, 45, 14, 38, 50, 0], [0, 27, 49, 37, 24, 32, 46, 5, 22, 6, 12, 0], [0, 1, 41, 2, 48, 9, 47, 28, 30, 26, 33, 0]]",2.9649212094955146,0.05672641481985064,1.08642054151278,0.09935379504329628,0.2601893762933689,0.0817839639778121,0.6673491106711942,0.6513739754398828,0.6142648458480835
1.5,0.0,6,True,187137,5,"[[0, 29, 21, 18, 10, 23, 13, 45, 14, 38, 50, 0], [0, 15, 3, 34, 17, 39, 8, 7, 16, 19, 44, 0], [0, 1, 11, 4, 43, 35, 20, 25, 40, 31, 36, 0], [0, 12, 6, 22, 5, 46, 32, 24, 37, 49, 27, 0], [0, 42, 41, 2, 48, 47, 9, 28, 30, 26, 33, 0]]",2.9649212094955146,0.05672641481985064,1.08642054151278,0.09935379504329628,0.25222524588223094,0.07900891040048569,0.6673491106711942,0.6513739754398828,0.6142648458480835
1.5,0.0,7,True,187613,5,"[[0, 35, 4, 6, 22, 34, 17, 39, 8, 23, 13, 0], [0, 12, 45, 1, 41, 11, 15, 3, 14, 38, 50, 0], [0, 42, 7, 16, 5, 46, 32, 24, 37, 49, 27, 0], [0, 29, 43, 9, 47, 2, 48, 28, 30, 26, 33, 0], [0, 44, 19, 10, 18, 21, 20, 25, 40, 31, 36, 0]]",3.377721035009017,0.06761164399130004,1.0466687473235652,0.12453625098403011,0.24716872266629508,0.09505378979248671,0.7138063326868029,0.7029198594976274,0.6142648458480835
1.5,0.0,8,True,187137,5,"[[0, 50, 38, 14, 45, 13, 23, 10, 18, 21, 29, 0], [0, 1, 11, 2, 48, 9, 47, 28, 30, 26, 33, 0], [0, 12, 6, 22, 5, 46, 32, 24, 37, 49, 27, 0], [0, 15, 3, 34, 17, 39, 8, 7, 16, 19, 44, 0], [0, 42, 41, 4, 43, 35, 20, 25, 40, 31, 36, 0]]",2.9611244855914265,0.05672641481985064,1.08642054151278,0.09935379504329628,0.26234548265118707,0.08256198238222337,0.6690480565930148,0.6522091605714389,0.6142648458480835
1.5,0.0,9,True,187137,5,"[[0, 50, 38, 14, 45, 13, 23, 10, 18, 21, 29, 0], [0, 15, 3, 34, 17, 39, 8, 7, 16, 19, 44, 0], [0, 12, 6, 22, 5, 46, 32, 24, 37, 49, 27, 0], [0, 36, 31, 40, 25, 20, 35, 43, 4, 11, 42, 0], [0, 1, 41, 2, 48, 47, 9, 28, 30, 26, 33, 0]]",2.9678332882467657,0.05672641481985064,1.08642054151278,0.09935379504329628,0.2590298728166174,0.08161658112464372,0.6664940498621656,0.6507348383561026,0.6142648458480835
2.0,0.0,0,True,194982,5,"[[0, 33, 26, 30, 28, 47, 9, 2, 48, 41, 11, 0], [0, 1, 42, 5, 22, 6, 24, 32, 46, 31, 36, 0], [0, 44, 19, 16, 7, 8, 39, 17, 34, 3, 15, 0], [0, 27, 49, 37, 4, 43, 35, 20, 25, 40, 45, 0], [0, 29, 21, 18, 10, 23, 13, 12, 14, 38, 50, 0]]",2.9782732707099058,0.05672641481985064,1.3562467079609632,0.09981233812868595,0.3599154912045337,0.17151937562761302,0.6644596876855133,0.6484537648336013,0.6142648458480835
2.0,0.0,1,True,195560,5,"[[0, 27, 49, 37, 4, 43, 35, 41, 11, 42, 1, 0], [0, 12, 6, 22, 5, 46, 32, 24, 23, 13, 45, 0], [0, 33, 26, 30, 28, 47, 9, 3, 14, 38, 50, 0], [0, 15, 48, 2, 34, 17, 39, 8, 7, 16, 19, 0], [0, 29, 10, 18, 21, 20, 25, 40, 31, 36, 44, 0]]",2.8582552257867064,0.055129977225354225,1.1868394071934745,0.07046804362191604,0.29093480399980964,0.10659361074742861,0.6660141479098443,0.6462336345382916,0.6142648458480835
2.0,0.0,2,True,195758,5,"[[0, 27, 49, 37, 24, 13, 23, 10, 18, 21, 29, 0], [0, 45, 40, 25, 20, 9, 47, 28, 30, 26, 33, 0], [0, 19, 16, 7, 8, 39, 17, 34, 2, 48, 12, 0], [0, 36, 31, 32, 46, 5, 22, 6, 4, 43, 35, 0], [0, 1, 42, 11, 41, 15, 3, 14, 38, 50, 44, 0]]",2.8771547174837906,0.055129977225354225,1.168149733566679,0.14051685349217483,0.25720796389029865,0.09377037216437302,0.6595328753006222,0.6421404277836447,0.6142648458480835
2.0,0.0,3,True,195045,5,"[[0, 44, 15, 3, 34, 17, 39, 8, 7, 16, 19, 0], [0, 45, 6, 4, 43, 35, 20, 25, 40, 31, 36, 0], [0, 29, 21, 18, 10, 23, 13, 12, 14, 38, 50, 0], [0, 33, 26, 30, 28, 9, 47, 2, 48, 41, 11, 0], [0, 1, 42, 5, 22, 46, 32, 24, 37, 49, 27, 0]]",2.9814883294166066,0.05672641481985064,1.0950222458923236,0.12453625098403011,0.25451738990735295,0.08123966290093791,0.6632611343820318,0.647754511074346,0.6142648458480835
2.0,0.0,4,True,194804,5,"[[0, 12, 6, 22, 5, 46, 32, 24, 37, 49, 27, 0], [0, 1, 42, 11, 41, 35, 43, 4, 40, 25, 20, 0], [0, 19, 16, 7, 8, 39, 17, 34, 3, 15, 44, 0], [0, 29, 21, 18, 10, 23, 13, 45, 14, 38, 50, 0], [0, 36, 31, 48, 2, 47, 9, 28, 30, 26, 33, 0]]",2.803115883783903,0.05123710446059704,1.08642054151278,0.09935379504329628,0.2853007413623352,0.08794488921167269,0.6485501887772875,0.6315217580372569,0.6142648458480835
2.0,0.0,5,True,195360,5,"[[0, 50, 44, 36, 31, 46, 32, 24, 37, 49, 27, 0], [0, 38, 14, 3, 34, 17, 39, 8, 7, 16, 19, 0], [0, 29, 43, 35, 4, 6, 22, 5, 42, 11, 1, 0], [0, 45, 13, 23, 10, 18, 21, 20, 25, 40, 12, 0], [0, 15, 41, 48, 2, 47, 9, 28, 30, 26, 33, 0]]",3.173722264735261,0.05959678798293074,1.0641300795832649,0.09935432113707066,0.2288113010630104,0.07001778342659061,0.688627069417012,0.6762311594718812,0.6142648458480835
2.0,0.0,6,True,194844,5,"[[0, 27, 49, 37, 24, 32, 46, 5, 22, 6, 45, 0], [0, 29, 21, 18, 10, 23, 13, 12, 14, 38, 50, 0], [0, 33, 26, 30, 28, 47, 9, 2, 48, 41, 1, 0], [0, 42, 11, 4, 43, 35, 20, 25, 40, 31, 36, 0], [0, 15, 3, 34, 17, 39, 8, 7, 16, 19, 44, 0]]",2.9649212094955146,0.05672641481985064,1.083494071266614,0.09935379504329628,0.2593997511966091,0.08108772149398139,0.6673491106711942,0.6513739754398828,0.6142648458480835
2.0,0.0,7,True,194804,5,"[[0, 19, 16, 7, 8, 39, 17, 34, 3, 15, 44, 0], [0, 27, 49, 37, 24, 32, 46, 5, 22, 6, 12, 0], [0, 29, 21, 18, 10, 23, 13, 45, 14, 38, 50, 0], [0, 1, 42, 11, 41, 35, 43, 4, 40, 25, 20, 0], [0, 33, 26, 30, 28, 47, 9, 2, 48, 31, 36, 0]]",2.8005485087051056,0.05123710446059704,1.08642054151278,0.09935379504329628,0.2851955919541862,0.087860519677426,0.6499704784215228,0.6321006993475975,0.6142648458480835
2.0,0.0,8,True,194804,5,"[[0, 50, 38, 14, 45, 13, 23, 10, 18, 21, 29, 0], [0, 15, 3, 34, 17, 39, 8, 7, 16, 19, 44, 0], [0, 12, 6, 22, 5, 46, 32, 24, 37, 49, 27, 0], [0, 20, 25, 40, 4, 43, 35, 41, 11, 42, 1, 0], [0, 36, 31, 48, 2, 47, 9, 28, 30, 26, 33, 0]]",2.799319159879815,0.05123710446059704,1.08642054151278,0.09935379504329628,0.2856876955046528,0.08805640336031553,0.6502509635141398,0.632378292650764,0.6142648458480835
2.0,0.0,9,True,194804,5,"[[0, 12, 6, 22, 5, 46, 32, 24, 37, 49, 27, 0], [0, 33, 26, 30, 28, 9, 47, 2, 48, 31, 36, 0], [0, 19, 16, 7, 8, 39, 17, 34, 3, 15, 44, 0], [0, 20, 25, 40, 4, 43, 35, 41, 11, 42, 1, 0], [0, 50, 38, 14, 45, 13, 23, 10, 18, 21, 29, 0]]",2.7967517848010175,0.05123710446059704,1.08642054151278,0.09935379504329628,0.2855827585691135,0.08797125401692225,0.651664057528911,0.6329588061871266,0.6142648458480835
3.0,0.0,0,True,209221,5,"[[0, 20, 25, 40, 4, 43, 35, 42, 41, 11, 1, 0], [0, 44, 15, 3, 34, 17, 39, 8, 7, 16, 19, 0], [0, 50, 38, 14, 12, 13, 23, 10, 18, 21, 29, 0], [0, 36, 31, 48, 2, 47, 9, 28, 30, 26, 33, 0], [0, 45, 6, 22, 5, 46, 32, 24, 37, 49, 27, 0]]",2.799319159879815,0.05123710446059704,1.083494071266614,0.09935379504329628,0.2848513577870797,0.08735571647666954,0.6502509635141398,0.632378292650764,0.6142648458480835
3.0,0.0,1,True,207976,5,"[[0, 50, 38, 14, 45, 13, 23, 10, 18, 21, 29, 0], [0, 44, 15, 3, 34, 17, 39, 8, 7, 16, 19, 0], [0, 36, 31, 37, 24, 32, 46, 5, 22, 6, 12, 0], [0, 33, 26, 30, 28, 9, 47, 48, 2, 11, 42, 0], [0, 20, 25, 40, 4, 43, 35, 41, 1, 49, 27, 0]]",2.586406777438242,0.04586332257498394,0.9513122208882123,0.05829994101077318,0.28398537758226294,0.07140754455280651,0.6252834030161227,0.6006233833346508,0.6142648458480835
3.0,0.0,2,True,209806,5,"[[0, 29, 43, 35, 20, 40, 25, 21, 14, 38, 50, 0], [0, 12, 45, 13, 23, 8, 39, 17, 34, 3, 15, 0], [0, 19, 10, 18, 4, 37, 24, 32, 46, 31, 36, 0], [0, 27, 49, 1, 11, 42, 7, 16, 5, 22, 6, 0], [0, 33, 26, 30, 28, 47, 9, 48, 2, 41, 44, 0]]",2.673218977637589,0.047732308835667724,0.8479498261585832,0.10808287281543016,0.24098915595892345,0.05839414537744323,0.639340059157115,0.6159793694155347,0.6142648458480835
3.0,0.0,3,True,208525,5,"[[0, 44, 19, 16, 7, 8, 39, 17, 34, 22, 6, 0], [0, 20, 25, 40, 4, 37, 24, 32, 46, 5, 42, 0], [0, 36, 31, 2, 48, 47, 9, 28, 30, 26, 33, 0], [0, 50, 38, 14, 3, 15, 41, 11, 1, 49, 27, 0], [0, 35, 43, 29, 21, 18, 10, 23, 13, 45, 12, 0]]",2.583844514709199,0.04586332257498394,1.020106685202336,0.09982991218566895,0.2994240980994307,0.08355326091996357,0.6321568835134401,0.604905238387303,0.6142648458480835
3.0,0.0,4,True,208525,5,"[[0, 44, 50, 38, 14, 3, 15, 11, 1, 49, 27, 0], [0, 36, 31, 2, 48, 9, 47, 28, 30, 26, 33, 0], [0, 45, 13, 23, 10, 18, 21, 29, 43, 35, 41, 0], [0, 42, 5, 46, 32, 24, 37, 4, 40, 25, 20, 0], [0, 12, 6, 22, 34, 17, 39, 8, 7, 16, 19, 0]]",2.5800477908051107,0.04586332257498394,1.027325722243404,0.09990106662735343,0.302100881054262,0.08552521984621603,0.6340944490088776,0.6057953994868289,0.6142648458480835
3.0,0.0,5,True,208642,5,"[[0, 44, 27, 49, 1, 35, 43, 4, 40, 25, 20, 0], [0, 42, 15, 3, 34, 17, 39, 8, 7, 16, 19, 0], [0, 50, 38, 14, 12, 13, 23, 10, 18, 21, 29, 0], [0, 36, 31, 37, 24, 32, 46, 5, 22, 6, 45, 0], [0, 41, 11, 2, 48, 47, 9, 28, 30, 26, 33, 0]]",2.586380667897174,0.04586332257498394,0.9585312579292804,0.0512030455801222,0.29193471592778675,0.07491681130365496,0.628427605201231,0.6031769465507834,0.6142648458480835
3.0,0.0,6,True,208286,5,"[[0, 50, 38, 14, 3, 15, 41, 11, 1, 49, 27, 0], [0, 13, 23, 10, 18, 21, 20, 25, 40, 31, 36, 0], [0, 42, 35, 2, 48, 9, 47, 28, 30, 26, 33, 0], [0, 29, 43, 4, 37, 24, 32, 46, 5, 22, 6, 0], [0, 45, 12, 34, 17, 39, 8, 7, 16, 19, 44, 0]]",2.6368771168927196,0.04970991692971438,1.020106685202336,0.09982991218566895,0.296459149071967,0.08398287519125451,0.6467037920721961,0.6225017051695401,0.6142648458480835
3.0,0.0,7,True,208243,5,"[[0, 44, 27, 49, 1, 41, 15, 3, 14, 38, 50, 0], [0, 36, 31, 37, 24, 32, 46, 5, 16, 7, 42, 0], [0, 29, 43, 4, 40, 25, 20, 21, 18, 10, 19, 0], [0, 11, 35, 2, 48, 47, 9, 28, 30, 26, 33, 0], [0, 45, 6, 22, 34, 17, 39, 8, 23, 13, 12, 0]]",2.566548060363857,0.04827014945687786,1.020579932112014,0.09990106662735343,0.3181350019003544,0.09203797438934973,0.6343131009749163,0.6051330485737682,0.6142648458480835
3.0,0.0,8,True,209800,5,"[[0, 15, 3, 2, 48, 9, 47, 28, 30, 26, 33, 0], [0, 27, 49, 1, 35, 20, 25, 40, 4, 43, 29, 0], [0, 36, 31, 37, 24, 32, 46, 5, 42, 41, 11, 0], [0, 45, 21, 18, 10, 23, 13, 12, 14, 38, 50, 0], [0, 6, 22, 34, 17, 39, 8, 7, 16, 19, 44, 0]]",2.6874761186772957,0.047732308835667724,1.1414830384310335,0.08168390545655381,0.3313028586697928,0.11489313902777605,0.6379337299933683,0.6124077586894616,0.6142648458480835
3.0,0.0,9,True,209221,5,"[[0, 36, 31, 2, 48, 47, 9, 28, 30, 26, 33, 0], [0, 29, 21, 18, 10, 23, 13, 45, 14, 38, 50, 0], [0, 27, 49, 37, 24, 32, 46, 5, 22, 6, 12, 0], [0, 19, 16, 7, 8, 39, 17, 34, 3, 15, 44, 0], [0, 1, 11, 41, 42, 35, 43, 4, 40, 25, 20, 0]]",2.803115883783903,0.05123710446059704,1.08642054151278,0.09935379504329628,0.2853007413623352,0.08794488921167269,0.6485501887772875,0.6315217580372569,0.6142648458480835
