beta,lambda_concentration,seed,is_feasible,pyvrp_cost,num_routes,routes,global_risk,global_cvar90,max_vehicle_risk,max_vehicle_cvar90,vehicle_risk_gini,risk_variance,edge_burden_gini_used,top10_burden_share,max_edge_burden
0.0,0.0,0,True,133997,5,"[[0, 14, 42, 41, 1, 45, 11, 15, 3, 16, 48, 0], [0, 18, 32, 4, 29, 19, 6, 24, 40, 20, 44, 0], [0, 27, 35, 5, 36, 28, 26, 23, 30, 12, 49, 0], [0, 46, 22, 7, 8, 43, 33, 34, 2, 25, 39, 0], [0, 17, 13, 10, 37, 50, 38, 31, 9, 47, 21, 0]]",11.493116114172153,0.20514453483708933,3.145265612984076,0.41460610181093216,0.11080553910484725,0.22813052041503806,0.844049300397135,0.8885641788379511,1.2429008483886719
0.0,0.0,1,True,133997,5,"[[0, 17, 13, 10, 37, 50, 38, 31, 9, 47, 21, 0], [0, 18, 32, 4, 29, 6, 19, 24, 40, 20, 44, 0], [0, 14, 42, 41, 1, 11, 45, 15, 3, 16, 48, 0], [0, 46, 22, 7, 8, 43, 33, 34, 2, 25, 39, 0], [0, 27, 35, 5, 36, 28, 26, 23, 30, 12, 49, 0]]",11.493116114172153,0.20514453483708933,3.145265612984076,0.41460610181093216,0.11080553910484725,0.22813052041503804,0.844049300397135,0.8885641788379511,1.2429008483886719
0.0,0.0,2,True,133998,5,"[[0, 16, 3, 15, 45, 11, 1, 41, 42, 14, 48, 0], [0, 25, 2, 34, 33, 43, 8, 7, 22, 46, 39, 0], [0, 38, 31, 9, 47, 21, 27, 23, 30, 49, 12, 0], [0, 26, 28, 36, 5, 35, 10, 37, 50, 13, 17, 0], [0, 44, 20, 40, 24, 6, 19, 29, 4, 32, 18, 0]]",13.729335312149487,0.47232461319519925,3.434957200777717,0.5500873923301697,0.14193126358539487,0.5497908342236253,0.8459989024036816,0.8681495250718533,1.2429008483886719
1.0,0.0,0,True,161002,5,"[[0, 42, 14, 3, 38, 50, 5, 33, 34, 18, 35, 0], [0, 11, 39, 25, 2, 28, 26, 23, 30, 49, 12, 0], [0, 40, 9, 31, 36, 7, 8, 43, 22, 46, 45, 0], [0, 48, 27, 10, 37, 13, 17, 44, 20, 16, 15, 0], [0, 1, 41, 24, 19, 6, 4, 32, 29, 47, 21, 0]]",5.290326877497137,0.09055212092526416,1.5933506020810455,0.1854034119418689,0.16929321040750667,0.10534144331540365,0.7824571253823618,0.7846554337281239,0.9119514226913452
1.0,0.0,1,True,161238,5,"[[0, 34, 33, 5, 36, 50, 38, 31, 9, 3, 14, 0], [0, 12, 13, 17, 43, 8, 7, 22, 46, 1, 48, 0], [0, 37, 10, 35, 18, 32, 4, 29, 47, 21, 27, 0], [0, 45, 11, 39, 25, 2, 28, 26, 23, 30, 49, 0], [0, 15, 16, 42, 41, 24, 6, 19, 40, 44, 20, 0]]",5.358603168046102,0.08474679875607584,1.847070906078443,0.19638606626540422,0.2864348051922563,0.2976354296808597,0.7770905138085118,0.7800474116347746,0.9119514226913452
1.0,0.0,2,True,161055,5,"[[0, 1, 45, 11, 25, 2, 28, 26, 23, 30, 49, 0], [0, 21, 47, 29, 32, 4, 6, 19, 24, 41, 42, 0], [0, 15, 16, 20, 44, 17, 13, 37, 10, 40, 12, 0], [0, 46, 22, 43, 8, 7, 36, 31, 9, 3, 14, 0], [0, 48, 39, 38, 50, 5, 33, 34, 18, 35, 27, 0]]",5.30477088666521,0.08726427924572205,2.1979867552872747,0.21415663841697904,0.290884374509919,0.3769563291891017,0.7805912830043862,0.7811510743820708,0.9119514226913452
