beta,lambda_concentration,seed,is_feasible,pyvrp_cost,num_routes,routes,global_risk,global_cvar90,max_vehicle_risk,max_vehicle_cvar90,vehicle_risk_gini,risk_variance,edge_burden_gini_used,top10_burden_share,max_edge_burden
0.0,0.0,0,True,145999,5,"[[0, 44, 14, 3, 15, 41, 11, 1, 37, 38, 50, 0], [0, 42, 7, 8, 34, 17, 9, 47, 43, 26, 33, 0], [0, 45, 12, 13, 24, 32, 46, 23, 10, 18, 19, 0], [0, 40, 25, 20, 35, 4, 16, 28, 30, 21, 29, 0], [0, 36, 31, 6, 22, 2, 48, 5, 39, 49, 27, 0]]",10.624626098957378,0.14676824757171905,4.075014569578343,0.541896291077137,0.25902217273555017,1.1152052256507248,0.8784199153393919,0.9007602483987046,1.0349829196929932
0.0,0.0,1,True,145999,5,"[[0, 6, 22, 5, 2, 48, 43, 9, 47, 31, 36, 0], [0, 12, 45, 13, 24, 32, 46, 23, 10, 18, 19, 0], [0, 27, 49, 39, 17, 34, 8, 7, 30, 21, 29, 0], [0, 33, 26, 28, 16, 4, 35, 20, 25, 40, 44, 0], [0, 14, 3, 15, 42, 41, 11, 1, 37, 38, 50, 0]]",11.8842204548273,0.16298615001142025,3.679816055839183,0.6632258266210556,0.24539766263888585,1.1036028617354021,0.8899044879662945,0.9126424741912442,1.999999761581421
0.0,0.0,2,True,146664,5,"[[0, 27, 49, 39, 17, 34, 8, 7, 16, 12, 45, 0], [0, 35, 4, 6, 22, 5, 43, 47, 9, 31, 36, 0], [0, 33, 26, 28, 30, 48, 2, 20, 25, 40, 19, 0], [0, 14, 3, 15, 42, 41, 11, 1, 37, 38, 50, 0], [0, 29, 21, 18, 10, 23, 46, 32, 24, 13, 44, 0]]",9.242571394512197,0.14318757001310586,3.3074514513718896,0.5734596133232117,0.25737375147404706,0.7600747615612938,0.8824200061018255,0.8959902882255812,1.0349829196929932
0.0,0.0,3,True,146664,5,"[[0, 44, 50, 38, 37, 1, 41, 11, 15, 3, 14, 0], [0, 19, 18, 21, 29, 10, 23, 46, 32, 24, 13, 0], [0, 45, 12, 42, 7, 8, 34, 17, 39, 49, 27, 0], [0, 16, 35, 4, 6, 22, 5, 30, 28, 26, 33, 0], [0, 40, 25, 20, 2, 48, 43, 47, 9, 31, 36, 0]]",11.358078971141367,0.15529707093061745,3.70840905723162,0.581047193457683,0.2518802372320297,1.2240834518325578,0.8772831166050514,0.905566683411549,1.0349829196929932
0.0,0.0,4,True,147330,5,"[[0, 36, 31, 9, 47, 43, 48, 2, 20, 25, 40, 0], [0, 45, 12, 13, 24, 32, 46, 23, 10, 29, 44, 0], [0, 14, 3, 15, 42, 11, 41, 1, 37, 38, 50, 0], [0, 21, 35, 4, 6, 22, 5, 30, 28, 26, 33, 0], [0, 27, 49, 39, 17, 34, 8, 7, 16, 18, 19, 0]]",10.35677487439399,0.15163877335726283,3.530219160427805,0.47697926461696627,0.2661921915087071,0.9621412615404978,0.882359331029974,0.9042275820455623,1.0687669515609741
0.0,0.0,5,True,147330,5,"[[0, 27, 49, 39, 48, 2, 43, 9, 47, 31, 36, 0], [0, 14, 3, 15, 42, 11, 41, 1, 37, 38, 50, 0], [0, 33, 26, 28, 30, 8, 17, 34, 7, 16, 45, 0], [0, 12, 35, 4, 6, 22, 5, 20, 25, 40, 44, 0], [0, 29, 21, 13, 24, 32, 46, 23, 10, 18, 19, 0]]",10.842989954559016,0.35007741262337994,3.926238228828879,0.49223785996437075,0.24021628040550547,1.0198496611932084,0.8751116757281925,0.8908295541560757,1.0349829196929932
0.0,0.0,6,True,147330,5,"[[0, 50, 38, 37, 1, 41, 11, 15, 3, 14, 45, 0], [0, 36, 31, 9, 47, 43, 2, 48, 39, 49, 27, 0], [0, 40, 25, 20, 5, 22, 6, 4, 35, 16, 12, 0], [0, 13, 24, 32, 46, 23, 10, 29, 21, 18, 19, 0], [0, 42, 7, 34, 17, 8, 30, 28, 26, 33, 44, 0]]",11.408038101857528,0.1539164652515735,3.503953922918299,0.4868822271625201,0.22305790245474766,0.84282772181516,0.8776320589327937,0.9067424639418225,1.0349829196929932
0.0,0.0,7,True,146664,5,"[[0, 19, 18, 10, 23, 46, 32, 24, 13, 21, 29, 0], [0, 33, 26, 28, 30, 5, 22, 6, 4, 35, 44, 0], [0, 12, 45, 16, 7, 8, 34, 17, 39, 49, 27, 0], [0, 40, 25, 20, 2, 48, 43, 47, 9, 31, 36, 0], [0, 14, 3, 15, 42, 11, 41, 1, 37, 38, 50, 0]]",10.462349709618138,0.1529453697730787,3.52953387593152,0.43692104731287273,0.19890459232414637,0.6323277825509461,0.8760531326278806,0.8992725281702706,1.0349829196929932
0.0,0.0,8,True,147330,5,"[[0, 14, 3, 15, 42, 11, 41, 1, 37, 38, 50, 0], [0, 12, 45, 13, 46, 23, 10, 29, 21, 18, 19, 0], [0, 32, 24, 6, 22, 5, 48, 2, 20, 25, 40, 0], [0, 36, 31, 47, 9, 43, 30, 28, 26, 33, 44, 0], [0, 27, 49, 39, 17, 34, 8, 7, 16, 4, 35, 0]]",11.462147426063893,0.37279517529532313,3.631662012427114,0.3756964087486267,0.1959866162624937,0.6727594038108096,0.8815484929663193,0.9079722871744208,1.0349829196929932
0.0,0.0,9,True,145999,5,"[[0, 14, 3, 15, 42, 41, 11, 1, 37, 38, 50, 0], [0, 27, 49, 39, 17, 34, 8, 7, 30, 21, 29, 0], [0, 12, 45, 13, 24, 32, 46, 23, 10, 18, 19, 0], [0, 44, 40, 25, 20, 35, 4, 16, 28, 26, 33, 0], [0, 6, 22, 5, 48, 2, 43, 47, 9, 31, 36, 0]]",11.883699419267941,0.16298615001142025,3.679816055839183,0.6632258266210556,0.24539088416759647,1.103388457993487,0.8894399261104435,0.9126824885979755,1.999999761581421
1.0,0.0,0,True,171963,5,"[[0, 36, 31, 9, 47, 2, 48, 28, 30, 26, 33, 0], [0, 29, 43, 35, 4, 6, 22, 5, 46, 32, 24, 0], [0, 27, 49, 37, 1, 15, 3, 14, 38, 50, 44, 0], [0, 11, 41, 42, 39, 17, 34, 8, 7, 16, 19, 0], [0, 45, 40, 25, 20, 21, 18, 10, 23, 13, 12, 0]]",3.663389736392231,0.055490221125337316,1.1766110187018057,0.13248230485866466,0.22708832729904316,0.09284517869419837,0.7986249182763672,0.7559930014985672,0.5174914598464966
1.0,0.0,1,True,171919,5,"[[0, 27, 49, 37, 1, 42, 15, 3, 14, 38, 50, 0], [0, 45, 12, 34, 17, 39, 8, 7, 16, 19, 44, 0], [0, 41, 11, 2, 48, 9, 47, 28, 30, 26, 33, 0], [0, 36, 31, 40, 25, 20, 21, 18, 10, 23, 13, 0], [0, 29, 43, 35, 4, 6, 22, 5, 46, 32, 24, 0]]",3.3184062779896646,0.048940163597745716,1.189796620848938,0.08681064130117495,0.3155009981241601,0.14554564678765097,0.7871462807135086,0.7324997765696533,0.5174914598464966
1.0,0.0,2,True,171282,5,"[[0, 44, 50, 38, 14, 3, 15, 1, 37, 49, 27, 0], [0, 42, 39, 17, 34, 22, 6, 4, 35, 43, 29, 0], [0, 41, 11, 2, 48, 9, 47, 28, 30, 26, 33, 0], [0, 19, 16, 7, 8, 23, 10, 18, 21, 12, 45, 0], [0, 13, 24, 32, 46, 5, 20, 25, 40, 31, 36, 0]]",3.664968080715438,0.053210399679041336,1.1766110187018057,0.08348938282579184,0.2767400608747088,0.131010393598985,0.7986511930909475,0.7577847541013178,0.5174914598464966
1.0,0.0,3,True,173309,5,"[[0, 44, 29, 43, 35, 4, 18, 10, 23, 13, 45, 0], [0, 41, 11, 2, 48, 47, 9, 28, 30, 26, 33, 0], [0, 36, 31, 40, 25, 20, 5, 46, 32, 24, 21, 0], [0, 12, 6, 22, 34, 17, 39, 8, 7, 16, 19, 0], [0, 50, 38, 14, 3, 15, 42, 1, 37, 49, 27, 0]]",3.497684977379789,0.04752584966688843,1.189796620848938,0.08681064130117495,0.2771366888031155,0.12351486709265067,0.7918937731971794,0.7436142290044494,0.5174914598464966
1.0,0.0,4,True,171919,5,"[[0, 50, 38, 14, 3, 15, 42, 1, 37, 49, 27, 0], [0, 44, 45, 12, 34, 17, 39, 8, 7, 16, 19, 0], [0, 41, 11, 2, 48, 9, 47, 28, 30, 26, 33, 0], [0, 13, 23, 10, 18, 21, 20, 25, 40, 31, 36, 0], [0, 24, 32, 46, 5, 22, 6, 4, 35, 43, 29, 0]]",3.327976122046051,0.048940163597745716,1.189796620848938,0.08681064130117495,0.3134435215308402,0.1441560112025982,0.784296376176705,0.7303934187185045,0.5174914598464966
1.0,0.0,5,True,171282,5,"[[0, 36, 31, 40, 25, 20, 5, 46, 32, 24, 13, 0], [0, 33, 26, 30, 28, 9, 47, 48, 2, 11, 41, 0], [0, 12, 45, 21, 18, 10, 23, 8, 7, 16, 19, 0], [0, 29, 43, 35, 4, 6, 22, 34, 17, 39, 42, 0], [0, 44, 27, 49, 37, 1, 15, 3, 14, 38, 50, 0]]",3.6553982366590514,0.053210399679041336,1.1766110187018057,0.08348938282579184,0.2784847224284286,0.13194459273038114,0.8013518881739841,0.7597686369659337,0.5174914598464966
1.0,0.0,6,True,172190,5,"[[0, 44, 50, 38, 14, 3, 15, 42, 41, 11, 1, 0], [0, 33, 26, 30, 28, 2, 48, 47, 9, 43, 29, 0], [0, 36, 31, 40, 25, 20, 35, 4, 37, 49, 27, 0], [0, 13, 24, 32, 46, 5, 39, 17, 34, 22, 6, 0], [0, 19, 16, 7, 8, 23, 10, 18, 21, 45, 12, 0]]",3.338379008243022,0.050494322624917216,1.7312656054855324,0.1495509348809719,0.4393493956701229,0.33316028063016573,0.7975282057547668,0.7492029020588866,0.5049999952316284
1.0,0.0,7,True,171919,5,"[[0, 44, 45, 12, 34, 17, 39, 8, 7, 16, 19, 0], [0, 24, 32, 46, 5, 22, 6, 4, 35, 43, 29, 0], [0, 41, 11, 2, 48, 47, 9, 28, 30, 26, 33, 0], [0, 27, 49, 37, 1, 42, 15, 3, 14, 38, 50, 0], [0, 36, 31, 40, 25, 20, 21, 18, 10, 23, 13, 0]]",3.3184062779896646,0.048940163597745716,1.189796620848938,0.08681064130117495,0.3155009981241601,0.14554564678765097,0.7871462807135086,0.7324997765696533,0.5174914598464966
1.0,0.0,8,True,171283,5,"[[0, 44, 33, 26, 30, 28, 9, 47, 48, 2, 11, 0], [0, 36, 31, 40, 25, 20, 5, 46, 32, 24, 13, 0], [0, 42, 39, 17, 34, 22, 6, 4, 35, 43, 29, 0], [0, 19, 16, 7, 8, 23, 10, 18, 21, 45, 12, 0], [0, 27, 49, 37, 1, 41, 15, 3, 14, 38, 50, 0]]",3.655151076453434,0.053210399679041336,1.1669662991625955,0.08681064130117495,0.27750218320232944,0.13145296429205447,0.8010101627075379,0.7598200122904022,0.5174914598464966
1.0,0.0,9,True,171963,5,"[[0, 29, 43, 35, 4, 6, 22, 5, 46, 32, 24, 0], [0, 27, 49, 37, 1, 15, 3, 14, 38, 50, 44, 0], [0, 12, 40, 25, 20, 21, 18, 10, 23, 13, 45, 0], [0, 36, 31, 47, 9, 48, 2, 28, 30, 26, 33, 0], [0, 19, 16, 7, 8, 34, 17, 39, 42, 41, 11, 0]]",3.663389736392231,0.055490221125337316,1.1766110187018057,0.13248230485866466,0.22708832729904316,0.09284517869419837,0.7986249182763672,0.7559930014985672,0.5174914598464966
2.0,0.0,0,True,182845,5,"[[0, 50, 38, 14, 3, 15, 41, 1, 49, 37, 27, 0], [0, 44, 19, 10, 18, 21, 20, 25, 40, 31, 36, 0], [0, 29, 43, 35, 4, 6, 22, 5, 46, 32, 24, 0], [0, 12, 45, 13, 23, 8, 39, 17, 34, 48, 2, 0], [0, 11, 42, 7, 16, 47, 9, 28, 30, 26, 33, 0]]",2.8764194295654306,0.03981805296131858,0.8081573130330071,0.08743592431502682,0.15946815917440937,0.02709756489924085,0.7510155271783143,0.6862621583473824,0.5049999952316284
2.0,0.0,1,True,183260,5,"[[0, 12, 45, 40, 25, 20, 21, 18, 10, 23, 13, 0], [0, 1, 41, 2, 48, 9, 47, 28, 30, 26, 33, 0], [0, 38, 14, 3, 34, 17, 39, 8, 7, 16, 19, 0], [0, 15, 11, 42, 5, 22, 6, 4, 35, 43, 29, 0], [0, 50, 36, 31, 46, 32, 24, 37, 49, 27, 44, 0]]",2.840761337617108,0.03693657044909502,1.0751706408918835,0.062492416240274906,0.23936680796848298,0.07295996757796494,0.7429943523511395,0.6786833811999039,0.5049999952316284
2.0,0.0,2,True,183072,5,"[[0, 36, 31, 46, 32, 24, 37, 27, 49, 1, 44, 0], [0, 33, 26, 30, 28, 47, 9, 48, 2, 41, 11, 0], [0, 19, 10, 18, 21, 20, 25, 40, 14, 38, 50, 0], [0, 15, 3, 34, 17, 39, 8, 23, 13, 45, 12, 0], [0, 42, 7, 16, 5, 22, 6, 4, 35, 43, 29, 0]]",2.8176424825533513,0.037916082109917294,1.0253860873053782,0.08348938282579184,0.24355354526378736,0.06697294618822161,0.745628842850043,0.680702935839249,0.5049999952316284
2.0,0.0,3,True,182537,5,"[[0, 24, 32, 46, 5, 22, 6, 4, 35, 43, 29, 0], [0, 27, 37, 49, 1, 42, 15, 3, 14, 38, 50, 0], [0, 44, 45, 12, 34, 17, 39, 8, 7, 16, 19, 0], [0, 13, 23, 10, 18, 21, 20, 25, 40, 31, 36, 0], [0, 33, 26, 30, 28, 9, 47, 48, 2, 41, 11, 0]]",2.838260987059142,0.0394928940343407,1.0253860873053782,0.08348938282579184,0.2753384172264608,0.07984361430511469,0.7536705100988101,0.6857561625794693,0.5049999952316284
2.0,0.0,4,True,183343,5,"[[0, 44, 29, 43, 4, 35, 20, 25, 40, 31, 36, 0], [0, 12, 6, 22, 5, 46, 32, 24, 37, 49, 27, 0], [0, 1, 42, 7, 16, 8, 39, 17, 34, 3, 15, 0], [0, 11, 41, 2, 48, 47, 9, 28, 30, 26, 33, 0], [0, 19, 21, 18, 10, 23, 13, 45, 14, 38, 50, 0]]",3.174715169137926,0.04334207738569954,1.0253860873053782,0.08348938282579184,0.2024404832526001,0.055489893269272825,0.7652441251464208,0.7128486447706881,0.5049999952316284
2.0,0.0,5,True,182537,5,"[[0, 36, 31, 40, 25, 20, 21, 18, 10, 23, 13, 0], [0, 11, 41, 2, 48, 9, 47, 28, 30, 26, 33, 0], [0, 29, 43, 35, 4, 6, 22, 5, 46, 32, 24, 0], [0, 45, 12, 34, 17, 39, 8, 7, 16, 19, 44, 0], [0, 27, 37, 49, 1, 42, 15, 3, 14, 38, 50, 0]]",2.8286911430027555,0.0394928940343407,1.0253860873053782,0.08348938282579184,0.2776231782736791,0.08085833009225728,0.7568416987913908,0.6938255937631407,0.5049999952316284
2.0,0.0,6,True,182537,5,"[[0, 29, 43, 35, 4, 6, 22, 5, 46, 32, 24, 0], [0, 50, 38, 14, 3, 15, 42, 1, 49, 37, 27, 0], [0, 13, 23, 10, 18, 21, 20, 25, 40, 31, 36, 0], [0, 44, 19, 16, 7, 8, 39, 17, 34, 12, 45, 0], [0, 11, 41, 2, 48, 9, 47, 28, 30, 26, 33, 0]]",2.838260987059142,0.0394928940343407,1.0253860873053782,0.08348938282579184,0.2753384172264608,0.07984361430511468,0.7536705100988101,0.6857561625794693,0.5049999952316284
2.0,0.0,7,True,183343,5,"[[0, 1, 41, 2, 48, 9, 47, 28, 30, 26, 33, 0], [0, 44, 29, 43, 4, 35, 20, 25, 40, 31, 36, 0], [0, 11, 42, 7, 16, 8, 39, 17, 34, 3, 15, 0], [0, 19, 21, 18, 10, 23, 13, 45, 14, 38, 50, 0], [0, 12, 6, 22, 5, 46, 32, 24, 37, 49, 27, 0]]",3.174715169137926,0.04334207738569954,1.0751706408918835,0.062492416240274906,0.22125838064527525,0.06605340001381696,0.7652441251464208,0.7128486447706881,0.5049999952316284
2.0,0.0,8,True,183267,5,"[[0, 44, 27, 37, 49, 1, 15, 3, 14, 38, 50, 0], [0, 13, 24, 32, 46, 5, 20, 25, 40, 31, 36, 0], [0, 19, 16, 7, 8, 23, 10, 18, 21, 45, 12, 0], [0, 42, 39, 17, 34, 22, 6, 4, 35, 43, 29, 0], [0, 11, 41, 2, 48, 47, 9, 28, 30, 26, 33, 0]]",3.175252945728529,0.0442692338422473,1.0253860873053782,0.08348938282579184,0.2527904648915633,0.08248327727799061,0.7746292198229956,0.7221094132385627,0.5049999952316284
2.0,0.0,9,True,183517,5,"[[0, 44, 19, 10, 18, 21, 20, 25, 40, 31, 36, 0], [0, 13, 23, 8, 39, 17, 34, 22, 6, 45, 12, 0], [0, 29, 43, 4, 35, 11, 15, 3, 14, 38, 50, 0], [0, 42, 7, 16, 5, 46, 32, 24, 37, 49, 27, 0], [0, 33, 26, 30, 28, 9, 47, 48, 2, 41, 1, 0]]",2.794724898779391,0.037916082109917294,1.0751706408918835,0.062492416240274906,0.27043765150116994,0.08188074658117626,0.7539881494594944,0.688252167277949,0.5049999952316284
