beta,lambda_concentration,seed,is_feasible,pyvrp_cost,num_routes,routes,global_risk,global_cvar90,max_vehicle_risk,max_vehicle_cvar90,vehicle_risk_gini,risk_variance,edge_burden_gini_used,top10_burden_share,max_edge_burden
0.0,0.0,0,True,133997,5,"[[0, 14, 42, 41, 1, 45, 11, 15, 3, 16, 48, 0], [0, 18, 32, 4, 29, 19, 6, 24, 40, 20, 44, 0], [0, 27, 35, 5, 36, 28, 26, 23, 30, 12, 49, 0], [0, 46, 22, 7, 8, 43, 33, 34, 2, 25, 39, 0], [0, 17, 13, 10, 37, 50, 38, 31, 9, 47, 21, 0]]",6.429770336137153,0.20472381357103586,1.9564761937072035,0.3005824473996957,0.15125648596395092,0.13765482187507347,0.8698411691124635,0.8899063779560318,0.875589907169342
0.0,0.0,1,True,133997,5,"[[0, 17, 13, 10, 37, 50, 38, 31, 9, 47, 21, 0], [0, 18, 32, 4, 29, 6, 19, 24, 40, 20, 44, 0], [0, 14, 42, 41, 1, 11, 45, 15, 3, 16, 48, 0], [0, 46, 22, 7, 8, 43, 33, 34, 2, 25, 39, 0], [0, 27, 35, 5, 36, 28, 26, 23, 30, 12, 49, 0]]",6.429770336137153,0.20472381357103586,1.9564761937072035,0.3005824473996957,0.15125648596395092,0.13765482187507347,0.8698411691124635,0.8899063779560318,0.875589907169342
0.0,0.0,2,True,133998,5,"[[0, 16, 3, 15, 45, 11, 1, 41, 42, 14, 48, 0], [0, 25, 2, 34, 33, 43, 8, 7, 22, 46, 39, 0], [0, 38, 31, 9, 47, 21, 27, 23, 30, 49, 12, 0], [0, 26, 28, 36, 5, 35, 10, 37, 50, 13, 17, 0], [0, 44, 20, 40, 24, 6, 19, 29, 4, 32, 18, 0]]",7.954256302007707,0.2776426247392709,2.556493185751606,0.49828047305345535,0.2454940800306249,0.49086689385191,0.8747913651978751,0.8964338984357355,0.875589907169342
0.0,0.0,3,True,133998,5,"[[0, 12, 49, 30, 23, 26, 28, 36, 5, 20, 44, 0], [0, 14, 42, 41, 1, 45, 11, 15, 3, 16, 48, 0], [0, 27, 35, 10, 37, 50, 38, 31, 9, 47, 21, 0], [0, 25, 2, 34, 33, 43, 8, 7, 22, 46, 39, 0], [0, 18, 32, 4, 29, 19, 6, 24, 40, 13, 17, 0]]",5.95485205060686,0.18799592474741594,1.9233450909378007,0.22098548151552677,0.2564870045433245,0.3122048526290002,0.8691445732289049,0.8851646521182593,0.875589907169342
0.0,0.0,4,True,133997,5,"[[0, 48, 14, 42, 41, 1, 45, 11, 15, 3, 16, 0], [0, 44, 20, 40, 24, 19, 6, 4, 32, 29, 12, 0], [0, 25, 2, 34, 33, 43, 8, 7, 22, 46, 39, 0], [0, 27, 35, 5, 36, 28, 26, 23, 30, 18, 49, 0], [0, 17, 13, 10, 37, 50, 38, 31, 9, 47, 21, 0]]",7.336837650946109,0.2296260354462369,2.986823366198223,0.559654152393341,0.30282050908069214,0.703246926128283,0.8903559795861082,0.9074124432861139,1.751179814338684
0.0,0.0,5,True,133999,5,"[[0, 16, 3, 14, 42, 41, 1, 45, 39, 11, 15, 0], [0, 18, 32, 4, 29, 6, 19, 24, 40, 20, 44, 0], [0, 25, 2, 34, 33, 35, 10, 37, 50, 13, 17, 0], [0, 46, 22, 7, 8, 43, 5, 36, 28, 26, 12, 0], [0, 48, 38, 31, 9, 47, 21, 27, 23, 30, 49, 0]]",8.389547735612723,0.2929368335753679,1.9564761937072035,0.3005824473996957,0.08820313590475903,0.07899085182793393,0.8714790867535427,0.8908797540279436,0.875589907169342
0.0,0.0,6,True,133997,5,"[[0, 16, 3, 14, 42, 41, 1, 45, 11, 39, 48, 0], [0, 15, 46, 22, 7, 8, 43, 17, 13, 18, 49, 0], [0, 27, 35, 10, 37, 50, 38, 31, 9, 47, 21, 0], [0, 12, 29, 4, 32, 6, 19, 24, 40, 20, 44, 0], [0, 25, 2, 34, 33, 5, 36, 28, 26, 23, 30, 0]]",7.456432861785288,0.22609418674061696,2.13201603066409,0.3113747611641884,0.1658113155532952,0.20140155597383047,0.8922047509476252,0.9117383562338758,1.751179814338684
0.0,0.0,7,True,133998,5,"[[0, 13, 17, 43, 33, 34, 5, 2, 25, 45, 11, 0], [0, 16, 1, 41, 42, 12, 49, 14, 3, 15, 48, 0], [0, 44, 20, 40, 24, 19, 6, 29, 4, 32, 18, 0], [0, 30, 23, 26, 28, 36, 8, 7, 22, 46, 39, 0], [0, 21, 47, 9, 31, 38, 50, 37, 10, 35, 27, 0]]",7.337055929499911,0.20872944165603258,2.2166342325799633,0.3005824473996957,0.19756313065893272,0.27963000270709293,0.8751296707423277,0.896870156137401,0.875589907169342
0.0,0.0,8,True,133998,5,"[[0, 48, 14, 42, 41, 1, 45, 11, 15, 3, 16, 0], [0, 49, 18, 12, 29, 32, 4, 6, 19, 24, 40, 0], [0, 44, 20, 34, 33, 5, 36, 28, 26, 23, 30, 0], [0, 17, 13, 37, 10, 35, 22, 43, 8, 7, 46, 0], [0, 27, 21, 47, 9, 31, 38, 50, 2, 25, 39, 0]]",7.440384432062274,0.2113217764417641,2.5802190138492733,0.47966277599334717,0.21488960808250135,0.37951562231916103,0.8882924239434604,0.9046258975426287,1.751179814338684
0.0,0.0,9,True,133997,5,"[[0, 48, 15, 45, 11, 1, 41, 42, 14, 3, 16, 0], [0, 27, 35, 5, 36, 28, 26, 23, 30, 12, 49, 0], [0, 21, 47, 9, 31, 38, 50, 37, 10, 13, 17, 0], [0, 25, 2, 34, 33, 43, 8, 7, 22, 46, 39, 0], [0, 44, 20, 40, 24, 6, 19, 29, 4, 32, 18, 0]]",5.997379873486352,0.19653695476827798,1.9441465561976656,0.3005824473996957,0.21664620856178574,0.22256535894260274,0.8704420519978406,0.8859929738814591,0.875589907169342
1.0,0.0,0,True,154366,5,"[[0, 48, 14, 42, 41, 24, 6, 19, 40, 49, 12, 0], [0, 37, 10, 35, 18, 32, 4, 29, 47, 21, 27, 0], [0, 34, 33, 5, 36, 7, 8, 43, 22, 46, 45, 0], [0, 1, 16, 11, 39, 25, 2, 28, 26, 23, 30, 0], [0, 15, 3, 9, 31, 38, 50, 13, 17, 44, 20, 0]]",2.3582858159788884,0.04838786212106546,0.6508488742692862,0.06328000749150912,0.11717419219614489,0.010397494260686441,0.7627297572497689,0.7290934863503679,0.345416784286499
1.0,0.0,1,True,154565,5,"[[0, 35, 18, 32, 4, 29, 6, 19, 24, 41, 1, 0], [0, 11, 39, 25, 2, 28, 26, 23, 30, 12, 49, 0], [0, 40, 10, 37, 50, 38, 31, 9, 47, 21, 27, 0], [0, 42, 14, 3, 15, 16, 20, 44, 17, 13, 48, 0], [0, 34, 33, 5, 36, 7, 8, 43, 22, 46, 45, 0]]",2.6344012896734057,0.057869702471154076,0.8179832584719406,0.11453951646884282,0.1897826842568815,0.037788395377717374,0.7863557771987952,0.7674446222357048,0.345416784286499
1.0,0.0,2,True,154055,5,"[[0, 48, 14, 49, 12, 30, 23, 26, 28, 2, 25, 0], [0, 37, 10, 35, 18, 34, 33, 36, 31, 9, 40, 0], [0, 1, 45, 11, 39, 32, 4, 29, 47, 21, 27, 0], [0, 13, 17, 6, 19, 24, 41, 42, 16, 3, 15, 0], [0, 20, 44, 38, 50, 5, 43, 8, 7, 22, 46, 0]]",1.9713848943138146,0.0376433657689227,0.6305362515704473,0.06862309814563819,0.20655717730180778,0.022740596555412794,0.7350645194076493,0.6875216295790939,0.345416784286499
1.0,0.0,3,True,154350,5,"[[0, 37, 10, 35, 18, 32, 4, 29, 47, 21, 27, 0], [0, 34, 33, 5, 36, 50, 38, 31, 9, 3, 14, 0], [0, 45, 46, 22, 7, 8, 43, 17, 13, 49, 48, 0], [0, 1, 41, 24, 6, 19, 40, 44, 20, 16, 42, 0], [0, 12, 30, 23, 26, 28, 2, 25, 39, 11, 15, 0]]",2.184440906785312,0.044355885684490205,0.743309155877796,0.06328000749150912,0.23579746691576497,0.03577825793889711,0.7457339251319304,0.7083806135961077,0.345416784286499
1.0,0.0,4,True,154509,5,"[[0, 39, 25, 45, 11, 15, 3, 16, 42, 14, 48, 0], [0, 34, 33, 36, 31, 9, 2, 28, 26, 23, 30, 0], [0, 20, 44, 38, 50, 5, 43, 8, 7, 22, 46, 0], [0, 27, 21, 47, 29, 4, 32, 18, 35, 10, 37, 0], [0, 12, 49, 13, 17, 40, 19, 6, 24, 41, 1, 0]]",2.0511291018337943,0.041084676555224825,0.5821140420302982,0.06328000749150912,0.17022412940609133,0.01530007353583505,0.7451802988270297,0.7031082902179806,0.345416784286499
1.0,0.0,5,True,154366,5,"[[0, 45, 46, 22, 43, 8, 7, 36, 5, 33, 34, 0], [0, 1, 16, 11, 39, 25, 2, 28, 26, 23, 30, 0], [0, 15, 3, 9, 31, 38, 50, 13, 17, 44, 20, 0], [0, 27, 21, 47, 29, 4, 32, 18, 35, 10, 37, 0], [0, 48, 14, 42, 41, 24, 6, 19, 40, 49, 12, 0]]",2.357855678710621,0.04838786212106546,0.6508488742692862,0.06328000749150912,0.11712259704489658,0.01039222834182337,0.7628405231241535,0.7292264929136456,0.345416784286499
1.0,0.0,6,True,154406,5,"[[0, 34, 33, 5, 36, 7, 8, 43, 22, 46, 45, 0], [0, 48, 14, 12, 49, 40, 19, 6, 24, 41, 1, 0], [0, 30, 23, 26, 28, 2, 25, 11, 39, 16, 42, 0], [0, 37, 10, 35, 18, 32, 4, 29, 47, 21, 27, 0], [0, 15, 3, 9, 31, 38, 50, 13, 17, 44, 20, 0]]",2.36196143575944,0.04838786212106546,0.5927607726916904,0.06328000749150912,0.08840163628581954,0.0058300692099651375,0.7587223070301319,0.7212232432585595,0.345416784286499
1.0,0.0,7,True,154366,5,"[[0, 37, 10, 35, 18, 32, 4, 29, 47, 21, 27, 0], [0, 45, 46, 22, 43, 8, 7, 36, 5, 33, 34, 0], [0, 15, 3, 9, 31, 38, 50, 13, 17, 44, 20, 0], [0, 30, 23, 26, 28, 2, 25, 11, 39, 16, 1, 0], [0, 12, 49, 40, 19, 6, 24, 41, 42, 14, 48, 0]]",2.354537059611175,0.04838786212106546,0.647100117901573,0.06328000749150912,0.11608703683174104,0.010131044341403859,0.7647205687439975,0.7302543064098594,0.345416784286499
1.0,0.0,8,True,154456,5,"[[0, 30, 23, 26, 28, 2, 25, 39, 11, 45, 1, 0], [0, 14, 42, 16, 20, 44, 17, 13, 12, 49, 48, 0], [0, 40, 37, 10, 35, 18, 34, 33, 5, 50, 38, 0], [0, 41, 24, 19, 6, 32, 4, 29, 47, 21, 27, 0], [0, 46, 22, 43, 8, 7, 36, 31, 9, 3, 15, 0]]",2.372582960771979,0.04795669321272824,0.8699757145368494,0.10092428912009511,0.1789197737897743,0.039340674793348795,0.7747819349039187,0.7414469642827289,0.345416784286499
1.0,0.0,9,True,154350,5,"[[0, 34, 33, 5, 36, 50, 38, 31, 9, 3, 14, 0], [0, 48, 49, 13, 17, 43, 8, 7, 22, 46, 45, 0], [0, 15, 11, 39, 25, 2, 28, 26, 23, 30, 12, 0], [0, 42, 16, 20, 44, 40, 19, 6, 24, 41, 1, 0], [0, 37, 10, 35, 18, 32, 4, 29, 47, 21, 27, 0]]",2.281033510240377,0.045916029148631625,0.8399017593328608,0.09484171255358628,0.2596891770997183,0.04911027877853179,0.7579572413961979,0.7225045623655957,0.345416784286499
