beta,lambda_concentration,seed,is_feasible,pyvrp_cost,num_routes,routes,global_risk,global_cvar90,max_vehicle_risk,max_vehicle_cvar90,vehicle_risk_gini,risk_variance,edge_burden_gini_used,top10_burden_share,max_edge_burden
0.0,0.0,0,True,145999,5,"[[0, 44, 14, 3, 15, 41, 11, 1, 37, 38, 50, 0], [0, 42, 7, 8, 34, 17, 9, 47, 43, 26, 33, 0], [0, 45, 12, 13, 24, 32, 46, 23, 10, 18, 19, 0], [0, 40, 25, 20, 35, 4, 16, 28, 30, 21, 29, 0], [0, 36, 31, 6, 22, 2, 48, 5, 39, 49, 27, 0]]",7.214536588871852,0.21999303324680244,3.0138969232793897,0.38428028992244173,0.2992595566523526,0.7101667616610138,0.8230900029474333,0.850000842592749,0.8531563878059387
0.0,0.0,1,True,145999,5,"[[0, 6, 22, 5, 2, 48, 43, 9, 47, 31, 36, 0], [0, 12, 45, 13, 24, 32, 46, 23, 10, 18, 19, 0], [0, 27, 49, 39, 17, 34, 8, 7, 30, 21, 29, 0], [0, 33, 26, 28, 16, 4, 35, 20, 25, 40, 44, 0], [0, 14, 3, 15, 42, 41, 11, 1, 37, 38, 50, 0]]",8.098381703428458,0.24312989388046594,2.761126731755212,0.4209918553630511,0.28181152459060255,0.6571755951308023,0.8435897046111411,0.8693454006440393,1.7063127756118774
0.0,0.0,2,True,146664,5,"[[0, 27, 49, 39, 17, 34, 8, 7, 16, 12, 45, 0], [0, 35, 4, 6, 22, 5, 43, 47, 9, 31, 36, 0], [0, 33, 26, 28, 30, 48, 2, 20, 25, 40, 19, 0], [0, 14, 3, 15, 42, 41, 11, 1, 37, 38, 50, 0], [0, 29, 21, 18, 10, 23, 46, 32, 24, 13, 44, 0]]",6.606027610076126,0.17558779317187145,2.3709228856605478,0.4064892292022705,0.2240387947609228,0.3287269174523503,0.8198633060562615,0.8440988759432249,0.8531563878059387
0.0,0.0,3,True,146664,5,"[[0, 44, 50, 38, 37, 1, 41, 11, 15, 3, 14, 0], [0, 19, 18, 21, 29, 10, 23, 46, 32, 24, 13, 0], [0, 45, 12, 42, 7, 8, 34, 17, 39, 49, 27, 0], [0, 16, 35, 4, 6, 22, 5, 30, 28, 26, 33, 0], [0, 40, 25, 20, 2, 48, 43, 47, 9, 31, 36, 0]]",7.664829613349866,0.23561174688594683,3.0159549391828477,0.45429471259315807,0.2958057164445087,0.7440915214476091,0.8272245098372502,0.8519093013208547,0.8531563878059387
0.0,0.0,4,True,147330,5,"[[0, 36, 31, 9, 47, 43, 48, 2, 20, 25, 40, 0], [0, 45, 12, 13, 24, 32, 46, 23, 10, 29, 44, 0], [0, 14, 3, 15, 42, 11, 41, 1, 37, 38, 50, 0], [0, 21, 35, 4, 6, 22, 5, 30, 28, 26, 33, 0], [0, 27, 49, 39, 17, 34, 8, 7, 16, 18, 19, 0]]",6.553197149361949,0.19679856227178658,1.9974988515605219,0.2743220130602519,0.21031251444328247,0.25525411124427644,0.8144042199602646,0.840569137004351,0.8531563878059387
0.0,0.0,5,True,147330,5,"[[0, 27, 49, 39, 48, 2, 43, 9, 47, 31, 36, 0], [0, 14, 3, 15, 42, 11, 41, 1, 37, 38, 50, 0], [0, 33, 26, 28, 30, 8, 17, 34, 7, 16, 45, 0], [0, 12, 35, 4, 6, 22, 5, 20, 25, 40, 44, 0], [0, 29, 21, 13, 24, 32, 46, 23, 10, 18, 19, 0]]",7.495145437249448,0.22870714137596743,2.4352351477136835,0.3812034443020821,0.2311932621939381,0.4455916296181246,0.8229334134722488,0.8380637206863055,0.8531563878059387
0.0,0.0,6,True,147330,5,"[[0, 50, 38, 37, 1, 41, 11, 15, 3, 14, 45, 0], [0, 36, 31, 9, 47, 43, 2, 48, 39, 49, 27, 0], [0, 40, 25, 20, 5, 22, 6, 4, 35, 16, 12, 0], [0, 13, 24, 32, 46, 23, 10, 29, 21, 18, 19, 0], [0, 42, 7, 34, 17, 8, 30, 28, 26, 33, 44, 0]]",7.89275684976019,0.24316271168312856,2.3011971162632108,0.3491398474822442,0.20568292704081048,0.3398542684389924,0.8295450468375656,0.8564913337960555,0.8531563878059387
0.0,0.0,7,True,146664,5,"[[0, 19, 18, 10, 23, 46, 32, 24, 13, 21, 29, 0], [0, 33, 26, 28, 30, 5, 22, 6, 4, 35, 44, 0], [0, 12, 45, 16, 7, 8, 34, 17, 39, 49, 27, 0], [0, 40, 25, 20, 2, 48, 43, 47, 9, 31, 36, 0], [0, 14, 3, 15, 42, 11, 41, 1, 37, 38, 50, 0]]",6.979487602307927,0.21206692872302874,1.995227304927539,0.2743220130602519,0.17186641295500427,0.1874589502015453,0.8170626818676607,0.84110540294525,0.8531563878059387
0.0,0.0,8,True,147330,5,"[[0, 14, 3, 15, 42, 11, 41, 1, 37, 38, 50, 0], [0, 12, 45, 13, 46, 23, 10, 29, 21, 18, 19, 0], [0, 32, 24, 6, 22, 5, 48, 2, 20, 25, 40, 0], [0, 36, 31, 47, 9, 43, 30, 28, 26, 33, 44, 0], [0, 27, 49, 39, 17, 34, 8, 7, 16, 4, 35, 0]]",7.801038584962953,0.23901463433035783,2.522260883823037,0.3263243426169668,0.19869879987086025,0.3233660888765898,0.827581071497778,0.8488295935223461,0.8531563878059387
0.0,0.0,9,True,145999,5,"[[0, 14, 3, 15, 42, 41, 11, 1, 37, 38, 50, 0], [0, 27, 49, 39, 17, 34, 8, 7, 30, 21, 29, 0], [0, 12, 45, 13, 24, 32, 46, 23, 10, 18, 19, 0], [0, 44, 40, 25, 20, 35, 4, 16, 28, 26, 33, 0], [0, 6, 22, 5, 48, 2, 43, 47, 9, 31, 36, 0]]",8.093898115796037,0.24312989388046594,2.761126731755212,0.4209918553630511,0.28174605448224943,0.6559857655955736,0.8440169554100405,0.869826971604146,1.7063127756118774
1.0,0.0,0,True,176339,5,"[[0, 27, 37, 49, 39, 17, 34, 9, 47, 31, 36, 0], [0, 48, 2, 5, 46, 32, 24, 13, 10, 18, 19, 0], [0, 50, 38, 14, 3, 15, 11, 41, 42, 1, 44, 0], [0, 29, 43, 35, 4, 6, 22, 20, 25, 40, 12, 0], [0, 33, 26, 30, 28, 16, 7, 8, 23, 21, 45, 0]]",3.562352589913644,0.06451379200443626,0.8848402490839362,0.09122788347303867,0.1345487332851114,0.0333078264267019,0.7083749117260891,0.7098879268625613,0.405021607875824
1.0,0.0,1,True,175600,5,"[[0, 50, 38, 14, 3, 15, 11, 41, 42, 1, 44, 0], [0, 48, 2, 5, 46, 32, 24, 21, 18, 10, 19, 0], [0, 27, 37, 49, 39, 17, 34, 9, 47, 31, 36, 0], [0, 33, 26, 30, 28, 16, 7, 8, 23, 13, 45, 0], [0, 12, 40, 25, 20, 22, 6, 4, 35, 43, 29, 0]]",3.444462022627704,0.06290034061441055,0.8778859861195087,0.09122788347303867,0.15042149875399602,0.037008624862504697,0.6999303296478379,0.6971865803182369,0.405021607875824
1.0,0.0,2,True,176134,5,"[[0, 50, 38, 14, 3, 15, 41, 11, 42, 1, 44, 0], [0, 19, 16, 7, 8, 23, 10, 18, 21, 12, 45, 0], [0, 35, 4, 6, 22, 34, 17, 39, 49, 37, 27, 0], [0, 36, 31, 40, 25, 20, 5, 46, 32, 24, 13, 0], [0, 33, 26, 30, 28, 48, 2, 47, 9, 43, 29, 0]]",3.5318367643048987,0.06732974172030624,1.6333836431149393,0.17355254478752613,0.40928111886961127,0.3013212588275529,0.7116490744591093,0.7129653222927405,0.405021607875824
1.0,0.0,3,True,176134,5,"[[0, 50, 38, 14, 3, 15, 11, 41, 42, 1, 44, 0], [0, 33, 26, 30, 28, 48, 2, 47, 9, 43, 29, 0], [0, 35, 4, 6, 22, 34, 17, 39, 49, 37, 27, 0], [0, 19, 16, 7, 8, 23, 10, 18, 21, 12, 45, 0], [0, 13, 24, 32, 46, 5, 20, 25, 40, 31, 36, 0]]",3.529779497301206,0.06732974172030624,1.6333836431149393,0.17355254478752613,0.4097527934724683,0.30167181694070405,0.712550323021993,0.7133808610065471,0.405021607875824
1.0,0.0,4,True,178043,5,"[[0, 1, 41, 42, 39, 17, 34, 8, 7, 16, 19, 0], [0, 27, 49, 37, 24, 32, 46, 48, 2, 3, 15, 0], [0, 44, 50, 38, 14, 13, 23, 10, 18, 21, 29, 0], [0, 36, 31, 40, 25, 20, 5, 22, 6, 45, 12, 0], [0, 33, 26, 30, 28, 47, 9, 43, 4, 35, 11, 0]]",3.625002957182005,0.06575711690820754,1.3197053982876241,0.11687521408829424,0.2697689819993747,0.12877029442725524,0.705484814187531,0.7087184220657958,0.405021607875824
1.0,0.0,5,True,176273,5,"[[0, 29, 43, 35, 4, 6, 22, 20, 25, 40, 45, 0], [0, 48, 2, 5, 46, 32, 24, 21, 18, 10, 19, 0], [0, 44, 14, 3, 15, 41, 42, 11, 1, 38, 50, 0], [0, 33, 26, 30, 28, 16, 7, 8, 23, 13, 12, 0], [0, 27, 37, 49, 39, 17, 34, 47, 9, 31, 36, 0]]",3.4454188401577994,0.06290034061441055,0.8805877501145005,0.09122788347303867,0.15078488889699204,0.03699706978966966,0.7005071478185134,0.6969929666031145,0.405021607875824
1.0,0.0,6,True,175966,5,"[[0, 19, 10, 23, 8, 7, 16, 28, 30, 26, 33, 0], [0, 50, 38, 14, 3, 15, 11, 42, 41, 1, 44, 0], [0, 6, 22, 48, 2, 34, 17, 39, 49, 37, 27, 0], [0, 13, 24, 32, 46, 5, 20, 25, 40, 12, 45, 0], [0, 29, 21, 18, 4, 35, 43, 9, 47, 31, 36, 0]]",3.713664379902184,0.08862378510336082,1.1890234815655276,0.13609751580016954,0.25288617783403855,0.11682748666788592,0.7240872000301242,0.7263762149973606,0.405021607875824
1.0,0.0,7,True,175600,5,"[[0, 50, 38, 14, 3, 15, 41, 11, 42, 1, 44, 0], [0, 48, 2, 5, 46, 32, 24, 21, 18, 10, 19, 0], [0, 33, 26, 30, 28, 16, 7, 8, 23, 13, 45, 0], [0, 27, 37, 49, 39, 17, 34, 47, 9, 31, 36, 0], [0, 12, 40, 25, 20, 22, 6, 4, 35, 43, 29, 0]]",3.444462022627704,0.06290034061441055,0.8778859861195087,0.09122788347303867,0.15042149875399602,0.0370086248625047,0.6999303296478379,0.6971865803182369,0.405021607875824
1.0,0.0,8,True,175600,5,"[[0, 36, 31, 9, 47, 34, 17, 39, 49, 37, 27, 0], [0, 33, 26, 30, 28, 16, 7, 8, 23, 13, 45, 0], [0, 29, 43, 35, 4, 6, 22, 20, 25, 40, 12, 0], [0, 19, 10, 18, 21, 24, 32, 46, 5, 2, 48, 0], [0, 44, 1, 42, 41, 11, 15, 3, 14, 38, 50, 0]]",3.446923249401152,0.06290034061441055,0.8778859861195087,0.09122788347303867,0.15055568369038874,0.037147515636061154,0.6993614687992449,0.6966887641055127,0.405021607875824
1.0,0.0,9,True,176553,5,"[[0, 50, 38, 14, 3, 15, 11, 41, 42, 1, 44, 0], [0, 19, 16, 7, 8, 34, 17, 39, 49, 37, 27, 0], [0, 13, 24, 32, 46, 22, 6, 4, 35, 43, 29, 0], [0, 20, 5, 48, 2, 47, 9, 28, 30, 26, 33, 0], [0, 45, 12, 23, 10, 18, 21, 25, 40, 31, 36, 0]]",3.3840297358110547,0.05867014761741569,1.1644954436924309,0.1491957666973273,0.27561402506588273,0.1100985333913708,0.7011578850636075,0.6979845809732442,0.405021607875824
