beta,lambda_concentration,seed,is_feasible,pyvrp_cost,num_routes,routes,global_risk,global_cvar90,max_vehicle_risk,max_vehicle_cvar90,vehicle_risk_gini,risk_variance,edge_burden_gini_used,top10_burden_share,max_edge_burden
0.0,0.0,0,True,133997,5,"[[0, 14, 42, 41, 1, 45, 11, 15, 3, 16, 48, 0], [0, 18, 32, 4, 29, 19, 6, 24, 40, 20, 44, 0], [0, 27, 35, 5, 36, 28, 26, 23, 30, 12, 49, 0], [0, 46, 22, 7, 8, 43, 33, 34, 2, 25, 39, 0], [0, 17, 13, 10, 37, 50, 38, 31, 9, 47, 21, 0]]",6.665311083728739,0.19958663145080208,2.268355028470978,0.34730983013287187,0.1731251451675868,0.2368872014106534,0.8728286729572277,0.8944110663424046,0.9035153985023499
0.0,0.0,1,True,133997,5,"[[0, 17, 13, 10, 37, 50, 38, 31, 9, 47, 21, 0], [0, 18, 32, 4, 29, 6, 19, 24, 40, 20, 44, 0], [0, 14, 42, 41, 1, 11, 45, 15, 3, 16, 48, 0], [0, 46, 22, 7, 8, 43, 33, 34, 2, 25, 39, 0], [0, 27, 35, 5, 36, 28, 26, 23, 30, 12, 49, 0]]",6.665311083728739,0.19958663145080208,2.268355028470978,0.34730983013287187,0.1731251451675868,0.2368872014106534,0.8728286729572277,0.8944110663424046,0.9035153985023499
0.0,0.0,2,True,133998,5,"[[0, 16, 3, 15, 45, 11, 1, 41, 42, 14, 48, 0], [0, 25, 2, 34, 33, 43, 8, 7, 22, 46, 39, 0], [0, 38, 31, 9, 47, 21, 27, 23, 30, 49, 12, 0], [0, 26, 28, 36, 5, 35, 10, 37, 50, 13, 17, 0], [0, 44, 20, 40, 24, 6, 19, 29, 4, 32, 18, 0]]",8.501551206347358,0.29887099306170756,2.4706911440589465,0.42672953605651853,0.2533001039045475,0.6355483551246367,0.876100506757852,0.8995402001961866,0.9035153985023499
0.0,0.0,3,True,133997,5,"[[0, 39, 25, 2, 36, 28, 26, 23, 30, 49, 18, 0], [0, 44, 20, 40, 24, 19, 6, 4, 32, 29, 12, 0], [0, 17, 13, 10, 37, 50, 38, 31, 9, 47, 21, 0], [0, 46, 22, 7, 8, 43, 5, 34, 33, 35, 27, 0], [0, 14, 42, 41, 1, 11, 45, 15, 3, 16, 48, 0]]",7.978942625988566,0.2800191741866561,2.977258115177392,0.47202693422635394,0.2607400253842893,0.6159101867562555,0.8926796327488078,0.9146101835401342,1.6943957805633545
0.0,0.0,4,True,133997,5,"[[0, 48, 14, 42, 41, 1, 45, 11, 15, 3, 16, 0], [0, 44, 20, 40, 24, 19, 6, 4, 32, 29, 12, 0], [0, 25, 2, 34, 33, 43, 8, 7, 22, 46, 39, 0], [0, 27, 35, 5, 36, 28, 26, 23, 30, 18, 49, 0], [0, 17, 13, 10, 37, 50, 38, 31, 9, 47, 21, 0]]",7.5416021112541785,0.22224426810299197,2.879355696597486,0.540696057677269,0.3014821269219141,0.6952358641848729,0.8930944259231932,0.9113193644433473,1.6943957805633545
0.0,0.0,5,True,133999,5,"[[0, 16, 3, 14, 42, 41, 1, 45, 39, 11, 15, 0], [0, 18, 32, 4, 29, 6, 19, 24, 40, 20, 44, 0], [0, 25, 2, 34, 33, 35, 10, 37, 50, 13, 17, 0], [0, 46, 22, 7, 8, 43, 5, 36, 28, 26, 12, 0], [0, 48, 38, 31, 9, 47, 21, 27, 23, 30, 49, 0]]",8.769522597845935,0.30764572179088223,2.268355028470978,0.4319065932650119,0.12279795153230344,0.14782026178033886,0.8744845720074534,0.8916072271120196,0.9035153985023499
0.0,0.0,6,True,133997,5,"[[0, 16, 3, 14, 42, 41, 1, 45, 11, 39, 48, 0], [0, 15, 46, 22, 7, 8, 43, 17, 13, 18, 49, 0], [0, 27, 35, 10, 37, 50, 38, 31, 9, 47, 21, 0], [0, 12, 29, 4, 32, 6, 19, 24, 40, 20, 44, 0], [0, 25, 2, 34, 33, 5, 36, 28, 26, 23, 30, 0]]",7.864316522456647,0.23269604522013856,2.0667323148663854,0.2844414561986923,0.1748751815048475,0.2633157446695152,0.8964149313723149,0.9183513737445179,1.6943957805633545
0.0,0.0,7,True,133998,5,"[[0, 13, 17, 43, 33, 34, 5, 2, 25, 45, 11, 0], [0, 16, 1, 41, 42, 12, 49, 14, 3, 15, 48, 0], [0, 44, 20, 40, 24, 19, 6, 29, 4, 32, 18, 0], [0, 30, 23, 26, 28, 36, 8, 7, 22, 46, 39, 0], [0, 21, 47, 9, 31, 38, 50, 37, 10, 35, 27, 0]]",7.798736502161773,0.21660592542453247,2.4305215127023985,0.37532136325413984,0.24546974775105523,0.5269085372254988,0.8774977821654653,0.9034862174764082,0.9035153985023499
0.0,0.0,8,True,133998,5,"[[0, 48, 14, 42, 41, 1, 45, 11, 15, 3, 16, 0], [0, 49, 18, 12, 29, 32, 4, 6, 19, 24, 40, 0], [0, 44, 20, 34, 33, 5, 36, 28, 26, 23, 30, 0], [0, 17, 13, 37, 10, 35, 22, 43, 8, 7, 46, 0], [0, 27, 21, 47, 9, 31, 38, 50, 2, 25, 39, 0]]",7.60014733538992,0.2648266844021586,2.780483269627439,0.5168774098157882,0.25100357056345857,0.5129419996426186,0.892559551263177,0.9093362431005738,1.6943957805633545
0.0,0.0,9,True,133997,5,"[[0, 48, 15, 45, 11, 1, 41, 42, 14, 3, 16, 0], [0, 27, 35, 5, 36, 28, 26, 23, 30, 12, 49, 0], [0, 21, 47, 9, 31, 38, 50, 37, 10, 13, 17, 0], [0, 25, 2, 34, 33, 43, 8, 7, 22, 46, 39, 0], [0, 44, 20, 40, 24, 6, 19, 29, 4, 32, 18, 0]]",6.380967101205897,0.20375645100804313,2.4295378561946563,0.37532136325413984,0.2558783953948851,0.4244186598757045,0.8752127950002349,0.8940311030364545,0.9035153985023499
1.0,0.0,0,True,156752,5,"[[0, 1, 41, 24, 6, 19, 29, 4, 32, 39, 45, 0], [0, 15, 3, 38, 50, 5, 33, 34, 18, 35, 27, 0], [0, 30, 23, 26, 28, 2, 25, 11, 16, 42, 14, 0], [0, 46, 22, 43, 8, 7, 36, 31, 9, 47, 21, 0], [0, 49, 12, 40, 10, 37, 13, 17, 44, 20, 48, 0]]",2.4633419477613643,0.05533538191743633,0.8666586999461288,0.09025531727820635,0.23206514852275073,0.04530168743540814,0.7930860367906232,0.760669989281326,0.4517576992511749
1.0,0.0,1,True,156455,5,"[[0, 1, 11, 45, 39, 32, 4, 29, 47, 21, 27, 0], [0, 49, 12, 13, 17, 19, 6, 24, 41, 42, 48, 0], [0, 20, 44, 38, 50, 5, 43, 8, 7, 22, 46, 0], [0, 37, 10, 35, 18, 34, 33, 36, 31, 9, 40, 0], [0, 14, 3, 15, 16, 25, 2, 28, 26, 23, 30, 0]]",2.190540962430532,0.04346984657584815,0.7378925298180548,0.06719953587485684,0.25330268353368757,0.039124358599711466,0.7838515086264752,0.7363778152054001,0.4517576992511749
1.0,0.0,2,True,157358,5,"[[0, 42, 14, 3, 38, 50, 5, 33, 34, 18, 35, 0], [0, 40, 9, 31, 36, 7, 8, 43, 22, 46, 45, 0], [0, 49, 12, 30, 23, 26, 28, 2, 25, 39, 11, 0], [0, 15, 16, 20, 44, 17, 13, 37, 10, 27, 48, 0], [0, 21, 47, 29, 4, 32, 19, 6, 24, 41, 1, 0]]",2.45283970113087,0.056491457941857254,1.1150833639476332,0.13389893301895686,0.3161110634469937,0.10327774594939425,0.7996931279296384,0.7656538381509058,0.45256683230400085
1.0,0.0,3,True,156753,5,"[[0, 27, 35, 18, 34, 33, 5, 50, 38, 3, 15, 0], [0, 30, 23, 26, 28, 2, 25, 11, 16, 42, 14, 0], [0, 48, 12, 49, 40, 10, 37, 13, 17, 44, 20, 0], [0, 46, 22, 43, 8, 7, 36, 31, 9, 47, 21, 0], [0, 45, 39, 32, 4, 29, 19, 6, 24, 41, 1, 0]]",2.4620013918029144,0.05533538191743633,0.8666586999461288,0.09025531727820635,0.23262710640342732,0.04542349124188909,0.7943873551976532,0.7610841729166155,0.4517576992511749
1.0,0.0,4,True,156392,5,"[[0, 20, 44, 38, 50, 5, 43, 8, 7, 22, 46, 0], [0, 48, 27, 21, 47, 29, 4, 32, 39, 45, 11, 0], [0, 13, 17, 19, 6, 24, 41, 42, 14, 3, 15, 0], [0, 40, 9, 31, 36, 33, 34, 18, 35, 10, 37, 0], [0, 1, 16, 25, 2, 28, 26, 23, 30, 12, 49, 0]]",2.181065732918796,0.04346984657584815,0.7423142014959012,0.07454927440267056,0.25224305938992053,0.038830101262007616,0.7809794709483437,0.7359926658869715,0.4517576992511749
1.0,0.0,5,True,157114,5,"[[0, 48, 27, 21, 47, 9, 31, 38, 50, 36, 14, 0], [0, 35, 18, 34, 33, 5, 43, 8, 7, 22, 46, 0], [0, 42, 41, 24, 6, 19, 29, 4, 32, 39, 45, 0], [0, 40, 10, 37, 13, 17, 44, 20, 16, 3, 15, 0], [0, 49, 12, 30, 23, 26, 28, 2, 25, 11, 1, 0]]",2.3050715647113975,0.045736482241065114,0.9345118969285977,0.132834039007624,0.3262618768043517,0.07724871394014153,0.7675997341835099,0.7257751162790176,0.4517576992511749
1.0,0.0,6,True,156752,5,"[[0, 15, 3, 38, 50, 5, 33, 34, 18, 35, 27, 0], [0, 49, 12, 40, 10, 37, 13, 17, 44, 20, 48, 0], [0, 14, 42, 16, 11, 25, 2, 28, 26, 23, 30, 0], [0, 21, 47, 9, 31, 36, 7, 8, 43, 22, 46, 0], [0, 45, 39, 32, 4, 29, 19, 6, 24, 41, 1, 0]]",2.4633419477613643,0.05533538191743633,0.8666586999461288,0.09025531727820635,0.23206514852275073,0.04530168743540814,0.7930860367906232,0.760669989281326,0.4517576992511749
1.0,0.0,7,True,156752,5,"[[0, 27, 35, 18, 34, 33, 5, 50, 38, 3, 15, 0], [0, 1, 41, 24, 6, 19, 29, 4, 32, 39, 45, 0], [0, 46, 22, 43, 8, 7, 36, 31, 9, 47, 21, 0], [0, 48, 20, 44, 17, 13, 37, 10, 40, 12, 49, 0], [0, 14, 42, 16, 11, 25, 2, 28, 26, 23, 30, 0]]",2.4620013918029144,0.05533538191743633,0.8666586999461288,0.09025531727820635,0.23262710640342732,0.045423491241889095,0.7943873551976532,0.7610841729166155,0.4517576992511749
1.0,0.0,8,True,157102,5,"[[0, 37, 10, 13, 17, 44, 20, 16, 3, 14, 42, 0], [0, 15, 45, 11, 25, 2, 28, 26, 23, 30, 12, 0], [0, 1, 41, 24, 6, 19, 29, 4, 32, 39, 48, 0], [0, 35, 18, 34, 33, 36, 7, 8, 43, 22, 46, 0], [0, 27, 21, 47, 9, 31, 38, 50, 5, 40, 49, 0]]",2.6357853723529843,0.0566441572478248,0.8796397370606428,0.09066913113929331,0.23145739729233616,0.049464358028807706,0.7952829193997337,0.7702728838674845,0.4517576992511749
1.0,0.0,9,True,156752,5,"[[0, 11, 39, 32, 4, 29, 19, 6, 24, 41, 1, 0], [0, 15, 3, 38, 50, 5, 33, 34, 18, 35, 27, 0], [0, 30, 23, 26, 28, 2, 25, 45, 16, 42, 14, 0], [0, 21, 47, 9, 31, 36, 7, 8, 43, 22, 46, 0], [0, 49, 12, 40, 10, 37, 13, 17, 44, 20, 48, 0]]",2.4633419477613643,0.05533538191743633,0.8648073007498169,0.09025531727820635,0.23146388430996234,0.04496220750257461,0.7930860367906232,0.760669989281326,0.4517576992511749
