beta,lambda_concentration,seed,is_feasible,pyvrp_cost,num_routes,routes,global_risk,global_cvar90,max_vehicle_risk,max_vehicle_cvar90,vehicle_risk_gini,risk_variance,edge_burden_gini_used,top10_burden_share,max_edge_burden
0.0,0.0,0,True,133997,5,"[[0, 14, 42, 41, 1, 45, 11, 15, 3, 16, 48, 0], [0, 18, 32, 4, 29, 19, 6, 24, 40, 20, 44, 0], [0, 27, 35, 5, 36, 28, 26, 23, 30, 12, 49, 0], [0, 46, 22, 7, 8, 43, 33, 34, 2, 25, 39, 0], [0, 17, 13, 10, 37, 50, 38, 31, 9, 47, 21, 0]]",6.8187505339119525,0.20973609570927662,2.340202598250471,0.35941894274825853,0.19126490393122975,0.2653618299353017,0.8623375588341804,0.8882062024862861,0.8581409454345703
0.0,0.0,1,True,133997,5,"[[0, 17, 13, 10, 37, 50, 38, 31, 9, 47, 21, 0], [0, 18, 32, 4, 29, 6, 19, 24, 40, 20, 44, 0], [0, 14, 42, 41, 1, 11, 45, 15, 3, 16, 48, 0], [0, 46, 22, 7, 8, 43, 33, 34, 2, 25, 39, 0], [0, 27, 35, 5, 36, 28, 26, 23, 30, 12, 49, 0]]",6.8187505339119525,0.20973609570927662,2.340202598250471,0.35941894274825853,0.19126490393122975,0.2653618299353017,0.8623375588341804,0.8882062024862861,0.8581409454345703
0.0,0.0,2,True,133998,5,"[[0, 16, 3, 15, 45, 11, 1, 41, 42, 14, 48, 0], [0, 25, 2, 34, 33, 43, 8, 7, 22, 46, 39, 0], [0, 38, 31, 9, 47, 21, 27, 23, 30, 49, 12, 0], [0, 26, 28, 36, 5, 35, 10, 37, 50, 13, 17, 0], [0, 44, 20, 40, 24, 6, 19, 29, 4, 32, 18, 0]]",8.628519951871567,0.30070884325183356,2.4764715025230544,0.4340499997138977,0.2289009856695885,0.5169986488801328,0.8670064617809823,0.884401273479292,0.8581409454345703
0.0,0.0,3,True,133998,5,"[[0, 12, 49, 30, 23, 26, 28, 36, 5, 20, 44, 0], [0, 14, 42, 41, 1, 45, 11, 15, 3, 16, 48, 0], [0, 27, 35, 10, 37, 50, 38, 31, 9, 47, 21, 0], [0, 25, 2, 34, 33, 43, 8, 7, 22, 46, 39, 0], [0, 18, 32, 4, 29, 19, 6, 24, 40, 13, 17, 0]]",6.424947132978559,0.1966248619338048,2.0122053430677624,0.23147089884150773,0.23743316017789362,0.31563807491460166,0.8642967360648268,0.8861385845557108,0.8581409454345703
0.0,0.0,4,True,133997,5,"[[0, 48, 14, 42, 41, 1, 45, 11, 15, 3, 16, 0], [0, 44, 20, 40, 24, 19, 6, 4, 32, 29, 12, 0], [0, 25, 2, 34, 33, 43, 8, 7, 22, 46, 39, 0], [0, 27, 35, 5, 36, 28, 26, 23, 30, 18, 49, 0], [0, 17, 13, 10, 37, 50, 38, 31, 9, 47, 21, 0]]",7.88580260058734,0.23898984684298435,3.070716337650083,0.5709994852542877,0.30423257955158656,0.777698930479483,0.8833169254453703,0.9069953839292398,1.7162818908691406
0.0,0.0,5,True,133999,5,"[[0, 16, 3, 14, 42, 41, 1, 45, 39, 11, 15, 0], [0, 18, 32, 4, 29, 6, 19, 24, 40, 20, 44, 0], [0, 25, 2, 34, 33, 35, 10, 37, 50, 13, 17, 0], [0, 46, 22, 7, 8, 43, 5, 36, 28, 26, 12, 0], [0, 48, 38, 31, 9, 47, 21, 27, 23, 30, 49, 0]]",8.818872490297508,0.2980055855932059,2.340202598250471,0.35941894274825853,0.10232665113361361,0.11416233121598665,0.8658893401627306,0.8785473112157022,0.8581409454345703
0.0,0.0,6,True,133997,5,"[[0, 16, 3, 14, 42, 41, 1, 45, 11, 39, 48, 0], [0, 15, 46, 22, 7, 8, 43, 17, 13, 18, 49, 0], [0, 27, 35, 10, 37, 50, 38, 31, 9, 47, 21, 0], [0, 12, 29, 4, 32, 6, 19, 24, 40, 20, 44, 0], [0, 25, 2, 34, 33, 5, 36, 28, 26, 23, 30, 0]]",8.170403055450151,0.24838626235723496,2.0266925571631873,0.3228331580758095,0.13048273384378528,0.15911575242460277,0.8872295982502905,0.9141003333355066,1.7162818908691406
0.0,0.0,7,True,133998,5,"[[0, 13, 17, 43, 33, 34, 5, 2, 25, 45, 11, 0], [0, 16, 1, 41, 42, 12, 49, 14, 3, 15, 48, 0], [0, 44, 20, 40, 24, 19, 6, 29, 4, 32, 18, 0], [0, 30, 23, 26, 28, 36, 8, 7, 22, 46, 39, 0], [0, 21, 47, 9, 31, 38, 50, 37, 10, 35, 27, 0]]",7.957052188878151,0.2191619961663629,2.4248728917445987,0.3742017241505285,0.2112810447317497,0.4120694242968799,0.8637067388803268,0.8887450881592316,0.8581409454345703
0.0,0.0,8,True,133998,5,"[[0, 48, 14, 42, 41, 1, 45, 11, 15, 3, 16, 0], [0, 49, 18, 12, 29, 32, 4, 6, 19, 24, 40, 0], [0, 44, 20, 34, 33, 5, 36, 28, 26, 23, 30, 0], [0, 17, 13, 37, 10, 35, 22, 43, 8, 7, 46, 0], [0, 27, 21, 47, 9, 31, 38, 50, 2, 25, 39, 0]]",7.826376315202651,0.21602758584600507,2.877004406764172,0.5268751949071884,0.2457277679328307,0.5430423333542622,0.8846093418188028,0.9049013007497714,1.7162818908691406
0.0,0.0,9,True,133997,5,"[[0, 48, 15, 45, 11, 1, 41, 42, 14, 3, 16, 0], [0, 27, 35, 5, 36, 28, 26, 23, 30, 12, 49, 0], [0, 21, 47, 9, 31, 38, 50, 37, 10, 13, 17, 0], [0, 25, 2, 34, 33, 43, 8, 7, 22, 46, 39, 0], [0, 44, 20, 40, 24, 6, 19, 29, 4, 32, 18, 0]]",6.550781650101271,0.21539608158033202,2.4248728917445987,0.3742017241505285,0.25001884264960217,0.38191447568621006,0.8654245399647653,0.8890739909008842,0.8581409454345703
1.0,0.0,0,True,157143,5,"[[0, 12, 49, 30, 23, 26, 28, 2, 25, 45, 15, 0], [0, 48, 40, 37, 10, 13, 17, 44, 20, 16, 1, 0], [0, 14, 3, 38, 50, 5, 36, 31, 9, 47, 21, 0], [0, 42, 41, 24, 19, 6, 29, 4, 32, 39, 11, 0], [0, 46, 22, 7, 8, 43, 33, 34, 18, 35, 27, 0]]",2.881781878993934,0.063703681741442,0.8693425815981755,0.12541272975504397,0.18235010673554264,0.037885567082327334,0.7850362360090328,0.7712413003854484,0.35029923915863037
1.0,0.0,1,True,157403,5,"[[0, 46, 22, 7, 8, 43, 5, 36, 31, 9, 40, 0], [0, 15, 45, 11, 39, 32, 4, 29, 47, 21, 27, 0], [0, 49, 12, 30, 23, 26, 28, 2, 25, 3, 14, 0], [0, 37, 10, 35, 18, 34, 33, 50, 38, 44, 20, 0], [0, 48, 13, 17, 6, 19, 24, 41, 1, 16, 42, 0]]",2.8118266325727745,0.07420434323804719,0.6949100242345594,0.08179954386183194,0.09352760412156491,0.009453878117121955,0.7855334822917772,0.7688477977988742,0.35029923915863037
1.0,0.0,2,True,157015,5,"[[0, 1, 11, 45, 25, 2, 28, 26, 23, 30, 12, 0], [0, 15, 46, 22, 43, 8, 7, 36, 31, 9, 40, 0], [0, 48, 49, 13, 17, 44, 20, 16, 3, 14, 42, 0], [0, 37, 10, 35, 18, 34, 33, 5, 50, 38, 39, 0], [0, 27, 21, 47, 32, 4, 29, 19, 6, 24, 41, 0]]",2.4693125919984595,0.062439841617430956,1.0938911478442606,0.11536200577393174,0.3321703835283505,0.10348598577374649,0.7682543199484171,0.7412899987626873,0.35029923915863037
1.0,0.0,3,True,156444,5,"[[0, 12, 49, 30, 23, 26, 28, 2, 25, 15, 48, 0], [0, 1, 41, 24, 19, 6, 4, 32, 39, 11, 45, 0], [0, 13, 17, 38, 50, 33, 34, 18, 35, 10, 37, 0], [0, 42, 14, 3, 16, 20, 44, 29, 47, 21, 27, 0], [0, 40, 9, 31, 36, 5, 43, 8, 7, 22, 46, 0]]",2.3291030344080355,0.05536763485649537,0.7617053567628318,0.079758012550883,0.3065963025960734,0.07001145480961524,0.7508308366990217,0.7209819140020098,0.35029923915863037
1.0,0.0,4,True,157113,5,"[[0, 15, 39, 32, 4, 29, 6, 19, 24, 41, 42, 0], [0, 48, 49, 12, 40, 37, 10, 13, 17, 44, 20, 0], [0, 1, 16, 45, 11, 25, 2, 28, 26, 23, 30, 0], [0, 21, 47, 9, 31, 36, 7, 8, 43, 22, 46, 0], [0, 27, 35, 18, 34, 33, 5, 50, 38, 3, 14, 0]]",2.720735678125493,0.05922863355704716,0.8749727562208136,0.09218567505013198,0.17416736979021818,0.033093916637563205,0.7774748544071264,0.756925701558073,0.35029923915863037
1.0,0.0,5,True,157083,5,"[[0, 30, 23, 26, 28, 2, 25, 45, 11, 15, 48, 0], [0, 41, 24, 19, 6, 29, 4, 32, 47, 21, 27, 0], [0, 40, 9, 31, 36, 7, 8, 43, 22, 46, 1, 0], [0, 20, 44, 17, 13, 12, 49, 14, 3, 16, 42, 0], [0, 39, 38, 50, 5, 33, 34, 18, 35, 10, 37, 0]]",2.480132116641471,0.062439841617430956,1.0938911478442606,0.11536200577393174,0.32717925022003436,0.10250745412055347,0.7614991487528557,0.7303868296249985,0.35029923915863037
1.0,0.0,6,True,157015,5,"[[0, 48, 49, 13, 17, 44, 20, 16, 3, 14, 42, 0], [0, 41, 24, 19, 6, 29, 4, 32, 47, 21, 27, 0], [0, 37, 10, 35, 18, 34, 33, 5, 50, 38, 39, 0], [0, 1, 11, 45, 25, 2, 28, 26, 23, 30, 12, 0], [0, 15, 46, 22, 43, 8, 7, 36, 31, 9, 40, 0]]",2.4693125919984595,0.062439841617430956,1.0938911478442606,0.11536200577393174,0.3321703835283505,0.10348598577374649,0.7682543199484171,0.7412899987626873,0.35029923915863037
1.0,0.0,7,True,157113,5,"[[0, 46, 22, 43, 8, 7, 36, 31, 9, 47, 21, 0], [0, 42, 16, 11, 45, 25, 2, 28, 26, 23, 30, 0], [0, 27, 35, 18, 34, 33, 5, 50, 38, 3, 14, 0], [0, 1, 41, 24, 19, 6, 29, 4, 32, 39, 15, 0], [0, 48, 49, 12, 40, 37, 10, 13, 17, 44, 20, 0]]",2.7209889566547645,0.05922863355704716,0.7944105335045606,0.06860604602843523,0.15046499831585547,0.02208647491523344,0.7771892867867749,0.7568552444443132,0.35029923915863037
1.0,0.0,8,True,157113,5,"[[0, 21, 47, 9, 31, 36, 7, 8, 43, 22, 46, 0], [0, 14, 3, 38, 50, 5, 33, 34, 18, 35, 27, 0], [0, 48, 12, 49, 40, 37, 10, 13, 17, 44, 20, 0], [0, 1, 16, 45, 11, 25, 2, 28, 26, 23, 30, 0], [0, 15, 39, 32, 4, 29, 6, 19, 24, 41, 42, 0]]",2.7196588253391383,0.05922863355704716,0.8749727562208136,0.09218567505013198,0.17439471217825298,0.03313390034837464,0.7775399645004144,0.7572254073679311,0.35029923915863037
1.0,0.0,9,True,157497,5,"[[0, 15, 3, 16, 20, 44, 17, 13, 37, 10, 27, 0], [0, 45, 11, 25, 2, 28, 26, 23, 30, 12, 14, 0], [0, 46, 22, 7, 36, 5, 43, 8, 40, 49, 48, 0], [0, 42, 41, 24, 19, 6, 29, 4, 32, 39, 1, 0], [0, 35, 18, 34, 33, 50, 38, 31, 9, 47, 21, 0]]",2.6316051588182745,0.05491423265387615,0.8934256271422782,0.09218567505013198,0.24187271642138364,0.054204237136922274,0.7636843184976256,0.7420071706061521,0.35029923915863037
