beta,lambda_concentration,seed,is_feasible,pyvrp_cost,num_routes,routes,global_risk,global_cvar90,max_vehicle_risk,max_vehicle_cvar90,vehicle_risk_gini,risk_variance,edge_burden_gini_used,top10_burden_share,max_edge_burden
0.0,0.0,0,True,145999,5,"[[0, 44, 14, 3, 15, 41, 11, 1, 37, 38, 50, 0], [0, 42, 7, 8, 34, 17, 9, 47, 43, 26, 33, 0], [0, 45, 12, 13, 24, 32, 46, 23, 10, 18, 19, 0], [0, 40, 25, 20, 35, 4, 16, 28, 30, 21, 29, 0], [0, 36, 31, 6, 22, 2, 48, 5, 39, 49, 27, 0]]",8.90286462836957,0.2864016372643943,3.084177437442122,0.4014389600072588,0.21998716055654044,0.5571641529548162,0.8758719373061219,0.8965344688703571,1.039939045906067
0.0,0.0,1,True,145999,5,"[[0, 6, 22, 5, 2, 48, 43, 9, 47, 31, 36, 0], [0, 12, 45, 13, 24, 32, 46, 23, 10, 18, 19, 0], [0, 27, 49, 39, 17, 34, 8, 7, 30, 21, 29, 0], [0, 33, 26, 28, 16, 4, 35, 20, 25, 40, 44, 0], [0, 14, 3, 15, 42, 41, 11, 1, 37, 38, 50, 0]]",9.984724167952663,0.3134493739825898,3.0091404932318255,0.46680115660031635,0.19680052687631533,0.5147058584866381,0.8858213478123269,0.9086332558690388,1.7579413652420044
0.0,0.0,2,True,146664,5,"[[0, 27, 49, 39, 17, 34, 8, 7, 16, 12, 45, 0], [0, 35, 4, 6, 22, 5, 43, 47, 9, 31, 36, 0], [0, 33, 26, 28, 30, 48, 2, 20, 25, 40, 19, 0], [0, 14, 3, 15, 42, 41, 11, 1, 37, 38, 50, 0], [0, 29, 21, 18, 10, 23, 46, 32, 24, 13, 44, 0]]",7.837430702078564,0.2074523385723724,2.945960832104902,0.5056711971759796,0.24561180998495313,0.567351779381986,0.8759844868807072,0.8920643433228586,1.039939045906067
0.0,0.0,3,True,146664,5,"[[0, 44, 50, 38, 37, 1, 41, 11, 15, 3, 14, 0], [0, 19, 18, 21, 29, 10, 23, 46, 32, 24, 13, 0], [0, 45, 12, 42, 7, 8, 34, 17, 39, 49, 27, 0], [0, 16, 35, 4, 6, 22, 5, 30, 28, 26, 33, 0], [0, 40, 25, 20, 2, 48, 43, 47, 9, 31, 36, 0]]",9.64251390878053,0.31176259415224195,3.1032694281748263,0.4819367229938507,0.23637700765968694,0.782525593800748,0.8734476882166602,0.8982799594427888,1.039939045906067
0.0,0.0,4,True,147330,5,"[[0, 36, 31, 9, 47, 43, 48, 2, 20, 25, 40, 0], [0, 45, 12, 13, 24, 32, 46, 23, 10, 29, 44, 0], [0, 14, 3, 15, 42, 11, 41, 1, 37, 38, 50, 0], [0, 21, 35, 4, 6, 22, 5, 30, 28, 26, 33, 0], [0, 27, 49, 39, 17, 34, 8, 7, 16, 18, 19, 0]]",8.812429024689436,0.28366429794446696,2.9097143167164177,0.39979700893163683,0.23984669061677932,0.5668953456846276,0.8788841717454978,0.9002978193991447,1.0491186380386353
0.0,0.0,5,True,147330,5,"[[0, 27, 49, 39, 48, 2, 43, 9, 47, 31, 36, 0], [0, 14, 3, 15, 42, 11, 41, 1, 37, 38, 50, 0], [0, 33, 26, 28, 30, 8, 17, 34, 7, 16, 45, 0], [0, 12, 35, 4, 6, 22, 5, 20, 25, 40, 44, 0], [0, 29, 21, 13, 24, 32, 46, 23, 10, 18, 19, 0]]",9.157108876090206,0.2939898941798934,3.4976974420133047,0.412880859204701,0.24473169227882585,0.7928669175153854,0.8699374816780929,0.8849460863848152,1.039939045906067
0.0,0.0,6,True,147330,5,"[[0, 50, 38, 37, 1, 41, 11, 15, 3, 14, 45, 0], [0, 36, 31, 9, 47, 43, 2, 48, 39, 49, 27, 0], [0, 40, 25, 20, 5, 22, 6, 4, 35, 16, 12, 0], [0, 13, 24, 32, 46, 23, 10, 29, 21, 18, 19, 0], [0, 42, 7, 34, 17, 8, 30, 28, 26, 33, 44, 0]]",9.69457506465551,0.303357496793414,3.153413600521162,0.42357607185840607,0.20994310858253562,0.572031930541294,0.875657836974953,0.9004718324868975,1.039939045906067
0.0,0.0,7,True,146664,5,"[[0, 19, 18, 10, 23, 46, 32, 24, 13, 21, 29, 0], [0, 33, 26, 28, 30, 5, 22, 6, 4, 35, 44, 0], [0, 12, 45, 16, 7, 8, 34, 17, 39, 49, 27, 0], [0, 40, 25, 20, 2, 48, 43, 47, 9, 31, 36, 0], [0, 14, 3, 15, 42, 11, 41, 1, 37, 38, 50, 0]]",8.855515520110202,0.2846524682827294,2.9087756710941903,0.3926330655813217,0.16478331587643247,0.3517580763906173,0.8711895017256854,0.8923922566239499,1.039939045906067
0.0,0.0,8,True,147330,5,"[[0, 14, 3, 15, 42, 11, 41, 1, 37, 38, 50, 0], [0, 12, 45, 13, 46, 23, 10, 29, 21, 18, 19, 0], [0, 32, 24, 6, 22, 5, 48, 2, 20, 25, 40, 0], [0, 36, 31, 47, 9, 43, 30, 28, 26, 33, 44, 0], [0, 27, 49, 39, 17, 34, 8, 7, 16, 4, 35, 0]]",9.89242653160909,0.32099354632997085,2.5931025331810815,0.3460105362215212,0.13512226162097418,0.23339469305298097,0.8779550411951462,0.9017144211665293,1.039939045906067
0.0,0.0,9,True,145999,5,"[[0, 14, 3, 15, 42, 41, 11, 1, 37, 38, 50, 0], [0, 27, 49, 39, 17, 34, 8, 7, 30, 21, 29, 0], [0, 12, 45, 13, 24, 32, 46, 23, 10, 18, 19, 0], [0, 44, 40, 25, 20, 35, 4, 16, 28, 26, 33, 0], [0, 6, 22, 5, 48, 2, 43, 47, 9, 31, 36, 0]]",9.97531921249174,0.3134493739825898,3.0091404932318255,0.46680115660031635,0.19698607484230335,0.5135754443023809,0.8863589614494005,0.9094899357526318,1.7579413652420044
1.5,1.0,0,True,203162,5,"[[0, 1, 2, 48, 34, 17, 39, 8, 7, 16, 19, 0], [0, 42, 11, 41, 12, 13, 23, 10, 18, 21, 29, 0], [0, 35, 43, 4, 40, 25, 20, 3, 14, 38, 50, 0], [0, 27, 49, 37, 24, 32, 46, 5, 22, 6, 45, 0], [0, 44, 15, 33, 26, 30, 28, 9, 47, 31, 36, 0]]",2.840615556572402,0.0539026160871512,1.08291452894332,0.1495469631627202,0.25035065120441846,0.0764242050880872,0.7758292762393115,0.72412263916279,0.8629772067070007
1.5,1.0,1,True,203031,5,"[[0, 45, 12, 21, 18, 10, 23, 13, 11, 41, 1, 0], [0, 50, 38, 14, 3, 47, 9, 28, 30, 26, 33, 0], [0, 44, 2, 48, 34, 17, 39, 8, 7, 16, 19, 0], [0, 27, 49, 37, 4, 40, 25, 20, 35, 43, 29, 0], [0, 36, 31, 46, 32, 24, 6, 22, 5, 42, 15, 0]]",2.8878288949752005,0.0569816235754941,1.0589692034234304,0.14954950784643492,0.3416406035680726,0.1260071751511598,0.7796406280062069,0.733283004512925,0.8629772067070007
1.5,1.0,2,True,203162,5,"[[0, 1, 2, 48, 34, 17, 39, 8, 7, 16, 19, 0], [0, 29, 21, 18, 10, 23, 13, 12, 42, 41, 11, 0], [0, 45, 6, 22, 5, 46, 32, 24, 37, 49, 27, 0], [0, 44, 36, 31, 47, 9, 28, 30, 26, 33, 15, 0], [0, 35, 43, 4, 40, 25, 20, 3, 14, 38, 50, 0]]",2.8313333971279917,0.0539026160871512,1.08291452894332,0.1495469631627202,0.2526153497717616,0.0773202463805191,0.7779623350457439,0.7264965813487692,0.8629772067070007
1.5,1.0,3,True,203162,5,"[[0, 12, 6, 22, 5, 46, 32, 24, 37, 49, 27, 0], [0, 1, 2, 48, 34, 17, 39, 8, 7, 16, 19, 0], [0, 35, 43, 4, 40, 25, 20, 3, 14, 38, 50, 0], [0, 36, 31, 47, 9, 28, 30, 26, 33, 15, 44, 0], [0, 29, 21, 18, 10, 23, 13, 45, 11, 41, 42, 0]]",2.8313333971279917,0.0539026160871512,1.08291452894332,0.1495469631627202,0.2534523251019756,0.07762159736357815,0.7779623350457439,0.7264965813487692,0.8629772067070007
1.5,1.0,4,True,203148,5,"[[0, 27, 49, 37, 4, 40, 25, 20, 35, 43, 29, 0], [0, 38, 14, 3, 34, 17, 39, 8, 7, 16, 19, 0], [0, 15, 42, 5, 22, 6, 24, 32, 46, 31, 36, 0], [0, 50, 44, 2, 48, 47, 9, 28, 30, 26, 33, 0], [0, 45, 12, 21, 18, 10, 23, 13, 11, 41, 1, 0]]",2.901015914420668,0.05449948698664323,1.4098145828320412,0.11417847397652539,0.4387852571902495,0.24451706852387253,0.7784641802457555,0.7322801527484977,0.8629772067070007
1.5,1.0,5,True,203063,5,"[[0, 45, 12, 15, 11, 41, 42, 1, 49, 37, 27, 0], [0, 33, 26, 30, 28, 9, 47, 3, 14, 38, 50, 0], [0, 29, 10, 18, 21, 20, 25, 40, 4, 43, 35, 0], [0, 19, 16, 7, 8, 39, 17, 34, 48, 2, 44, 0], [0, 13, 23, 24, 32, 46, 5, 22, 6, 31, 36, 0]]",2.8571956247003527,0.05318288968350643,1.0589692034234304,0.14954950784643492,0.2814495592449495,0.08580652951907249,0.7800596079063407,0.7335734107351004,0.8629772067070007
1.5,1.0,6,True,203162,5,"[[0, 1, 2, 48, 34, 17, 39, 8, 7, 16, 19, 0], [0, 35, 43, 4, 40, 25, 20, 3, 14, 38, 50, 0], [0, 12, 6, 22, 5, 46, 32, 24, 37, 49, 27, 0], [0, 36, 31, 9, 47, 28, 30, 26, 33, 15, 44, 0], [0, 29, 21, 18, 10, 23, 13, 45, 41, 11, 42, 0]]",2.8313333971279917,0.0539026160871512,1.08291452894332,0.1495469631627202,0.2534523251019756,0.07762159736357815,0.7779623350457439,0.7264965813487692,0.8629772067070007
1.5,1.0,7,True,203063,5,"[[0, 33, 26, 30, 28, 47, 9, 3, 14, 38, 50, 0], [0, 27, 37, 49, 1, 11, 41, 42, 15, 45, 12, 0], [0, 44, 2, 48, 34, 17, 39, 8, 7, 16, 19, 0], [0, 13, 23, 24, 32, 46, 5, 22, 6, 31, 36, 0], [0, 35, 43, 4, 40, 25, 20, 21, 18, 10, 29, 0]]",2.8556220816360565,0.05318288968350643,1.0589692034234304,0.14954950784643492,0.2818250606933075,0.08589891651089761,0.7803000857733919,0.7339776341650973,0.8629772067070007
1.5,1.0,8,True,203162,5,"[[0, 50, 38, 14, 3, 20, 25, 40, 4, 43, 35, 0], [0, 15, 33, 26, 30, 28, 47, 9, 31, 36, 44, 0], [0, 19, 16, 7, 8, 39, 17, 34, 48, 2, 1, 0], [0, 45, 6, 22, 5, 46, 32, 24, 37, 49, 27, 0], [0, 29, 21, 18, 10, 23, 13, 12, 41, 11, 42, 0]]",2.8303947515057644,0.0539026160871512,1.08291452894332,0.1495469631627202,0.25269912476182066,0.07734238113833888,0.7784698351818853,0.7267375098748283,0.8629772067070007
1.5,1.0,9,True,203673,5,"[[0, 50, 38, 14, 45, 12, 21, 18, 10, 29, 19, 0], [0, 27, 49, 37, 24, 32, 46, 5, 16, 7, 42, 0], [0, 11, 41, 35, 43, 4, 40, 25, 20, 3, 15, 0], [0, 44, 1, 2, 48, 47, 9, 28, 30, 26, 33, 0], [0, 36, 31, 6, 22, 34, 17, 39, 8, 23, 13, 0]]",2.854568293238799,0.05351907487672109,1.4383754720183788,0.13764481039510834,0.3841810817659004,0.2014098721907584,0.7757745921585013,0.7278204362377985,0.8629772067070007
