beta,lambda_concentration,seed,is_feasible,pyvrp_cost,num_routes,routes,global_risk,global_cvar90,max_vehicle_risk,max_vehicle_cvar90,vehicle_risk_gini,risk_variance,edge_burden_gini_used,top10_burden_share,max_edge_burden
0.0,0.0,0,True,133997,5,"[[0, 14, 42, 41, 1, 45, 11, 15, 3, 16, 48, 0], [0, 18, 32, 4, 29, 19, 6, 24, 40, 20, 44, 0], [0, 27, 35, 5, 36, 28, 26, 23, 30, 12, 49, 0], [0, 46, 22, 7, 8, 43, 33, 34, 2, 25, 39, 0], [0, 17, 13, 10, 37, 50, 38, 31, 9, 47, 21, 0]]",6.874855264846701,0.20424246365825335,1.9832699262769893,0.3143273536115885,0.12126999675894257,0.10566718944393658,0.8610204863897006,0.8871727656113222,0.8696877360343933
0.0,0.0,1,True,133997,5,"[[0, 17, 13, 10, 37, 50, 38, 31, 9, 47, 21, 0], [0, 18, 32, 4, 29, 6, 19, 24, 40, 20, 44, 0], [0, 14, 42, 41, 1, 11, 45, 15, 3, 16, 48, 0], [0, 46, 22, 7, 8, 43, 33, 34, 2, 25, 39, 0], [0, 27, 35, 5, 36, 28, 26, 23, 30, 12, 49, 0]]",6.874855264846701,0.20424246365825335,1.9832699262769893,0.3143273536115885,0.12126999675894257,0.10566718944393656,0.8610204863897006,0.8871727656113222,0.8696877360343933
0.0,0.0,2,True,133998,5,"[[0, 16, 3, 15, 45, 11, 1, 41, 42, 14, 48, 0], [0, 25, 2, 34, 33, 43, 8, 7, 22, 46, 39, 0], [0, 38, 31, 9, 47, 21, 27, 23, 30, 49, 12, 0], [0, 26, 28, 36, 5, 35, 10, 37, 50, 13, 17, 0], [0, 44, 20, 40, 24, 6, 19, 29, 4, 32, 18, 0]]",8.585340479912702,0.2994093688634726,2.445468083024025,0.4275644540786743,0.18785356215599114,0.3568009401968971,0.8652204686970735,0.8852479963532752,0.8696877360343933
1.0,0.0,0,True,157193,5,"[[0, 37, 10, 35, 18, 32, 4, 29, 47, 21, 27, 0], [0, 40, 34, 33, 5, 36, 7, 8, 43, 22, 46, 0], [0, 15, 16, 3, 14, 42, 41, 24, 6, 19, 12, 0], [0, 20, 44, 17, 13, 50, 38, 31, 9, 39, 11, 0], [0, 48, 49, 30, 23, 26, 28, 2, 25, 45, 1, 0]]",3.196175659802975,0.09047065599373093,0.8632939544913825,0.11814399622380733,0.12492078670388063,0.020438308640554997,0.7976789337025021,0.789361844998671,0.4075877070426941
1.0,0.0,1,True,157193,5,"[[0, 48, 1, 45, 25, 2, 28, 26, 23, 30, 49, 0], [0, 37, 10, 35, 18, 32, 4, 29, 47, 21, 27, 0], [0, 15, 16, 3, 14, 42, 41, 24, 6, 19, 12, 0], [0, 20, 44, 17, 13, 50, 38, 31, 9, 39, 11, 0], [0, 40, 34, 33, 5, 36, 7, 8, 43, 22, 46, 0]]",3.196175659802975,0.09047065599373093,0.8632939544913825,0.11814399622380733,0.12492078670388063,0.020438308640554997,0.7976789337025021,0.789361844998671,0.4075877070426941
1.0,0.0,2,True,156783,5,"[[0, 20, 44, 17, 13, 49, 12, 14, 42, 16, 1, 0], [0, 30, 23, 26, 28, 2, 25, 45, 39, 11, 48, 0], [0, 37, 10, 35, 18, 34, 33, 36, 31, 9, 40, 0], [0, 41, 24, 19, 6, 4, 32, 29, 47, 21, 27, 0], [0, 15, 3, 38, 50, 5, 43, 8, 7, 22, 46, 0]]",2.681839743789169,0.06899031171841281,1.301242972840555,0.1613399237394333,0.40841057382435664,0.17477290706765253,0.7691110740397014,0.7446964849016883,0.4075877070426941
