beta,lambda_concentration,seed,is_feasible,pyvrp_cost,num_routes,routes,global_risk,global_cvar90,max_vehicle_risk,max_vehicle_cvar90,vehicle_risk_gini,risk_variance,edge_burden_gini_used,top10_burden_share,max_edge_burden
0.0,0.0,0,True,133997,5,"[[0, 14, 42, 41, 1, 45, 11, 15, 3, 16, 48, 0], [0, 18, 32, 4, 29, 19, 6, 24, 40, 20, 44, 0], [0, 27, 35, 5, 36, 28, 26, 23, 30, 12, 49, 0], [0, 46, 22, 7, 8, 43, 33, 34, 2, 25, 39, 0], [0, 17, 13, 10, 37, 50, 38, 31, 9, 47, 21, 0]]",6.7915321131877135,0.17940958027782686,1.84516590135172,0.25433097081258893,0.09875963728006765,0.06817760006214404,0.8711577526261995,0.8883174289789809,0.9429734349250793
0.0,0.0,1,True,133997,5,"[[0, 17, 13, 10, 37, 50, 38, 31, 9, 47, 21, 0], [0, 18, 32, 4, 29, 6, 19, 24, 40, 20, 44, 0], [0, 14, 42, 41, 1, 11, 45, 15, 3, 16, 48, 0], [0, 46, 22, 7, 8, 43, 33, 34, 2, 25, 39, 0], [0, 27, 35, 5, 36, 28, 26, 23, 30, 12, 49, 0]]",6.7915321131877135,0.17940958027782686,1.84516590135172,0.25433097081258893,0.09875963728006765,0.06817760006214403,0.8711577526261995,0.8883174289789809,0.9429734349250793
0.0,0.0,2,True,133998,5,"[[0, 16, 3, 15, 45, 11, 1, 41, 42, 14, 48, 0], [0, 25, 2, 34, 33, 43, 8, 7, 22, 46, 39, 0], [0, 38, 31, 9, 47, 21, 27, 23, 30, 49, 12, 0], [0, 26, 28, 36, 5, 35, 10, 37, 50, 13, 17, 0], [0, 44, 20, 40, 24, 6, 19, 29, 4, 32, 18, 0]]",8.735688057873631,0.3054496393753932,2.444548357045278,0.4354909658432007,0.1791273629598611,0.31598901737574747,0.8757073817565373,0.8946455301822543,0.9429734349250793
0.0,0.0,3,True,133998,5,"[[0, 12, 49, 30, 23, 26, 28, 36, 5, 20, 44, 0], [0, 14, 42, 41, 1, 45, 11, 15, 3, 16, 48, 0], [0, 27, 35, 10, 37, 50, 38, 31, 9, 47, 21, 0], [0, 25, 2, 34, 33, 43, 8, 7, 22, 46, 39, 0], [0, 18, 32, 4, 29, 19, 6, 24, 40, 13, 17, 0]]",6.520781586325029,0.18205745940213092,1.7055969735374674,0.261937466605256,0.1487086081047384,0.12753916680624794,0.8732979094229332,0.8882894723506154,0.9429734349250793
0.0,0.0,4,True,133997,5,"[[0, 48, 14, 42, 41, 1, 45, 11, 15, 3, 16, 0], [0, 44, 20, 40, 24, 19, 6, 4, 32, 29, 12, 0], [0, 25, 2, 34, 33, 43, 8, 7, 22, 46, 39, 0], [0, 27, 35, 5, 36, 28, 26, 23, 30, 18, 49, 0], [0, 17, 13, 10, 37, 50, 38, 31, 9, 47, 21, 0]]",7.9014820606971625,0.20092695876438585,2.6307349158742,0.4972419559955597,0.19866066724730058,0.34751854393337,0.8888268123673775,0.9069793586362381,1.4983854293823242
0.0,0.0,5,True,133999,5,"[[0, 16, 3, 14, 42, 41, 1, 45, 39, 11, 15, 0], [0, 18, 32, 4, 29, 6, 19, 24, 40, 20, 44, 0], [0, 25, 2, 34, 33, 35, 10, 37, 50, 13, 17, 0], [0, 46, 22, 7, 8, 43, 5, 36, 28, 26, 12, 0], [0, 48, 38, 31, 9, 47, 21, 27, 23, 30, 49, 0]]",8.8225626143103,0.30855126650287557,2.046318907989189,0.36916635441593826,0.0801973360613577,0.06592469346923113,0.8741688165289756,0.8928147048960012,0.9429734349250793
0.0,0.0,6,True,133997,5,"[[0, 16, 3, 14, 42, 41, 1, 45, 11, 39, 48, 0], [0, 15, 46, 22, 7, 8, 43, 17, 13, 18, 49, 0], [0, 27, 35, 10, 37, 50, 38, 31, 9, 47, 21, 0], [0, 12, 29, 4, 32, 6, 19, 24, 40, 20, 44, 0], [0, 25, 2, 34, 33, 5, 36, 28, 26, 23, 30, 0]]",7.973766553768655,0.214446710778729,2.049576393328607,0.4000973515212536,0.12615460289619995,0.14105261293862079,0.8911871478282998,0.9119678579234947,1.4983854293823242
0.0,0.0,7,True,133998,5,"[[0, 13, 17, 43, 33, 34, 5, 2, 25, 45, 11, 0], [0, 16, 1, 41, 42, 12, 49, 14, 3, 15, 48, 0], [0, 44, 20, 40, 24, 19, 6, 29, 4, 32, 18, 0], [0, 30, 23, 26, 28, 36, 8, 7, 22, 46, 39, 0], [0, 21, 47, 9, 31, 38, 50, 37, 10, 35, 27, 0]]",7.832096917816671,0.2045749420300126,2.4821107625903096,0.32932358474603723,0.19453406823224095,0.3167500169571731,0.8747064110498193,0.8913922349927252,0.9429734349250793
0.0,0.0,8,True,133998,5,"[[0, 48, 14, 42, 41, 1, 45, 11, 15, 3, 16, 0], [0, 49, 18, 12, 29, 32, 4, 6, 19, 24, 40, 0], [0, 44, 20, 34, 33, 5, 36, 28, 26, 23, 30, 0], [0, 17, 13, 37, 10, 35, 22, 43, 8, 7, 46, 0], [0, 27, 21, 47, 9, 31, 38, 50, 2, 25, 39, 0]]",7.7995272737171035,0.2704395914378648,2.52334348516888,0.4589575037360191,0.19059522888960823,0.30472862688794433,0.8881172779095146,0.9009352859062085,1.4983854293823242
0.0,0.0,9,True,133997,5,"[[0, 48, 15, 45, 11, 1, 41, 42, 14, 3, 16, 0], [0, 27, 35, 5, 36, 28, 26, 23, 30, 12, 49, 0], [0, 21, 47, 9, 31, 38, 50, 37, 10, 13, 17, 0], [0, 25, 2, 34, 33, 43, 8, 7, 22, 46, 39, 0], [0, 44, 20, 40, 24, 6, 19, 29, 4, 32, 18, 0]]",6.569119041814702,0.1837184199539479,1.9326637081685476,0.25433097081258893,0.14224750444574208,0.12216817347697188,0.8749039610826912,0.8898441838364994,0.9429734349250793
1.5,1.0,0,True,178414,5,"[[0, 48, 27, 21, 47, 29, 44, 17, 13, 12, 49, 0], [0, 20, 5, 36, 7, 8, 43, 22, 46, 45, 25, 0], [0, 40, 6, 19, 24, 41, 4, 32, 39, 11, 15, 0], [0, 9, 31, 38, 50, 33, 34, 18, 35, 10, 37, 0], [0, 1, 2, 28, 26, 23, 30, 14, 3, 16, 42, 0]]",2.1018003051140113,0.035874822083860634,1.0219043419638183,0.10552914021536708,0.3532917608026551,0.0956885110607992,0.7464516538884263,0.6887654835971474,0.6989073157310486
1.5,1.0,1,True,178414,5,"[[0, 20, 5, 36, 7, 8, 43, 22, 46, 25, 15, 0], [0, 49, 12, 13, 17, 44, 29, 47, 21, 27, 48, 0], [0, 9, 31, 38, 50, 33, 34, 18, 35, 10, 37, 0], [0, 1, 2, 28, 26, 23, 30, 14, 3, 16, 42, 0], [0, 40, 6, 19, 24, 41, 4, 32, 39, 11, 45, 0]]",2.1018003051140113,0.035874822083860634,1.0219043419638183,0.10552914021536708,0.35278048525496164,0.09565942379391736,0.7464516538884263,0.6887654835971474,0.6989073157310486
1.5,1.0,2,True,178889,5,"[[0, 42, 16, 1, 2, 28, 26, 23, 30, 49, 12, 0], [0, 35, 18, 34, 33, 50, 38, 31, 9, 3, 14, 0], [0, 19, 6, 24, 41, 4, 32, 39, 11, 45, 25, 0], [0, 48, 15, 46, 22, 43, 8, 7, 36, 5, 20, 0], [0, 40, 10, 37, 13, 17, 44, 29, 47, 21, 27, 0]]",2.07026019100158,0.039028477027184434,1.0235208098893054,0.13820821108917394,0.3614967785530392,0.09797539282949266,0.7521341251952114,0.6930581909551606,0.6989073157310486
1.5,1.0,3,True,179444,5,"[[0, 1, 25, 45, 11, 39, 15, 16, 3, 14, 42, 0], [0, 19, 6, 24, 41, 33, 34, 18, 35, 10, 37, 0], [0, 12, 13, 17, 44, 29, 4, 32, 47, 21, 27, 0], [0, 49, 40, 9, 31, 38, 50, 5, 36, 20, 48, 0], [0, 46, 22, 7, 8, 43, 2, 28, 26, 23, 30, 0]]",2.379121212361497,0.0578093532738941,1.148968621972017,0.16939838789403439,0.355950652098471,0.1217026462467552,0.7648823916843897,0.7172992645346459,0.6989073157310486
1.5,1.0,4,True,179234,5,"[[0, 39, 32, 4, 41, 24, 19, 6, 40, 12, 49, 0], [0, 42, 14, 3, 16, 15, 25, 45, 11, 1, 48, 0], [0, 30, 23, 26, 28, 2, 43, 8, 7, 22, 46, 0], [0, 13, 17, 44, 29, 47, 21, 27, 10, 37, 20, 0], [0, 9, 31, 38, 50, 5, 36, 33, 34, 18, 35, 0]]",2.0119250177958747,0.03559714957679573,0.906827001250349,0.1543605662882328,0.3178958748148224,0.06887896769353875,0.7458016002098342,0.682758557103995,0.6989073157310486
1.5,1.0,5,True,178414,5,"[[0, 40, 6, 19, 24, 41, 4, 32, 39, 11, 15, 0], [0, 37, 10, 35, 18, 34, 33, 50, 38, 31, 9, 0], [0, 25, 45, 46, 22, 43, 8, 7, 36, 5, 20, 0], [0, 49, 12, 13, 17, 44, 29, 47, 21, 27, 48, 0], [0, 1, 2, 28, 26, 23, 30, 14, 3, 16, 42, 0]]",2.101720693099196,0.035874822083860634,1.0219043419638183,0.10552914021536708,0.3533354468552543,0.09569658806446027,0.7491884347271618,0.6906292707569529,0.6989073157310486
1.5,1.0,6,True,178414,5,"[[0, 1, 2, 28, 26, 23, 30, 14, 3, 16, 42, 0], [0, 9, 31, 38, 50, 33, 34, 18, 35, 10, 37, 0], [0, 20, 5, 36, 7, 8, 43, 22, 46, 25, 15, 0], [0, 49, 12, 13, 17, 44, 29, 47, 21, 27, 48, 0], [0, 40, 6, 19, 24, 41, 4, 32, 39, 11, 45, 0]]",2.1018003051140113,0.035874822083860634,1.0219043419638183,0.10552914021536708,0.35278048525496164,0.09565942379391736,0.7464516538884263,0.6887654835971474,0.6989073157310486
1.5,1.0,7,True,178405,5,"[[0, 45, 11, 39, 32, 4, 41, 24, 19, 6, 40, 0], [0, 20, 5, 36, 7, 8, 43, 22, 46, 25, 15, 0], [0, 37, 10, 35, 18, 34, 33, 50, 38, 31, 9, 0], [0, 49, 12, 13, 17, 44, 29, 47, 21, 27, 48, 0], [0, 30, 23, 26, 28, 2, 1, 16, 3, 14, 42, 0]]",2.105922942442703,0.035874822083860634,1.0230837338312995,0.10552914021536708,0.3525681399300229,0.09577433504615425,0.753587406904997,0.6909578885615766,0.6989073157310486
1.5,1.0,8,True,178414,5,"[[0, 15, 11, 39, 32, 4, 41, 24, 19, 6, 40, 0], [0, 1, 2, 28, 26, 23, 30, 14, 3, 16, 42, 0], [0, 48, 27, 21, 47, 29, 44, 17, 13, 12, 49, 0], [0, 20, 5, 36, 7, 8, 43, 22, 46, 25, 45, 0], [0, 37, 10, 35, 18, 34, 33, 50, 38, 31, 9, 0]]",2.104743550575222,0.035874822083860634,1.0219043419638183,0.10552914021536708,0.3528279823250604,0.09552294324456959,0.7480601093330137,0.6838192056215262,0.6989073157310486
1.5,1.0,9,True,178405,5,"[[0, 40, 6, 19, 24, 41, 4, 32, 39, 11, 15, 0], [0, 48, 27, 21, 47, 29, 44, 17, 13, 12, 49, 0], [0, 9, 31, 38, 50, 33, 34, 18, 35, 10, 37, 0], [0, 25, 45, 46, 22, 43, 8, 7, 36, 5, 20, 0], [0, 30, 23, 26, 28, 2, 1, 16, 3, 14, 42, 0]]",2.1029796969814925,0.035874822083860634,1.0230837338312995,0.10552914021536708,0.353542283461149,0.09597251618837618,0.7519393696909231,0.6959113835807884,0.6989073157310486
