beta,lambda_concentration,seed,is_feasible,pyvrp_cost,num_routes,routes,global_risk,global_cvar90,max_vehicle_risk,max_vehicle_cvar90,vehicle_risk_gini,risk_variance,edge_burden_gini_used,top10_burden_share,max_edge_burden
0.0,0.0,0,True,133997,5,"[[0, 14, 42, 41, 1, 45, 11, 15, 3, 16, 48, 0], [0, 18, 32, 4, 29, 19, 6, 24, 40, 20, 44, 0], [0, 27, 35, 5, 36, 28, 26, 23, 30, 12, 49, 0], [0, 46, 22, 7, 8, 43, 33, 34, 2, 25, 39, 0], [0, 17, 13, 10, 37, 50, 38, 31, 9, 47, 21, 0]]",7.850242930435343,0.23499939646571874,2.088346923002973,0.3180368832933406,0.08853011420536894,0.07554659306600478,0.8679131847067934,0.8935055362016502,1.039939045906067
0.0,0.0,1,True,133997,5,"[[0, 17, 13, 10, 37, 50, 38, 31, 9, 47, 21, 0], [0, 18, 32, 4, 29, 6, 19, 24, 40, 20, 44, 0], [0, 14, 42, 41, 1, 11, 45, 15, 3, 16, 48, 0], [0, 46, 22, 7, 8, 43, 33, 34, 2, 25, 39, 0], [0, 27, 35, 5, 36, 28, 26, 23, 30, 12, 49, 0]]",7.850242930435343,0.23499939646571874,2.088346923002973,0.3180368832933406,0.08853011420536894,0.07554659306600478,0.8679131847067934,0.8935055362016502,1.039939045906067
0.0,0.0,2,True,133998,5,"[[0, 16, 3, 15, 45, 11, 1, 41, 42, 14, 48, 0], [0, 25, 2, 34, 33, 43, 8, 7, 22, 46, 39, 0], [0, 38, 31, 9, 47, 21, 27, 23, 30, 49, 12, 0], [0, 26, 28, 36, 5, 35, 10, 37, 50, 13, 17, 0], [0, 44, 20, 40, 24, 6, 19, 29, 4, 32, 18, 0]]",10.266844737197971,0.3491612203695156,2.912761243060231,0.4812773525714874,0.17843762856406076,0.42441167876425306,0.8726260250008175,0.904053540043617,1.039939045906067
0.0,0.0,3,True,133998,5,"[[0, 12, 49, 30, 23, 26, 28, 36, 5, 20, 44, 0], [0, 14, 42, 41, 1, 45, 11, 15, 3, 16, 48, 0], [0, 27, 35, 10, 37, 50, 38, 31, 9, 47, 21, 0], [0, 25, 2, 34, 33, 43, 8, 7, 22, 46, 39, 0], [0, 18, 32, 4, 29, 19, 6, 24, 40, 13, 17, 0]]",7.446947032673052,0.2219761822372675,2.159307518741116,0.2464469597907737,0.1495264914453276,0.16901127847969882,0.8699037562838019,0.8917811066025824,1.039939045906067
0.0,0.0,4,True,133997,5,"[[0, 48, 14, 42, 41, 1, 45, 11, 15, 3, 16, 0], [0, 44, 20, 40, 24, 19, 6, 4, 32, 29, 12, 0], [0, 25, 2, 34, 33, 43, 8, 7, 22, 46, 39, 0], [0, 27, 35, 5, 36, 28, 26, 23, 30, 18, 49, 0], [0, 17, 13, 10, 37, 50, 38, 31, 9, 47, 21, 0]]",8.621741138835205,0.25270188945315536,3.102483988914173,0.5819867312908172,0.19683497449992848,0.5007398536716393,0.8835909487242914,0.9054744116102772,1.7507572174072266
0.0,0.0,5,True,133999,5,"[[0, 16, 3, 14, 42, 41, 1, 45, 39, 11, 15, 0], [0, 18, 32, 4, 29, 6, 19, 24, 40, 20, 44, 0], [0, 25, 2, 34, 33, 35, 10, 37, 50, 13, 17, 0], [0, 46, 22, 7, 8, 43, 5, 36, 28, 26, 12, 0], [0, 48, 38, 31, 9, 47, 21, 27, 23, 30, 49, 0]]",10.14382905032835,0.34453098103404045,2.5856676197145134,0.41963405651040375,0.09548055361367602,0.12310176726582653,0.8701491691030891,0.8980623606306237,1.039939045906067
0.0,0.0,6,True,133997,5,"[[0, 16, 3, 14, 42, 41, 1, 45, 11, 39, 48, 0], [0, 15, 46, 22, 7, 8, 43, 17, 13, 18, 49, 0], [0, 27, 35, 10, 37, 50, 38, 31, 9, 47, 21, 0], [0, 12, 29, 4, 32, 6, 19, 24, 40, 20, 44, 0], [0, 25, 2, 34, 33, 5, 36, 28, 26, 23, 30, 0]]",8.807409446075326,0.25899496461234744,2.1338234791182913,0.46577067114412785,0.12359283151092648,0.1714483478828469,0.888150554863357,0.9124922242301947,1.7507572174072266
0.0,0.0,7,True,133998,5,"[[0, 13, 17, 43, 33, 34, 5, 2, 25, 45, 11, 0], [0, 16, 1, 41, 42, 12, 49, 14, 3, 15, 48, 0], [0, 44, 20, 40, 24, 19, 6, 29, 4, 32, 18, 0], [0, 30, 23, 26, 28, 36, 8, 7, 22, 46, 39, 0], [0, 21, 47, 9, 31, 38, 50, 37, 10, 35, 27, 0]]",9.09269875776954,0.24453418436186278,2.652098560356535,0.3905004727033277,0.19803133437862708,0.4375349761756143,0.8694259310330479,0.8996978887026719,1.039939045906067
0.0,0.0,8,True,133998,5,"[[0, 48, 14, 42, 41, 1, 45, 11, 15, 3, 16, 0], [0, 49, 18, 12, 29, 32, 4, 6, 19, 24, 40, 0], [0, 44, 20, 34, 33, 5, 36, 28, 26, 23, 30, 0], [0, 17, 13, 37, 10, 35, 22, 43, 8, 7, 46, 0], [0, 27, 21, 47, 9, 31, 38, 50, 2, 25, 39, 0]]",8.539432208955986,0.29579991177440834,2.5318294593016617,0.45586168467998506,0.14769653833925656,0.2211021959199328,0.8827214114240134,0.8995923628470798,1.7507572174072266
0.0,0.0,9,True,133997,5,"[[0, 48, 15, 45, 11, 1, 41, 42, 14, 3, 16, 0], [0, 27, 35, 5, 36, 28, 26, 23, 30, 12, 49, 0], [0, 21, 47, 9, 31, 38, 50, 37, 10, 13, 17, 0], [0, 25, 2, 34, 33, 43, 8, 7, 22, 46, 39, 0], [0, 44, 20, 40, 24, 6, 19, 29, 4, 32, 18, 0]]",7.897286813909886,0.25346819065245135,2.5185991952894256,0.3905004727033277,0.15766765882096245,0.24476504635018675,0.8736052227161577,0.8985843211176114,1.039939045906067
1.0,0.0,0,True,159846,5,"[[0, 48, 1, 41, 24, 19, 6, 17, 13, 12, 49, 0], [0, 46, 22, 7, 8, 43, 5, 50, 38, 44, 20, 0], [0, 40, 9, 31, 36, 33, 34, 18, 35, 10, 37, 0], [0, 15, 45, 11, 39, 32, 4, 29, 47, 21, 27, 0], [0, 42, 14, 3, 16, 25, 2, 28, 26, 23, 30, 0]]",3.554189231566852,0.07702387562273322,1.1125906904926524,0.15460357908159494,0.240778481598537,0.09865309534024827,0.8240833200372162,0.8031485622640886,0.8629772067070007
1.0,0.0,1,True,159847,5,"[[0, 40, 9, 31, 36, 7, 8, 43, 22, 46, 15, 0], [0, 48, 1, 45, 11, 25, 2, 28, 26, 23, 30, 0], [0, 42, 14, 3, 16, 20, 44, 17, 13, 12, 49, 0], [0, 41, 24, 19, 6, 32, 4, 29, 47, 21, 27, 0], [0, 39, 38, 50, 5, 33, 34, 18, 35, 10, 37, 0]]",3.383038063358981,0.07155038753675448,1.3535692693840247,0.16494369001260825,0.378909894540133,0.2174633288921995,0.8103894927729283,0.7881807513197108,0.8629772067070007
1.0,0.0,2,True,160311,5,"[[0, 42, 41, 24, 19, 6, 32, 4, 29, 47, 21, 0], [0, 27, 10, 37, 13, 17, 44, 20, 16, 1, 48, 0], [0, 35, 18, 34, 33, 50, 38, 31, 9, 3, 14, 0], [0, 49, 40, 5, 36, 7, 8, 43, 22, 46, 15, 0], [0, 12, 30, 23, 26, 28, 2, 25, 39, 11, 45, 0]]",3.472980782564264,0.08039658785085468,1.1237856809457298,0.14966539231439432,0.2916552120952658,0.1316141771343155,0.8110079140606425,0.7914851421908019,0.8629772067070007
1.0,0.0,3,True,160215,5,"[[0, 41, 24, 19, 6, 32, 4, 29, 47, 21, 27, 0], [0, 46, 22, 7, 8, 43, 9, 31, 36, 5, 40, 0], [0, 42, 16, 3, 14, 49, 12, 13, 17, 44, 20, 0], [0, 48, 1, 45, 11, 25, 2, 28, 26, 23, 30, 0], [0, 15, 39, 38, 50, 33, 34, 18, 35, 10, 37, 0]]",3.4541542399674654,0.07133674773534662,1.3535692693840247,0.16494369001260825,0.3625273152748525,0.20763605414432132,0.8037650787010675,0.7824399195945367,0.8629772067070007
1.0,0.0,4,True,160311,5,"[[0, 49, 40, 5, 36, 7, 8, 43, 22, 46, 15, 0], [0, 27, 10, 37, 13, 17, 44, 20, 16, 1, 48, 0], [0, 45, 11, 39, 25, 2, 28, 26, 23, 30, 12, 0], [0, 35, 18, 34, 33, 50, 38, 31, 9, 3, 14, 0], [0, 21, 47, 29, 4, 32, 6, 19, 24, 41, 42, 0]]",3.4726836362096947,0.08039658785085468,1.1234885345911607,0.14966539231439432,0.2916117146689483,0.13156317842062665,0.8111560859183014,0.7915528670253492,0.8629772067070007
1.0,0.0,5,True,160243,5,"[[0, 20, 36, 5, 33, 34, 18, 35, 10, 37, 49, 0], [0, 48, 1, 41, 24, 19, 6, 4, 32, 39, 45, 0], [0, 15, 3, 16, 11, 25, 2, 28, 26, 23, 30, 0], [0, 27, 21, 47, 29, 44, 17, 13, 12, 14, 42, 0], [0, 46, 22, 7, 8, 43, 50, 38, 31, 9, 40, 0]]",3.2425651363737416,0.06602391865300505,1.0865565242711455,0.18388585783541203,0.28138268505439035,0.10680495245542213,0.7964493697547226,0.769177095579178,0.8629772067070007
1.0,0.0,6,True,159846,5,"[[0, 49, 12, 13, 17, 6, 19, 24, 41, 1, 48, 0], [0, 20, 44, 38, 50, 33, 34, 18, 35, 10, 37, 0], [0, 15, 45, 11, 39, 32, 4, 29, 47, 21, 27, 0], [0, 42, 14, 3, 16, 25, 2, 28, 26, 23, 30, 0], [0, 40, 9, 31, 36, 5, 43, 8, 7, 22, 46, 0]]",3.210587153414963,0.06947705040996273,1.1125906904926524,0.15460357908159494,0.269203171675263,0.09824060529916831,0.8110412656669255,0.7832699807878629,0.8629772067070007
1.0,0.0,7,True,159846,5,"[[0, 48, 1, 41, 24, 19, 6, 17, 13, 12, 49, 0], [0, 27, 21, 47, 29, 4, 32, 39, 11, 45, 15, 0], [0, 42, 14, 3, 16, 25, 2, 28, 26, 23, 30, 0], [0, 20, 44, 38, 50, 33, 34, 18, 35, 10, 37, 0], [0, 40, 9, 31, 36, 5, 43, 8, 7, 22, 46, 0]]",3.210587153414963,0.06947705040996273,1.1125906904926524,0.15460357908159494,0.269203171675263,0.09824060529916831,0.8110412656669255,0.7832699807878629,0.8629772067070007
1.0,0.0,8,True,160311,5,"[[0, 35, 18, 34, 33, 50, 38, 31, 9, 3, 14, 0], [0, 15, 45, 25, 2, 28, 26, 23, 30, 12, 49, 0], [0, 27, 10, 37, 13, 17, 44, 20, 16, 1, 48, 0], [0, 21, 47, 29, 4, 32, 6, 19, 24, 41, 42, 0], [0, 39, 11, 46, 22, 43, 8, 7, 36, 5, 40, 0]]",3.4726836362096947,0.08039658785085468,1.1234885345911607,0.13164810969361238,0.2967082270135295,0.13712580732796914,0.8111560859183014,0.7915528670253492,0.8629772067070007
1.0,0.0,9,True,160311,5,"[[0, 48, 1, 16, 20, 44, 17, 13, 37, 10, 27, 0], [0, 45, 11, 39, 25, 2, 28, 26, 23, 30, 12, 0], [0, 35, 18, 34, 33, 50, 38, 31, 9, 3, 14, 0], [0, 49, 40, 5, 36, 7, 8, 43, 22, 46, 15, 0], [0, 42, 41, 24, 19, 6, 32, 4, 29, 47, 21, 0]]",3.472980782564264,0.08039658785085468,1.1237856809457298,0.14966539231439432,0.2916552120952658,0.1316141771343155,0.8110079140606425,0.7914851421908019,0.8629772067070007
