beta,lambda_concentration,seed,is_feasible,pyvrp_cost,num_routes,routes,global_risk,global_cvar90,max_vehicle_risk,max_vehicle_cvar90,vehicle_risk_gini,risk_variance,edge_burden_gini_used,top10_burden_share,max_edge_burden
0.0,0.0,0,True,133997,5,"[[0, 14, 42, 41, 1, 45, 11, 15, 3, 16, 48, 0], [0, 18, 32, 4, 29, 19, 6, 24, 40, 20, 44, 0], [0, 27, 35, 5, 36, 28, 26, 23, 30, 12, 49, 0], [0, 46, 22, 7, 8, 43, 33, 34, 2, 25, 39, 0], [0, 17, 13, 10, 37, 50, 38, 31, 9, 47, 21, 0]]",6.978722368708077,0.19110093945919565,2.262177675846033,0.298987072759441,0.15014496213069894,0.19876869420247695,0.8696911099214977,0.8952196876505537,1.0159920454025269
0.0,0.0,1,True,133997,5,"[[0, 17, 13, 10, 37, 50, 38, 31, 9, 47, 21, 0], [0, 18, 32, 4, 29, 6, 19, 24, 40, 20, 44, 0], [0, 14, 42, 41, 1, 11, 45, 15, 3, 16, 48, 0], [0, 46, 22, 7, 8, 43, 33, 34, 2, 25, 39, 0], [0, 27, 35, 5, 36, 28, 26, 23, 30, 12, 49, 0]]",6.978722368708077,0.19110093945919565,2.262177675846033,0.298987072759441,0.15014496213069894,0.19876869420247695,0.8696911099214977,0.8952196876505537,1.0159920454025269
0.0,0.0,2,True,133998,5,"[[0, 16, 3, 15, 45, 11, 1, 41, 42, 14, 48, 0], [0, 25, 2, 34, 33, 43, 8, 7, 22, 46, 39, 0], [0, 38, 31, 9, 47, 21, 27, 23, 30, 49, 12, 0], [0, 26, 28, 36, 5, 35, 10, 37, 50, 13, 17, 0], [0, 44, 20, 40, 24, 6, 19, 29, 4, 32, 18, 0]]",8.603875051127943,0.2912051992973796,2.508898617234081,0.42380250096321104,0.23389944926590656,0.5495032427827077,0.8723422432581787,0.8975681076268226,1.0159920454025269
1.0,0.0,0,True,159588,5,"[[0, 48, 20, 44, 17, 13, 10, 37, 40, 12, 49, 0], [0, 42, 41, 24, 19, 6, 29, 4, 32, 39, 1, 0], [0, 15, 16, 45, 11, 25, 2, 28, 26, 23, 30, 0], [0, 14, 3, 38, 50, 5, 33, 34, 18, 35, 27, 0], [0, 46, 22, 43, 8, 7, 36, 31, 9, 47, 21, 0]]",2.782346410057926,0.06507103986135035,0.9824511474580504,0.10327643144410104,0.224945330440127,0.05582242218208929,0.7963707260291111,0.7702977480659294,0.5079960227012634
1.0,0.0,1,True,159586,5,"[[0, 1, 11, 25, 2, 28, 26, 23, 30, 49, 12, 0], [0, 39, 32, 4, 29, 6, 19, 24, 41, 42, 48, 0], [0, 27, 10, 37, 13, 17, 44, 20, 16, 3, 14, 0], [0, 35, 18, 34, 33, 50, 38, 31, 9, 47, 21, 0], [0, 40, 5, 36, 7, 8, 43, 22, 46, 45, 15, 0]]",2.891750686139403,0.06628373226917841,0.9629192868887912,0.10382578475400805,0.16619018147457942,0.03929789005260955,0.7962549038062212,0.7767885622291928,0.5079960227012634
1.0,0.0,2,True,159586,5,"[[0, 48, 11, 25, 2, 28, 26, 23, 30, 12, 49, 0], [0, 40, 5, 36, 7, 8, 43, 22, 46, 45, 1, 0], [0, 15, 39, 32, 4, 29, 19, 6, 24, 41, 42, 0], [0, 21, 47, 9, 31, 38, 50, 33, 34, 18, 35, 0], [0, 27, 10, 37, 13, 17, 44, 20, 16, 3, 14, 0]]",2.891750686139403,0.06628373226917841,0.95420839075814,0.10327643144410104,0.1598783579108476,0.037417828639345944,0.7955377049432684,0.7767885622291928,0.5079960227012634
