beta,lambda_concentration,seed,is_feasible,pyvrp_cost,num_routes,routes,global_risk,global_cvar90,max_vehicle_risk,max_vehicle_cvar90,vehicle_risk_gini,risk_variance,edge_burden_gini_used,top10_burden_share,max_edge_burden
0.0,0.0,0,True,145999,5,"[[0, 44, 14, 3, 15, 41, 11, 1, 37, 38, 50, 0], [0, 42, 7, 8, 34, 17, 9, 47, 43, 26, 33, 0], [0, 45, 12, 13, 24, 32, 46, 23, 10, 18, 19, 0], [0, 40, 25, 20, 35, 4, 16, 28, 30, 21, 29, 0], [0, 36, 31, 6, 22, 2, 48, 5, 39, 49, 27, 0]]",17.828080205712467,0.15793900885882806,5.798168610781431,0.7674416402975718,0.206237667549096,1.783736625237997,0.831578820574852,0.8795067721806961,1.9072096347808838
0.0,0.0,1,True,145999,5,"[[0, 6, 22, 5, 2, 48, 43, 9, 47, 31, 36, 0], [0, 12, 45, 13, 24, 32, 46, 23, 10, 18, 19, 0], [0, 27, 49, 39, 17, 34, 8, 7, 30, 21, 29, 0], [0, 33, 26, 28, 16, 4, 35, 20, 25, 40, 44, 0], [0, 14, 3, 15, 42, 41, 11, 1, 37, 38, 50, 0]]",18.53991209436208,0.16760009127812317,5.06581586971879,0.838455218076706,0.16682923552782158,1.2671582020066925,0.8412756157034531,0.8986239754179376,1.999999761581421
0.0,0.0,2,True,146664,5,"[[0, 27, 49, 39, 17, 34, 8, 7, 16, 12, 45, 0], [0, 35, 4, 6, 22, 5, 43, 47, 9, 31, 36, 0], [0, 33, 26, 28, 30, 48, 2, 20, 25, 40, 19, 0], [0, 14, 3, 15, 42, 41, 11, 1, 37, 38, 50, 0], [0, 29, 21, 18, 10, 23, 46, 32, 24, 13, 44, 0]]",15.316312566399574,0.146099272404903,5.067510035354644,0.7029999494552612,0.21246548017155376,1.4314784587347766,0.829090594196058,0.8795608852012168,1.9072096347808838
1.0,0.0,0,True,187609,5,"[[0, 50, 36, 31, 46, 32, 24, 37, 49, 27, 44, 0], [0, 15, 41, 42, 5, 22, 6, 4, 35, 43, 29, 0], [0, 33, 26, 30, 28, 47, 9, 48, 2, 11, 1, 0], [0, 12, 45, 20, 40, 25, 21, 18, 10, 23, 13, 0], [0, 38, 14, 3, 34, 17, 39, 8, 7, 16, 19, 0]]",7.860219342634082,0.0670924732765677,2.583125266712159,0.11652973359998535,0.28196974169667155,0.6198922212105209,0.760333349413775,0.7652537583771936,1.5413897037506104
1.0,0.0,1,True,187609,5,"[[0, 29, 43, 35, 4, 6, 22, 5, 42, 41, 15, 0], [0, 12, 45, 20, 40, 25, 21, 18, 10, 23, 13, 0], [0, 1, 11, 2, 48, 9, 47, 28, 30, 26, 33, 0], [0, 27, 49, 37, 24, 32, 46, 31, 36, 50, 44, 0], [0, 38, 14, 3, 34, 17, 39, 8, 7, 16, 19, 0]]",7.860399606637657,0.0670924732765677,2.583125266712159,0.11652973359998535,0.28197244850649916,0.619938535436906,0.7603050865187795,0.7652362086706723,1.5413897037506104
1.0,0.0,2,True,187609,5,"[[0, 44, 36, 31, 46, 32, 24, 37, 49, 27, 50, 0], [0, 29, 43, 35, 4, 6, 22, 5, 42, 41, 15, 0], [0, 33, 26, 30, 28, 47, 9, 48, 2, 11, 1, 0], [0, 12, 45, 20, 40, 25, 21, 18, 10, 23, 13, 0], [0, 38, 14, 3, 34, 17, 39, 8, 7, 16, 19, 0]]",7.860219342634082,0.0670924732765677,2.583125266712159,0.11652973359998535,0.28196974169667155,0.6198922212105209,0.760333349413775,0.7652537583771936,1.5413897037506104
