beta,lambda_concentration,seed,is_feasible,pyvrp_cost,num_routes,routes,global_risk,global_cvar90,max_vehicle_risk,max_vehicle_cvar90,vehicle_risk_gini,risk_variance,edge_burden_gini_used,top10_burden_share,max_edge_burden
0.0,0.0,0,True,133997,5,"[[0, 14, 42, 41, 1, 45, 11, 15, 3, 16, 48, 0], [0, 18, 32, 4, 29, 19, 6, 24, 40, 20, 44, 0], [0, 27, 35, 5, 36, 28, 26, 23, 30, 12, 49, 0], [0, 46, 22, 7, 8, 43, 33, 34, 2, 25, 39, 0], [0, 17, 13, 10, 37, 50, 38, 31, 9, 47, 21, 0]]",7.743327908432548,0.23117368553454679,2.240952627325896,0.34421753138303757,0.10709665248048705,0.12501982338779746,0.8669186658485022,0.8910455524440893,0.907209575176239
0.0,0.0,1,True,133997,5,"[[0, 17, 13, 10, 37, 50, 38, 31, 9, 47, 21, 0], [0, 18, 32, 4, 29, 6, 19, 24, 40, 20, 44, 0], [0, 14, 42, 41, 1, 11, 45, 15, 3, 16, 48, 0], [0, 46, 22, 7, 8, 43, 33, 34, 2, 25, 39, 0], [0, 27, 35, 5, 36, 28, 26, 23, 30, 12, 49, 0]]",7.743327908432548,0.23117368553454679,2.240952627325896,0.34421753138303757,0.10709665248048705,0.12501982338779746,0.8669186658485022,0.8910455524440893,0.907209575176239
0.0,0.0,2,True,133998,5,"[[0, 16, 3, 15, 45, 11, 1, 41, 42, 14, 48, 0], [0, 25, 2, 34, 33, 43, 8, 7, 22, 46, 39, 0], [0, 38, 31, 9, 47, 21, 27, 23, 30, 49, 12, 0], [0, 26, 28, 36, 5, 35, 10, 37, 50, 13, 17, 0], [0, 44, 20, 40, 24, 6, 19, 29, 4, 32, 18, 0]]",9.498946281073586,0.33197602729957837,2.6648240083886776,0.46063401699066164,0.17005102417616325,0.336094722255374,0.8698471411708679,0.8957323301913909,0.907209575176239
1.0,0.0,0,True,157380,5,"[[0, 34, 33, 5, 36, 7, 8, 43, 22, 46, 15, 0], [0, 1, 41, 24, 6, 19, 12, 14, 3, 16, 42, 0], [0, 49, 40, 9, 31, 38, 50, 13, 17, 44, 20, 0], [0, 45, 11, 39, 25, 2, 28, 26, 23, 30, 48, 0], [0, 27, 21, 47, 29, 4, 32, 18, 35, 10, 37, 0]]",3.448320678300661,0.09360270188855273,0.8542902959670755,0.09345459441343944,0.1213843781939572,0.026655769745033874,0.7983272880927159,0.7763528464286341,0.6283535957336426
1.0,0.0,1,True,157238,5,"[[0, 15, 16, 3, 14, 42, 41, 24, 6, 19, 12, 0], [0, 13, 17, 44, 20, 33, 34, 5, 50, 38, 39, 0], [0, 1, 45, 25, 2, 28, 26, 23, 30, 49, 48, 0], [0, 40, 9, 31, 36, 7, 8, 43, 22, 46, 11, 0], [0, 27, 21, 47, 29, 4, 32, 18, 35, 10, 37, 0]]",3.13556868642263,0.08635805029835966,0.8571455189958215,0.11045786738395691,0.1808204362075121,0.04360245277386962,0.803961212289759,0.7777692752057727,0.6283535957336426
1.0,0.0,2,True,157255,5,"[[0, 48, 46, 22, 7, 8, 43, 20, 44, 17, 13, 0], [0, 15, 16, 3, 14, 42, 41, 24, 6, 19, 12, 0], [0, 1, 45, 11, 25, 2, 28, 26, 23, 30, 49, 0], [0, 27, 21, 47, 29, 4, 32, 18, 35, 10, 37, 0], [0, 40, 9, 31, 36, 5, 34, 33, 50, 38, 39, 0]]",3.357161623582215,0.09443340678181913,0.8394762577263464,0.11045786738395691,0.16838190444025902,0.06105576944860934,0.8141386207381793,0.7913779280055488,0.6283535957336426
