beta,lambda_concentration,seed,is_feasible,pyvrp_cost,num_routes,routes,global_risk,global_cvar90,max_vehicle_risk,max_vehicle_cvar90,vehicle_risk_gini,risk_variance,edge_burden_gini_used,top10_burden_share,max_edge_burden
0.0,0.0,0,True,133997,5,"[[0, 14, 42, 41, 1, 45, 11, 15, 3, 16, 48, 0], [0, 18, 32, 4, 29, 19, 6, 24, 40, 20, 44, 0], [0, 27, 35, 5, 36, 28, 26, 23, 30, 12, 49, 0], [0, 46, 22, 7, 8, 43, 33, 34, 2, 25, 39, 0], [0, 17, 13, 10, 37, 50, 38, 31, 9, 47, 21, 0]]",6.830537438634359,0.20443572948312616,2.3221352270952837,0.35535110159905153,0.17315296763840404,0.24864515839726992,0.8724218710668457,0.8940407102675593,0.9376690128060375
0.0,0.0,1,True,133997,5,"[[0, 17, 13, 10, 37, 50, 38, 31, 9, 47, 21, 0], [0, 18, 32, 4, 29, 6, 19, 24, 40, 20, 44, 0], [0, 14, 42, 41, 1, 11, 45, 15, 3, 16, 48, 0], [0, 46, 22, 7, 8, 43, 33, 34, 2, 25, 39, 0], [0, 27, 35, 5, 36, 28, 26, 23, 30, 12, 49, 0]]",6.830537438634359,0.2044357294831262,2.3221352270952837,0.35535110159905153,0.17315296763840382,0.24864515839726992,0.8724218710668457,0.8940407102675594,0.9376690128060375
0.0,0.0,2,True,133998,5,"[[0, 16, 3, 15, 45, 11, 1, 41, 42, 14, 48, 0], [0, 25, 2, 34, 33, 43, 8, 7, 22, 46, 39, 0], [0, 38, 31, 9, 47, 21, 27, 23, 30, 49, 12, 0], [0, 26, 28, 36, 5, 35, 10, 37, 50, 13, 17, 0], [0, 44, 20, 40, 24, 6, 19, 29, 4, 32, 18, 0]]",8.713584970199124,0.30625589691117455,2.520879543682806,0.4344848126546476,0.25225193309546334,0.6650057998429855,0.8757006469842565,0.89929955767149,0.9376690128060375
0.0,0.0,3,True,133998,5,"[[0, 12, 49, 30, 23, 26, 28, 36, 5, 20, 44, 0], [0, 14, 42, 41, 1, 45, 11, 15, 3, 16, 48, 0], [0, 27, 35, 10, 37, 50, 38, 31, 9, 47, 21, 0], [0, 25, 2, 34, 33, 43, 8, 7, 22, 46, 39, 0], [0, 18, 32, 4, 29, 19, 6, 24, 40, 13, 17, 0]]",6.344197744730942,0.1884713935391881,2.091176456658002,0.23864394789562038,0.2843428966036903,0.41521591809220115,0.8722018498627355,0.8897939478309286,0.9376690128060375
0.0,0.0,4,True,133997,5,"[[0, 48, 14, 42, 41, 1, 45, 11, 15, 3, 16, 0], [0, 44, 20, 40, 24, 19, 6, 4, 32, 29, 12, 0], [0, 25, 2, 34, 33, 43, 8, 7, 22, 46, 39, 0], [0, 27, 35, 5, 36, 28, 26, 23, 30, 18, 49, 0], [0, 17, 13, 10, 37, 50, 38, 31, 9, 47, 21, 0]]",7.7220153582019195,0.2274550291727592,2.926001354380721,0.5492109779282014,0.2995581201350461,0.7167601425892751,0.8926393044979966,0.9109293169501783,1.7180290612496065
0.0,0.0,5,True,133999,5,"[[0, 16, 3, 14, 42, 41, 1, 45, 39, 11, 15, 0], [0, 18, 32, 4, 29, 6, 19, 24, 40, 20, 44, 0], [0, 25, 2, 34, 33, 35, 10, 37, 50, 13, 17, 0], [0, 46, 22, 7, 8, 43, 5, 36, 28, 26, 12, 0], [0, 48, 38, 31, 9, 47, 21, 27, 23, 30, 49, 0]]",8.979234792127322,0.3148948571135446,2.3221352270952837,0.4382770675164849,0.12193470925418715,0.15202185173054378,0.8740630807333467,0.8914196255766382,0.9376690128060375
0.0,0.0,6,True,133997,5,"[[0, 16, 3, 14, 42, 41, 1, 45, 11, 39, 48, 0], [0, 15, 46, 22, 7, 8, 43, 17, 13, 18, 49, 0], [0, 27, 35, 10, 37, 50, 38, 31, 9, 47, 21, 0], [0, 12, 29, 4, 32, 6, 19, 24, 40, 20, 44, 0], [0, 25, 2, 34, 33, 5, 36, 28, 26, 23, 30, 0]]",8.047178488371562,0.23798556047341926,2.0979973518708226,0.28829975617072756,0.17298580469055924,0.27220864504593617,0.8959458632342845,0.9178771561911988,1.7180290612496065
0.0,0.0,7,True,133998,5,"[[0, 13, 17, 43, 33, 34, 5, 2, 25, 45, 11, 0], [0, 16, 1, 41, 42, 12, 49, 14, 3, 15, 48, 0], [0, 44, 20, 40, 24, 19, 6, 29, 4, 32, 18, 0], [0, 30, 23, 26, 28, 36, 8, 7, 22, 46, 39, 0], [0, 21, 47, 9, 31, 38, 50, 37, 10, 35, 27, 0]]",7.9848793880114375,0.22167046034955323,2.493064372754456,0.38499306123235605,0.24535099086016876,0.5537886300061385,0.877066000202285,0.9031903645702974,0.9376690128060375
0.0,0.0,8,True,133998,5,"[[0, 48, 14, 42, 41, 1, 45, 11, 15, 3, 16, 0], [0, 49, 18, 12, 29, 32, 4, 6, 19, 24, 40, 0], [0, 44, 20, 34, 33, 5, 36, 28, 26, 23, 30, 0], [0, 17, 13, 37, 10, 35, 22, 43, 8, 7, 46, 0], [0, 27, 21, 47, 9, 31, 38, 50, 2, 25, 39, 0]]",7.778668056060212,0.27093808224265775,2.8366305134836285,0.5271437895238379,0.2491897461971917,0.5287024623200642,0.8921154651310534,0.9089531895967872,1.7180290612496065
0.0,0.0,9,True,133997,5,"[[0, 48, 15, 45, 11, 1, 41, 42, 14, 3, 16, 0], [0, 27, 35, 5, 36, 28, 26, 23, 30, 12, 49, 0], [0, 21, 47, 9, 31, 38, 50, 37, 10, 13, 17, 0], [0, 25, 2, 34, 33, 43, 8, 7, 22, 46, 39, 0], [0, 44, 20, 40, 24, 6, 19, 29, 4, 32, 18, 0]]",6.548456210031675,0.2090318762355336,2.493064372754456,0.38499306123235605,0.2556144807395935,0.4481012905475459,0.8748723799999125,0.893725613897907,0.9376690128060375
1.0,0.0,0,True,156985,5,"[[0, 14, 42, 41, 24, 19, 6, 29, 4, 32, 39, 0], [0, 21, 47, 9, 31, 36, 7, 8, 43, 22, 46, 0], [0, 1, 16, 45, 11, 25, 2, 28, 26, 23, 30, 0], [0, 27, 35, 18, 34, 33, 5, 50, 38, 3, 15, 0], [0, 20, 44, 17, 13, 10, 37, 40, 12, 49, 48, 0]]",2.5360167220533247,0.05695809862037521,0.9985131698269365,0.10505416069275342,0.27253303470549417,0.07262325049273274,0.7936317464707605,0.7607085531872392,0.46883450640301877
1.0,0.0,1,True,156985,5,"[[0, 39, 32, 4, 29, 6, 19, 24, 41, 42, 14, 0], [0, 1, 16, 11, 45, 25, 2, 28, 26, 23, 30, 0], [0, 21, 47, 9, 31, 36, 7, 8, 43, 22, 46, 0], [0, 15, 3, 38, 50, 5, 33, 34, 18, 35, 27, 0], [0, 49, 12, 40, 37, 10, 13, 17, 44, 20, 48, 0]]",2.5373918825343167,0.0569580986203752,0.9985131698269366,0.10505416069275342,0.27195176657185005,0.07249524438130549,0.7923256908078613,0.7602962809059666,0.46883450640301877
1.0,0.0,2,True,156593,5,"[[0, 20, 44, 38, 50, 33, 34, 18, 35, 10, 37, 0], [0, 49, 12, 30, 23, 26, 28, 2, 25, 16, 1, 0], [0, 40, 9, 31, 36, 5, 43, 8, 7, 22, 46, 0], [0, 13, 17, 6, 19, 24, 41, 42, 14, 3, 15, 0], [0, 48, 27, 21, 47, 29, 4, 32, 39, 11, 45, 0]]",2.244934211613911,0.04470708241274231,0.7657882328897803,0.07688232983032217,0.2571871227586162,0.04264256145059322,0.7808324048635034,0.73595657786164,0.46883450640301877
1.0,0.0,3,True,156615,5,"[[0, 49, 12, 30, 23, 26, 28, 2, 25, 45, 15, 0], [0, 13, 17, 38, 50, 33, 34, 18, 35, 10, 37, 0], [0, 27, 21, 47, 29, 44, 20, 16, 3, 14, 42, 0], [0, 46, 22, 7, 8, 43, 5, 36, 31, 9, 40, 0], [0, 1, 41, 24, 6, 19, 4, 32, 39, 11, 48, 0]]",2.5798444036090755,0.05390293729612797,0.8797741760726085,0.09669506721972358,0.2750495036411884,0.06476541482599885,0.7927796214075133,0.7559110858372948,0.46883450640301877
1.0,0.0,4,True,156593,5,"[[0, 45, 11, 39, 32, 4, 29, 47, 21, 27, 48, 0], [0, 40, 9, 31, 36, 33, 34, 18, 35, 10, 37, 0], [0, 20, 44, 38, 50, 5, 43, 8, 7, 22, 46, 0], [0, 13, 17, 19, 6, 24, 41, 42, 14, 3, 15, 0], [0, 49, 12, 30, 23, 26, 28, 2, 25, 16, 1, 0]]",2.244934211613911,0.04470708241274231,0.7657882328897804,0.07688232983032217,0.2545651832951532,0.04176250412187221,0.7808324048635034,0.73595657786164,0.46883450640301877
1.0,0.0,5,True,156985,5,"[[0, 14, 42, 41, 24, 19, 6, 29, 4, 32, 39, 0], [0, 27, 35, 18, 34, 33, 5, 50, 38, 3, 15, 0], [0, 1, 16, 11, 45, 25, 2, 28, 26, 23, 30, 0], [0, 46, 22, 43, 8, 7, 36, 31, 9, 47, 21, 0], [0, 20, 44, 17, 13, 10, 37, 40, 12, 49, 48, 0]]",2.5360167220533247,0.0569580986203752,0.9985131698269365,0.10505416069275342,0.27253303470549395,0.07262325049273274,0.7936317464707605,0.7607085531872392,0.46883450640301877
1.0,0.0,6,True,156985,5,"[[0, 14, 42, 41, 24, 19, 6, 29, 4, 32, 39, 0], [0, 30, 23, 26, 28, 2, 25, 45, 11, 16, 1, 0], [0, 27, 35, 18, 34, 33, 5, 50, 38, 3, 15, 0], [0, 21, 47, 9, 31, 36, 7, 8, 43, 22, 46, 0], [0, 49, 12, 40, 37, 10, 13, 17, 44, 20, 48, 0]]",2.5360167220533247,0.0569580986203752,0.9985131698269365,0.10505416069275342,0.27253303470549417,0.07262325049273274,0.7936317464707605,0.7607085531872392,0.46883450640301877
1.0,0.0,7,True,156985,5,"[[0, 1, 16, 11, 45, 25, 2, 28, 26, 23, 30, 0], [0, 15, 3, 38, 50, 5, 33, 34, 18, 35, 27, 0], [0, 48, 49, 12, 40, 37, 10, 13, 17, 44, 20, 0], [0, 39, 32, 4, 29, 19, 6, 24, 41, 42, 14, 0], [0, 46, 22, 43, 8, 7, 36, 31, 9, 47, 21, 0]]",2.5373918825343162,0.05695809862037521,0.9985131698269365,0.10505416069275342,0.27195176657185005,0.07249524438130546,0.7923256908078613,0.7602962809059666,0.46883450640301877
1.0,0.0,8,True,156593,5,"[[0, 1, 16, 11, 39, 32, 4, 29, 47, 21, 27, 0], [0, 46, 22, 7, 8, 43, 5, 50, 38, 44, 20, 0], [0, 40, 9, 31, 36, 33, 34, 18, 35, 10, 37, 0], [0, 48, 49, 12, 30, 23, 26, 28, 2, 25, 45, 0], [0, 13, 17, 6, 19, 24, 41, 42, 14, 3, 15, 0]]",2.6939428737631133,0.055353936739461304,0.8933394869948704,0.15493912579174202,0.28651942249412876,0.07519558232130572,0.8080011656433712,0.7768176714208266,0.46883450640301877
1.0,0.0,9,True,156593,5,"[[0, 13, 17, 6, 19, 24, 41, 42, 14, 3, 15, 0], [0, 48, 49, 12, 30, 23, 26, 28, 2, 25, 45, 0], [0, 20, 44, 38, 50, 5, 43, 8, 7, 22, 46, 0], [0, 40, 9, 31, 36, 33, 34, 18, 35, 10, 37, 0], [0, 27, 21, 47, 29, 4, 32, 39, 11, 16, 1, 0]]",2.244934211613911,0.044707082412742315,0.7657882328897803,0.07688232983032217,0.26253784405800173,0.043774414603040004,0.7808324048635034,0.73595657786164,0.46883450640301877
