beta,lambda_concentration,seed,is_feasible,pyvrp_cost,num_routes,routes,global_risk,global_cvar90,max_vehicle_risk,max_vehicle_cvar90,vehicle_risk_gini,risk_variance,edge_burden_gini_used,top10_burden_share,max_edge_burden
0.0,0.0,0,True,133997,5,"[[0, 14, 42, 41, 1, 45, 11, 15, 3, 16, 48, 0], [0, 18, 32, 4, 29, 19, 6, 24, 40, 20, 44, 0], [0, 27, 35, 5, 36, 28, 26, 23, 30, 12, 49, 0], [0, 46, 22, 7, 8, 43, 33, 34, 2, 25, 39, 0], [0, 17, 13, 10, 37, 50, 38, 31, 9, 47, 21, 0]]",11.105586907593533,0.21541831773170766,3.1108069207984954,0.36290636635385454,0.11544980188067244,0.24108376915524743,0.8514097576878166,0.8927633470054612,1.2072018384933472
0.0,0.0,1,True,133997,5,"[[0, 17, 13, 10, 37, 50, 38, 31, 9, 47, 21, 0], [0, 18, 32, 4, 29, 6, 19, 24, 40, 20, 44, 0], [0, 14, 42, 41, 1, 11, 45, 15, 3, 16, 48, 0], [0, 46, 22, 7, 8, 43, 33, 34, 2, 25, 39, 0], [0, 27, 35, 5, 36, 28, 26, 23, 30, 12, 49, 0]]",11.105586907593533,0.21541831773170766,3.1108069207984954,0.36290636635385454,0.11544980188067244,0.24108376915524748,0.8514097576878166,0.8927633470054612,1.2072018384933472
0.0,0.0,2,True,133998,5,"[[0, 16, 3, 15, 45, 11, 1, 41, 42, 14, 48, 0], [0, 25, 2, 34, 33, 43, 8, 7, 22, 46, 39, 0], [0, 38, 31, 9, 47, 21, 27, 23, 30, 49, 12, 0], [0, 26, 28, 36, 5, 35, 10, 37, 50, 13, 17, 0], [0, 44, 20, 40, 24, 6, 19, 29, 4, 32, 18, 0]]",13.285698836902156,0.4608875341140307,3.401107353158295,0.5580237984657288,0.14537239750814823,0.5355140096501788,0.8536338586741743,0.8789753816072353,1.2072018384933472
1.0,0.0,0,True,161070,5,"[[0, 27, 21, 47, 29, 4, 19, 6, 24, 41, 42, 0], [0, 40, 9, 31, 38, 50, 43, 8, 7, 22, 46, 0], [0, 39, 32, 18, 35, 10, 37, 34, 33, 5, 36, 0], [0, 1, 45, 11, 25, 2, 28, 26, 23, 30, 49, 0], [0, 20, 44, 17, 13, 12, 14, 3, 16, 15, 48, 0]]",4.553298632497899,0.08211463178659595,1.7903780739288777,0.1728952568438318,0.33271807434528,0.30688049198788453,0.775080974503565,0.763572871350522,1.0099999904632568
1.0,0.0,1,True,160604,5,"[[0, 15, 46, 22, 43, 8, 7, 36, 31, 9, 40, 0], [0, 49, 12, 13, 17, 44, 20, 16, 3, 14, 42, 0], [0, 41, 24, 19, 6, 4, 32, 29, 47, 21, 27, 0], [0, 48, 30, 23, 26, 28, 2, 25, 45, 11, 1, 0], [0, 37, 10, 35, 18, 34, 33, 5, 50, 38, 39, 0]]",5.063967854133807,0.09045505962438054,1.7593926768749952,0.1708173362745179,0.30580461356505606,0.31174072435896466,0.7939406622573117,0.7909065470389008,1.0099999904632568
1.0,0.0,2,True,161212,5,"[[0, 11, 45, 25, 2, 28, 26, 23, 30, 49, 12, 0], [0, 48, 27, 10, 37, 13, 17, 44, 20, 16, 15, 0], [0, 42, 14, 3, 38, 50, 5, 36, 31, 9, 40, 0], [0, 35, 18, 34, 33, 43, 8, 7, 22, 46, 39, 0], [0, 1, 41, 24, 19, 6, 4, 32, 29, 47, 21, 0]]",4.750506829586811,0.09317483408376574,1.4812364098615944,0.1737512360726084,0.2468347116386682,0.1885696835589688,0.783390153003833,0.777064148039491,1.0099999904632568
