beta,lambda_concentration,seed,is_feasible,pyvrp_cost,num_routes,routes,global_risk,global_cvar90,max_vehicle_risk,max_vehicle_cvar90,vehicle_risk_gini,risk_variance,edge_burden_gini_used,top10_burden_share,max_edge_burden
0.0,0.0,0,True,145999,5,"[[0, 44, 14, 3, 15, 41, 11, 1, 37, 38, 50, 0], [0, 42, 7, 8, 34, 17, 9, 47, 43, 26, 33, 0], [0, 45, 12, 13, 24, 32, 46, 23, 10, 18, 19, 0], [0, 40, 25, 20, 35, 4, 16, 28, 30, 21, 29, 0], [0, 36, 31, 6, 22, 2, 48, 5, 39, 49, 27, 0]]",8.605772274866467,0.25904964572139855,2.9771823078626767,0.38490367787224905,0.21725421109116683,0.49652465619557873,0.8378988122801567,0.8687053316084234,0.9828774929046631
0.0,0.0,1,True,145999,5,"[[0, 6, 22, 5, 2, 48, 43, 9, 47, 31, 36, 0], [0, 12, 45, 13, 24, 32, 46, 23, 10, 18, 19, 0], [0, 27, 49, 39, 17, 34, 8, 7, 30, 21, 29, 0], [0, 33, 26, 28, 16, 4, 35, 20, 25, 40, 44, 0], [0, 14, 3, 15, 42, 41, 11, 1, 37, 38, 50, 0]]",9.537981586618116,0.29110425139038726,2.9946038461639546,0.4544050991535187,0.20523596716912706,0.500754525220291,0.8526829876055415,0.8839521877959245,1.6546893119812012
0.0,0.0,2,True,146664,5,"[[0, 27, 49, 39, 17, 34, 8, 7, 16, 12, 45, 0], [0, 35, 4, 6, 22, 5, 43, 47, 9, 31, 36, 0], [0, 33, 26, 28, 30, 48, 2, 20, 25, 40, 19, 0], [0, 14, 3, 15, 42, 41, 11, 1, 37, 38, 50, 0], [0, 29, 21, 18, 10, 23, 46, 32, 24, 13, 44, 0]]",7.706524127133889,0.2150095760101272,2.5117894342401996,0.4384160965681076,0.18562066623876516,0.30622855089569245,0.8349199656506339,0.8604465029406777,0.9828774929046631
0.0,0.0,3,True,146664,5,"[[0, 44, 50, 38, 37, 1, 41, 11, 15, 3, 14, 0], [0, 19, 18, 21, 29, 10, 23, 46, 32, 24, 13, 0], [0, 45, 12, 42, 7, 8, 34, 17, 39, 49, 27, 0], [0, 16, 35, 4, 6, 22, 5, 30, 28, 26, 33, 0], [0, 40, 25, 20, 2, 48, 43, 47, 9, 31, 36, 0]]",9.084388190269237,0.28434408848573056,2.8951847753487527,0.4432390791674455,0.21677679642624104,0.544984810411779,0.8388416351014893,0.8718671907574321,0.9828774929046631
0.0,0.0,4,True,147330,5,"[[0, 36, 31, 9, 47, 43, 48, 2, 20, 25, 40, 0], [0, 45, 12, 13, 24, 32, 46, 23, 10, 29, 44, 0], [0, 14, 3, 15, 42, 11, 41, 1, 37, 38, 50, 0], [0, 21, 35, 4, 6, 22, 5, 30, 28, 26, 33, 0], [0, 27, 49, 39, 17, 34, 8, 7, 16, 18, 19, 0]]",8.286407403968042,0.24850784518338484,2.506880895118229,0.34866313139597577,0.18848418408540235,0.31591730340936547,0.8397836640053595,0.8683888638156348,0.9828774929046631
0.0,0.0,5,True,147330,5,"[[0, 27, 49, 39, 48, 2, 43, 9, 47, 31, 36, 0], [0, 14, 3, 15, 42, 11, 41, 1, 37, 38, 50, 0], [0, 33, 26, 28, 30, 8, 17, 34, 7, 16, 45, 0], [0, 12, 35, 4, 6, 22, 5, 20, 25, 40, 44, 0], [0, 29, 21, 13, 24, 32, 46, 23, 10, 18, 19, 0]]",8.97676096795476,0.28051696877394405,3.2491893777041696,0.3835867771080562,0.228357798124589,0.6285245157027823,0.8358939581468929,0.8579181440789468,0.9828774929046631
0.0,0.0,6,True,147330,5,"[[0, 50, 38, 37, 1, 41, 11, 15, 3, 14, 45, 0], [0, 36, 31, 9, 47, 43, 2, 48, 39, 49, 27, 0], [0, 40, 25, 20, 5, 22, 6, 4, 35, 16, 12, 0], [0, 13, 24, 32, 46, 23, 10, 29, 21, 18, 19, 0], [0, 42, 7, 34, 17, 8, 30, 28, 26, 33, 44, 0]]",9.485911196417874,0.29807463474571705,2.9047901864978485,0.38862408697605133,0.18765341874570662,0.42894569939564586,0.8428764358546068,0.8775384845679591,0.9828774929046631
0.0,0.0,7,True,146664,5,"[[0, 19, 18, 10, 23, 46, 32, 24, 13, 21, 29, 0], [0, 33, 26, 28, 30, 5, 22, 6, 4, 35, 44, 0], [0, 12, 45, 16, 7, 8, 34, 17, 39, 49, 27, 0], [0, 40, 25, 20, 2, 48, 43, 47, 9, 31, 36, 0], [0, 14, 3, 15, 42, 11, 41, 1, 37, 38, 50, 0]]",8.457916452985955,0.26303800215412465,2.503731736331247,0.34866313139597577,0.12624474066823055,0.1824147673980338,0.8341931045783666,0.8659117921801532,0.9828774929046631
0.0,0.0,8,True,147330,5,"[[0, 14, 3, 15, 42, 11, 41, 1, 37, 38, 50, 0], [0, 12, 45, 13, 46, 23, 10, 29, 21, 18, 19, 0], [0, 32, 24, 6, 22, 5, 48, 2, 20, 25, 40, 0], [0, 36, 31, 47, 9, 43, 30, 28, 26, 33, 44, 0], [0, 27, 49, 39, 17, 34, 8, 7, 16, 4, 35, 0]]",9.369924253987847,0.29443043151072096,2.3434200463816524,0.32253842055797577,0.11003382718021171,0.1388070230623115,0.8422831055412308,0.8731565160174938,0.9828774929046631
0.0,0.0,9,True,145999,5,"[[0, 14, 3, 15, 42, 41, 11, 1, 37, 38, 50, 0], [0, 27, 49, 39, 17, 34, 8, 7, 30, 21, 29, 0], [0, 12, 45, 13, 24, 32, 46, 23, 10, 18, 19, 0], [0, 44, 40, 25, 20, 35, 4, 16, 28, 26, 33, 0], [0, 6, 22, 5, 48, 2, 43, 47, 9, 31, 36, 0]]",9.53455982109881,0.29110425139038726,2.9946038461639546,0.4544050991535187,0.2053096223109434,0.500510571078953,0.8527469926885192,0.8842694208065374,1.6546893119812012
1.0,0.0,0,True,181560,5,"[[0, 44, 1, 11, 41, 42, 45, 12, 14, 38, 50, 0], [0, 15, 3, 2, 48, 47, 9, 28, 30, 26, 33, 0], [0, 27, 37, 49, 39, 17, 34, 8, 7, 16, 19, 0], [0, 29, 43, 35, 4, 6, 22, 5, 20, 25, 40, 0], [0, 21, 18, 10, 23, 13, 24, 32, 46, 31, 36, 0]]",4.355765532644,0.08375818603672087,1.349292585044168,0.14365153892764024,0.28626710953747314,0.22050201968601774,0.7554242679604428,0.7556105528482427,0.8399437069892883
1.0,0.0,1,True,181082,5,"[[0, 36, 31, 47, 9, 48, 2, 20, 25, 40, 19, 0], [0, 34, 17, 39, 8, 7, 16, 28, 30, 26, 33, 0], [0, 29, 43, 35, 4, 21, 18, 10, 23, 13, 12, 0], [0, 45, 6, 22, 5, 46, 32, 24, 37, 49, 27, 0], [0, 44, 1, 42, 11, 41, 15, 3, 14, 38, 50, 0]]",4.225231603049906,0.07844600894647401,1.4896197122288868,0.25718446969985964,0.22216545692368883,0.12813241835886618,0.7488698022255795,0.7503325502920575,0.8399437069892883
1.0,0.0,2,True,181093,5,"[[0, 12, 13, 23, 8, 7, 16, 28, 30, 26, 33, 0], [0, 27, 37, 49, 39, 17, 34, 47, 9, 31, 36, 0], [0, 29, 43, 35, 4, 6, 22, 20, 25, 40, 45, 0], [0, 1, 42, 11, 41, 15, 3, 14, 38, 50, 44, 0], [0, 19, 10, 18, 21, 24, 32, 46, 5, 48, 2, 0]]",4.282384635851486,0.10902345636538391,1.1224362256471068,0.18394560217857361,0.17888026099577825,0.08467446733918758,0.7487918108153602,0.7475294976231013,0.8399437069892883
1.0,0.0,3,True,182385,5,"[[0, 50, 38, 14, 3, 15, 41, 1, 49, 37, 27, 0], [0, 40, 25, 20, 5, 22, 6, 4, 35, 43, 29, 0], [0, 45, 11, 42, 7, 16, 28, 30, 26, 33, 44, 0], [0, 36, 31, 9, 47, 2, 48, 46, 32, 24, 13, 0], [0, 12, 34, 17, 39, 8, 23, 10, 18, 21, 19, 0]]",4.1695993983594235,0.08047602177621463,1.234591507469304,0.14365153892764024,0.24074347828407316,0.13341188473772542,0.7485417655903615,0.748825809585995,0.8399437069892883
1.0,0.0,4,True,181580,5,"[[0, 50, 38, 14, 3, 15, 41, 11, 42, 1, 44, 0], [0, 12, 45, 48, 2, 9, 47, 28, 30, 26, 33, 0], [0, 13, 23, 10, 18, 21, 24, 32, 46, 31, 36, 0], [0, 19, 16, 7, 8, 34, 17, 39, 49, 37, 27, 0], [0, 29, 43, 35, 4, 6, 22, 5, 20, 25, 40, 0]]",4.359895752830198,0.08375818603672087,1.3537539863027632,0.14365153892764024,0.28650456037565974,0.22111768050105485,0.7566394493327251,0.7578934607898803,0.8399437069892883
1.0,0.0,5,True,182043,5,"[[0, 36, 31, 9, 47, 48, 2, 20, 25, 40, 19, 0], [0, 1, 11, 41, 42, 7, 16, 28, 30, 26, 33, 0], [0, 13, 23, 8, 39, 17, 34, 3, 14, 38, 50, 0], [0, 45, 12, 21, 18, 10, 29, 43, 4, 35, 15, 0], [0, 6, 22, 5, 46, 32, 24, 37, 49, 27, 44, 0]]",4.118793165922398,0.07945573520966065,1.4896197122288868,0.25718446969985964,0.24651240288245124,0.1442106093250231,0.7477041626790824,0.7448636201773342,0.8399437069892883
1.0,0.0,6,True,181082,5,"[[0, 44, 50, 38, 14, 3, 15, 41, 11, 42, 1, 0], [0, 29, 43, 35, 4, 21, 18, 10, 23, 13, 45, 0], [0, 34, 17, 39, 8, 7, 16, 28, 30, 26, 33, 0], [0, 36, 31, 9, 47, 48, 2, 20, 25, 40, 19, 0], [0, 12, 6, 22, 5, 46, 32, 24, 37, 49, 27, 0]]",4.225231603049906,0.07844600894647401,1.4896197122288868,0.25718446969985964,0.22147769476209067,0.12787606147255406,0.7488698022255795,0.7503325502920575,0.8399437069892883
1.0,0.0,7,True,181920,5,"[[0, 36, 31, 9, 47, 34, 17, 39, 42, 1, 44, 0], [0, 29, 43, 35, 4, 6, 22, 5, 20, 25, 40, 0], [0, 11, 41, 2, 48, 46, 32, 24, 37, 49, 27, 0], [0, 33, 26, 30, 28, 16, 7, 8, 23, 13, 45, 0], [0, 19, 10, 18, 21, 12, 14, 3, 15, 38, 50, 0]]",4.311326036113314,0.08040650884007536,1.6336751319468021,0.17545657907612622,0.3067021142812876,0.2401139061000787,0.7491006892980085,0.7509526758248674,0.8399437069892883
1.0,0.0,8,True,181082,5,"[[0, 27, 49, 37, 24, 32, 46, 20, 25, 40, 19, 0], [0, 33, 26, 30, 28, 16, 7, 8, 39, 17, 34, 0], [0, 29, 43, 35, 4, 21, 18, 10, 23, 13, 45, 0], [0, 12, 6, 22, 5, 48, 2, 47, 9, 31, 36, 0], [0, 1, 42, 11, 41, 15, 3, 14, 38, 50, 44, 0]]",4.126862998615252,0.07795476256869734,1.1469435091130435,0.13383064419031143,0.1830839847117398,0.07323860824592676,0.7482531939014065,0.7474988598670668,0.8399437069892883
1.0,0.0,9,True,181657,5,"[[0, 44, 50, 38, 14, 3, 15, 41, 11, 42, 1, 0], [0, 19, 40, 25, 20, 46, 32, 24, 37, 49, 27, 0], [0, 35, 4, 6, 22, 34, 17, 39, 5, 48, 2, 0], [0, 36, 31, 47, 9, 43, 29, 10, 18, 21, 45, 0], [0, 12, 13, 23, 8, 7, 16, 28, 30, 26, 33, 0]]",4.760925965761999,0.09412213605828583,1.8328754142858088,0.22716129491371767,0.27614028522791423,0.2410688447716721,0.7704547475745605,0.7764160088784077,0.8399437069892883
1.0,1.0,0,True,196790,5,"[[0, 36, 31, 40, 25, 20, 22, 6, 4, 43, 35, 0], [0, 33, 26, 30, 28, 47, 9, 2, 48, 11, 1, 0], [0, 19, 16, 7, 8, 39, 17, 34, 3, 14, 38, 0], [0, 15, 41, 42, 5, 46, 32, 24, 37, 49, 27, 0], [0, 12, 45, 13, 23, 10, 18, 21, 29, 44, 50, 0]]",3.368689737544628,0.06400026282709506,1.3798129721544683,0.15783138599778926,0.2803227021661614,0.13935839349072376,0.7028713881991655,0.6849089593681378,0.8399437069892883
1.0,1.0,1,True,197294,5,"[[0, 50, 38, 14, 3, 34, 17, 39, 8, 23, 13, 0], [0, 44, 15, 48, 2, 9, 47, 28, 30, 26, 33, 0], [0, 36, 31, 46, 32, 24, 20, 25, 40, 12, 45, 0], [0, 42, 7, 16, 5, 22, 6, 4, 37, 49, 27, 0], [0, 1, 11, 41, 35, 43, 29, 21, 18, 10, 19, 0]]",3.304772375297034,0.0640393843608243,1.3526645519596059,0.12465817936592632,0.29426107540203206,0.1417073304451254,0.6986211411795218,0.6801388844575448,0.8399437069892883
1.0,1.0,2,True,196789,5,"[[0, 1, 11, 42, 5, 46, 32, 24, 37, 49, 27, 0], [0, 35, 43, 4, 6, 22, 20, 25, 40, 31, 36, 0], [0, 38, 14, 3, 34, 17, 39, 8, 7, 16, 19, 0], [0, 15, 41, 48, 2, 9, 47, 28, 30, 26, 33, 0], [0, 50, 44, 12, 45, 13, 23, 10, 18, 21, 29, 0]]",3.367117380752461,0.06400026282709506,1.3436880822118837,0.15783138599778926,0.2761044313124894,0.1301172433157605,0.7034213233242084,0.6852287941503863,0.8399437069892883
1.0,1.0,3,True,196790,5,"[[0, 15, 41, 42, 5, 46, 32, 24, 37, 49, 27, 0], [0, 38, 14, 3, 34, 17, 39, 8, 7, 16, 19, 0], [0, 50, 44, 12, 45, 13, 23, 10, 18, 21, 29, 0], [0, 36, 31, 40, 25, 20, 22, 6, 4, 43, 35, 0], [0, 33, 26, 30, 28, 47, 9, 2, 48, 11, 1, 0]]",3.370747655426385,0.06400026282709506,1.3798129721544683,0.15783138599778926,0.2796631406581154,0.13907264460209645,0.7018765009135834,0.6844908069168294,0.8399437069892883
1.0,1.0,4,True,196789,5,"[[0, 50, 44, 29, 21, 18, 10, 23, 13, 45, 12, 0], [0, 33, 26, 30, 28, 47, 9, 2, 48, 41, 15, 0], [0, 36, 31, 40, 25, 20, 22, 6, 4, 43, 35, 0], [0, 1, 11, 42, 5, 46, 32, 24, 37, 49, 27, 0], [0, 38, 14, 3, 34, 17, 39, 8, 7, 16, 19, 0]]",3.3670396930829156,0.06400026282709506,1.3436880822118837,0.15783138599778926,0.27567952988863964,0.13002754115180182,0.703379022890126,0.6852446044267642,0.8399437069892883
1.0,1.0,5,True,196789,5,"[[0, 50, 44, 12, 45, 13, 23, 10, 18, 21, 29, 0], [0, 1, 11, 42, 5, 46, 32, 24, 37, 49, 27, 0], [0, 15, 41, 48, 2, 9, 47, 28, 30, 26, 33, 0], [0, 38, 14, 3, 34, 17, 39, 8, 7, 16, 19, 0], [0, 36, 31, 40, 25, 20, 22, 6, 4, 43, 35, 0]]",3.370747655426385,0.06400026282709506,1.3436880822118837,0.15783138599778926,0.27537627096207884,0.1297872667789225,0.7018765009135834,0.6844908069168294,0.8399437069892883
1.0,1.0,6,True,196890,5,"[[0, 38, 14, 3, 34, 17, 39, 8, 7, 16, 19, 0], [0, 12, 40, 25, 20, 5, 22, 6, 4, 43, 35, 0], [0, 29, 21, 18, 10, 23, 13, 45, 42, 11, 1, 0], [0, 33, 26, 30, 28, 47, 9, 2, 48, 41, 15, 0], [0, 44, 27, 49, 37, 24, 32, 46, 31, 36, 50, 0]]",3.3719497472338844,0.06108221132308245,1.3436880822118837,0.15783138599778926,0.26797501121565137,0.12602967927218617,0.7018389391729989,0.6842467876244368,0.8399437069892883
1.0,1.0,7,True,196789,5,"[[0, 1, 11, 42, 5, 46, 32, 24, 37, 49, 27, 0], [0, 29, 21, 18, 10, 23, 13, 45, 12, 44, 50, 0], [0, 38, 14, 3, 34, 17, 39, 8, 7, 16, 19, 0], [0, 15, 41, 48, 2, 9, 47, 28, 30, 26, 33, 0], [0, 36, 31, 40, 25, 20, 22, 6, 4, 43, 35, 0]]",3.3670396930829156,0.06400026282709506,1.3436880822118837,0.15783138599778926,0.27567952988863964,0.13002754115180182,0.703379022890126,0.6852446044267642,0.8399437069892883
1.0,1.0,8,True,197630,5,"[[0, 33, 26, 30, 28, 47, 9, 3, 14, 38, 50, 0], [0, 29, 43, 4, 21, 18, 10, 23, 13, 45, 12, 0], [0, 19, 16, 7, 8, 39, 17, 34, 48, 2, 1, 0], [0, 15, 42, 11, 41, 35, 20, 25, 40, 31, 36, 0], [0, 27, 49, 37, 24, 32, 46, 5, 22, 6, 44, 0]]",3.3766761647129897,0.06476415352274974,1.1034005499677733,0.1456983763103684,0.18177643044235903,0.055015866912502195,0.7086717507558307,0.6921082893839994,0.8399437069892883
1.0,1.0,9,True,197593,5,"[[0, 44, 36, 31, 46, 32, 24, 37, 49, 27, 50, 0], [0, 38, 14, 3, 34, 17, 39, 8, 7, 16, 19, 0], [0, 15, 41, 48, 2, 47, 9, 28, 30, 26, 33, 0], [0, 12, 40, 25, 20, 5, 22, 6, 4, 18, 21, 0], [0, 1, 42, 11, 35, 43, 29, 10, 23, 13, 45, 0]]",3.3822874557517935,0.0584559649694711,1.3436880822118837,0.15783138599778926,0.2768414611938077,0.13043860403321916,0.7021479103228325,0.6872292478180908,0.8399437069892883
