beta,lambda_concentration,seed,is_feasible,pyvrp_cost,num_routes,routes,global_risk,global_cvar90,max_vehicle_risk,max_vehicle_cvar90,vehicle_risk_gini,risk_variance,edge_burden_gini_used,top10_burden_share,max_edge_burden
0.0,0.0,0,True,133997,5,"[[0, 14, 42, 41, 1, 45, 11, 15, 3, 16, 48, 0], [0, 18, 32, 4, 29, 19, 6, 24, 40, 20, 44, 0], [0, 27, 35, 5, 36, 28, 26, 23, 30, 12, 49, 0], [0, 46, 22, 7, 8, 43, 33, 34, 2, 25, 39, 0], [0, 17, 13, 10, 37, 50, 38, 31, 9, 47, 21, 0]]",4.501313490407483,0.13480461393482984,1.3274951663916,0.20442368920582035,0.11099745656544102,0.04753599960589606,0.8633992536579551,0.8936978718422217,0.5473185777664185
0.0,0.0,1,True,133997,5,"[[0, 17, 13, 10, 37, 50, 38, 31, 9, 47, 21, 0], [0, 18, 32, 4, 29, 6, 19, 24, 40, 20, 44, 0], [0, 14, 42, 41, 1, 11, 45, 15, 3, 16, 48, 0], [0, 46, 22, 7, 8, 43, 33, 34, 2, 25, 39, 0], [0, 27, 35, 5, 36, 28, 26, 23, 30, 12, 49, 0]]",4.501313490407483,0.13480461393482984,1.3274951663916,0.20442368920582035,0.11099745656544102,0.04753599960589606,0.8633992536579551,0.8936978718422217,0.5473185777664185
0.0,0.0,2,True,133998,5,"[[0, 16, 3, 15, 45, 11, 1, 41, 42, 14, 48, 0], [0, 25, 2, 34, 33, 43, 8, 7, 22, 46, 39, 0], [0, 38, 31, 9, 47, 21, 27, 23, 30, 49, 12, 0], [0, 26, 28, 36, 5, 35, 10, 37, 50, 13, 17, 0], [0, 44, 20, 40, 24, 6, 19, 29, 4, 32, 18, 0]]",5.50823314164154,0.19239658045654112,1.6890674863243476,0.2814089059829712,0.2240618879617151,0.20293007755738227,0.8683141460981996,0.890035513967982,0.5473185777664185
0.0,0.0,3,True,133998,5,"[[0, 12, 49, 30, 23, 26, 28, 36, 5, 20, 44, 0], [0, 14, 42, 41, 1, 45, 11, 15, 3, 16, 48, 0], [0, 27, 35, 10, 37, 50, 38, 31, 9, 47, 21, 0], [0, 25, 2, 34, 33, 43, 8, 7, 22, 46, 39, 0], [0, 18, 32, 4, 29, 19, 6, 24, 40, 13, 17, 0]]",4.197129174041038,0.12477920603317519,1.2779033583356068,0.14669783791759983,0.21263343883140284,0.10309027589128865,0.8637877762800936,0.889236025219381,0.5473185777664185
0.0,0.0,4,True,133997,5,"[[0, 48, 14, 42, 41, 1, 45, 11, 15, 3, 16, 0], [0, 44, 20, 40, 24, 19, 6, 4, 32, 29, 12, 0], [0, 25, 2, 34, 33, 43, 8, 7, 22, 46, 39, 0], [0, 27, 35, 5, 36, 28, 26, 23, 30, 18, 49, 0], [0, 17, 13, 10, 37, 50, 38, 31, 9, 47, 21, 0]]",5.014485956715362,0.14733295971828123,1.8965337503468618,0.4243736518546939,0.24429427528745973,0.23122069196050882,0.8820364545576158,0.9075887072963169,1.0893465280532837
0.0,0.0,5,True,133999,5,"[[0, 16, 3, 14, 42, 41, 1, 45, 39, 11, 15, 0], [0, 18, 32, 4, 29, 6, 19, 24, 40, 20, 44, 0], [0, 25, 2, 34, 33, 35, 10, 37, 50, 13, 17, 0], [0, 46, 22, 7, 8, 43, 5, 36, 28, 26, 12, 0], [0, 48, 38, 31, 9, 47, 21, 27, 23, 30, 49, 0]]",5.738205721972918,0.20051814486774114,1.3274951663916,0.2693542286287993,0.09617896202432075,0.05216055286165104,0.8662123104347712,0.8850862469246066,0.5473185777664185
0.0,0.0,6,True,133997,5,"[[0, 16, 3, 14, 42, 41, 1, 45, 11, 39, 48, 0], [0, 15, 46, 22, 7, 8, 43, 17, 13, 18, 49, 0], [0, 27, 35, 10, 37, 50, 38, 31, 9, 47, 21, 0], [0, 12, 29, 4, 32, 6, 19, 24, 40, 20, 44, 0], [0, 25, 2, 34, 33, 5, 36, 28, 26, 23, 30, 0]]",5.110842656889872,0.15054829752132778,1.322891227027867,0.23078497126698494,0.15291913302206317,0.08490555560828628,0.8863524074778073,0.9139201288112527,1.0893465280532837
0.0,0.0,7,True,133998,5,"[[0, 13, 17, 43, 33, 34, 5, 2, 25, 45, 11, 0], [0, 16, 1, 41, 42, 12, 49, 14, 3, 15, 48, 0], [0, 44, 20, 40, 24, 19, 6, 29, 4, 32, 18, 0], [0, 30, 23, 26, 28, 36, 8, 7, 22, 46, 39, 0], [0, 21, 47, 9, 31, 38, 50, 37, 10, 35, 27, 0]]",5.071857172144519,0.13655118616845677,1.5703295670027728,0.2076544053852558,0.20603022545910998,0.1428991953633375,0.867832417490543,0.8945337467889665,0.5473185777664185
0.0,0.0,8,True,133998,5,"[[0, 48, 14, 42, 41, 1, 45, 11, 15, 3, 16, 0], [0, 49, 18, 12, 29, 32, 4, 6, 19, 24, 40, 0], [0, 44, 20, 34, 33, 5, 36, 28, 26, 23, 30, 0], [0, 17, 13, 37, 10, 35, 22, 43, 8, 7, 46, 0], [0, 27, 21, 47, 9, 31, 38, 50, 2, 25, 39, 0]]",5.050362703528663,0.17551225076357907,1.6391178230405785,0.2990905329585075,0.17112176988634253,0.11690961529839303,0.8802962847466607,0.9025535136054971,1.0893465280532837
0.0,0.0,9,True,133997,5,"[[0, 48, 15, 45, 11, 1, 41, 42, 14, 3, 16, 0], [0, 27, 35, 5, 36, 28, 26, 23, 30, 12, 49, 0], [0, 21, 47, 9, 31, 38, 50, 37, 10, 13, 17, 0], [0, 25, 2, 34, 33, 43, 8, 7, 22, 46, 39, 0], [0, 44, 20, 40, 24, 6, 19, 29, 4, 32, 18, 0]]",4.220084267748462,0.13455493181079095,1.3195122227771208,0.20442368920582035,0.16625110874664606,0.07517544317998795,0.8663845624919466,0.8925382881056467,0.5473185777664185
0.25,0.0,0,True,142884,5,"[[0, 49, 40, 24, 6, 19, 32, 4, 29, 44, 20, 0], [0, 18, 34, 33, 5, 36, 7, 8, 43, 22, 46, 0], [0, 16, 3, 14, 42, 41, 1, 45, 39, 15, 48, 0], [0, 27, 35, 10, 37, 50, 38, 31, 9, 47, 21, 0], [0, 11, 25, 2, 28, 26, 23, 30, 12, 13, 17, 0]]",3.7551435909917927,0.10673695392606239,1.3069687691677245,0.17032198095694184,0.2257892788469651,0.10000552665001836,0.8627985036056436,0.8819389607047339,0.5446732640266418
0.25,0.0,1,True,142769,5,"[[0, 12, 13, 17, 38, 50, 37, 10, 35, 18, 49, 0], [0, 40, 24, 6, 19, 32, 4, 29, 44, 20, 48, 0], [0, 30, 23, 26, 28, 36, 31, 9, 47, 21, 27, 0], [0, 15, 11, 39, 45, 1, 41, 42, 14, 3, 16, 0], [0, 25, 2, 34, 33, 5, 43, 8, 7, 22, 46, 0]]",3.363036165443191,0.09702651536402603,0.9329121665214188,0.16586661096662283,0.17102716008173058,0.04475431766311132,0.8610226519290198,0.8742910463716507,0.5473185777664185
0.25,0.0,2,True,142884,5,"[[0, 27, 35, 10, 37, 50, 38, 31, 9, 47, 21, 0], [0, 48, 16, 3, 14, 42, 41, 1, 39, 45, 15, 0], [0, 11, 25, 2, 28, 26, 23, 30, 12, 13, 17, 0], [0, 20, 44, 29, 4, 32, 6, 19, 24, 40, 49, 0], [0, 18, 34, 33, 5, 36, 7, 8, 43, 22, 46, 0]]",3.758248871912656,0.10673695392606239,1.3069687691677245,0.17032198095694184,0.2249417128700988,0.09954821127345304,0.8620127702759206,0.8812102521169367,0.5446732640266418
0.25,0.0,3,True,142884,5,"[[0, 46, 22, 43, 8, 7, 36, 5, 33, 34, 18, 0], [0, 16, 3, 14, 42, 41, 1, 45, 39, 11, 15, 0], [0, 21, 47, 9, 31, 38, 50, 37, 10, 35, 27, 0], [0, 12, 40, 24, 19, 6, 32, 4, 29, 44, 20, 0], [0, 48, 17, 13, 49, 30, 23, 26, 28, 2, 25, 0]]",3.7551435909917927,0.10673695392606239,1.2987340825711726,0.17032198095694184,0.22466917602314407,0.09820295782183522,0.8627985036056436,0.8819389607047339,0.5446732640266418
0.25,0.0,4,True,142884,5,"[[0, 15, 45, 39, 1, 41, 42, 14, 3, 16, 48, 0], [0, 27, 35, 10, 37, 50, 38, 31, 9, 47, 21, 0], [0, 17, 13, 49, 30, 23, 26, 28, 2, 25, 11, 0], [0, 12, 40, 24, 19, 6, 32, 4, 29, 44, 20, 0], [0, 18, 34, 33, 5, 36, 7, 8, 43, 22, 46, 0]]",3.2375050953341997,0.09287836723960936,0.7893302735101315,0.17032198095694184,0.13369804272217878,0.027643160733566607,0.8505452267711455,0.8641115551235639,0.5446732640266418
0.25,0.0,5,True,142884,5,"[[0, 15, 11, 39, 45, 1, 41, 42, 14, 3, 16, 0], [0, 17, 13, 12, 30, 23, 26, 28, 2, 25, 48, 0], [0, 21, 47, 9, 31, 38, 50, 37, 10, 35, 27, 0], [0, 18, 34, 33, 5, 36, 7, 8, 43, 22, 46, 0], [0, 20, 44, 29, 4, 32, 6, 19, 24, 40, 49, 0]]",3.240610376255063,0.09287836723960936,0.798100121319294,0.17032198095694184,0.13416734218452642,0.027467240374323455,0.8497560689683006,0.863283529284579,0.5446732640266418
0.25,0.0,6,True,142812,5,"[[0, 30, 23, 26, 28, 36, 31, 9, 47, 21, 27, 0], [0, 46, 22, 7, 8, 43, 34, 33, 5, 2, 25, 0], [0, 1, 41, 42, 14, 3, 15, 45, 39, 11, 16, 0], [0, 18, 35, 10, 37, 50, 38, 17, 13, 12, 48, 0], [0, 20, 44, 29, 4, 32, 6, 19, 24, 40, 49, 0]]",3.6324558006817824,0.0996061183832353,0.9329121665214188,0.16586661096662283,0.13089538661964317,0.03421112802639552,0.86319139258313,0.8783892570513776,0.5473185777664185
0.25,0.0,7,True,142769,5,"[[0, 30, 23, 26, 28, 36, 31, 9, 47, 21, 27, 0], [0, 48, 40, 24, 19, 6, 32, 4, 29, 44, 20, 0], [0, 25, 2, 5, 33, 34, 43, 8, 7, 22, 46, 0], [0, 16, 3, 14, 42, 41, 1, 45, 11, 39, 15, 0], [0, 12, 18, 35, 10, 37, 50, 38, 17, 13, 49, 0]]",3.879753084234835,0.11075129082065917,1.2987340825711726,0.16586661096662283,0.23714853504320899,0.11007985001817426,0.8713147440263806,0.8904095449280763,0.5473185777664185
0.25,0.0,8,True,142884,5,"[[0, 48, 15, 45, 39, 1, 41, 42, 14, 3, 16, 0], [0, 49, 40, 24, 19, 6, 32, 4, 29, 44, 20, 0], [0, 17, 13, 12, 30, 23, 26, 28, 2, 25, 11, 0], [0, 18, 34, 33, 5, 36, 7, 8, 43, 22, 46, 0], [0, 27, 35, 10, 37, 50, 38, 31, 9, 47, 21, 0]]",3.2375050953341997,0.09287836723960936,0.7898654347227421,0.17032198095694184,0.13404594542916448,0.027767075936048047,0.8505452267711455,0.8641115551235639,0.5446732640266418
0.25,0.0,9,True,142867,5,"[[0, 48, 15, 45, 39, 1, 41, 42, 14, 3, 16, 0], [0, 25, 2, 5, 34, 33, 36, 28, 26, 23, 30, 0], [0, 27, 35, 10, 37, 50, 38, 31, 9, 47, 21, 0], [0, 11, 46, 22, 7, 8, 43, 17, 13, 49, 12, 0], [0, 20, 44, 40, 24, 19, 6, 29, 4, 32, 18, 0]]",3.567628042852448,0.11135725266233619,1.0150342675624415,0.23078497126698494,0.22832432766032884,0.0887825141358042,0.8621905160483339,0.8792152987553319,0.5473185777664185
0.5,0.0,0,True,148878,5,"[[0, 48, 42, 14, 3, 16, 20, 44, 17, 13, 49, 0], [0, 21, 47, 9, 31, 38, 50, 37, 10, 35, 27, 0], [0, 46, 22, 43, 8, 7, 36, 5, 34, 33, 40, 0], [0, 15, 45, 39, 11, 25, 2, 28, 26, 23, 30, 0], [0, 1, 41, 24, 19, 6, 29, 4, 32, 18, 12, 0]]",2.693884024010913,0.06034940006946655,1.1441519699583296,0.14795063868431108,0.2722498213089981,0.09665316779063747,0.8339983919036338,0.8445143856299634,0.5446732640266418
0.5,0.0,1,True,148895,5,"[[0, 48, 18, 32, 4, 29, 6, 19, 24, 41, 42, 0], [0, 46, 22, 43, 8, 7, 36, 5, 34, 33, 40, 0], [0, 1, 11, 39, 45, 25, 2, 28, 26, 23, 30, 0], [0, 21, 47, 9, 31, 38, 50, 37, 10, 35, 27, 0], [0, 20, 44, 17, 13, 49, 12, 14, 3, 16, 15, 0]]",2.6980873482170864,0.06034940006946655,1.2692464163337718,0.16722905709009087,0.34532963731044664,0.14346053353497573,0.8300756701455061,0.8395111992995705,0.5446732640266418
0.5,0.0,2,True,149016,5,"[[0, 40, 5, 36, 33, 34, 43, 8, 7, 22, 46, 0], [0, 42, 41, 24, 19, 6, 29, 4, 32, 18, 12, 0], [0, 48, 15, 3, 16, 20, 44, 17, 13, 49, 14, 0], [0, 1, 11, 39, 45, 25, 2, 28, 26, 23, 30, 0], [0, 21, 47, 9, 31, 38, 50, 37, 10, 35, 27, 0]]",2.6015359917873866,0.05772232093946322,1.2677466499080765,0.19425169875224432,0.3740484282778538,0.15304301625803757,0.8254198360078988,0.8322950539265735,0.5446732640266418
0.5,0.0,3,True,148894,5,"[[0, 48, 20, 44, 17, 13, 49, 14, 3, 16, 15, 0], [0, 46, 22, 43, 8, 7, 36, 5, 33, 34, 40, 0], [0, 12, 18, 32, 4, 29, 19, 6, 24, 41, 42, 0], [0, 27, 35, 10, 37, 50, 38, 31, 9, 47, 21, 0], [0, 1, 45, 11, 39, 25, 2, 28, 26, 23, 30, 0]]",2.6980873482170864,0.06034940006946655,1.2681722929046373,0.19425169875224432,0.3446926685007634,0.14300440024695193,0.8300756701455061,0.8395111992995705,0.5446732640266418
0.5,0.0,4,True,148878,5,"[[0, 48, 42, 14, 3, 16, 20, 44, 17, 13, 49, 0], [0, 12, 18, 32, 4, 29, 6, 19, 24, 41, 1, 0], [0, 40, 34, 33, 5, 36, 7, 8, 43, 22, 46, 0], [0, 15, 45, 11, 39, 25, 2, 28, 26, 23, 30, 0], [0, 35, 10, 37, 50, 38, 31, 9, 47, 21, 27, 0]]",2.6942193429204053,0.06034940006946655,1.1445776129548904,0.14795063868431108,0.2723289144421501,0.09675691641626119,0.8342489776855366,0.8444092785073439,0.5446732640266418
0.5,0.0,5,True,148894,5,"[[0, 20, 44, 17, 13, 49, 14, 3, 16, 15, 48, 0], [0, 1, 39, 11, 45, 25, 2, 28, 26, 23, 30, 0], [0, 40, 33, 34, 5, 36, 7, 8, 43, 22, 46, 0], [0, 27, 21, 47, 9, 31, 38, 50, 37, 10, 35, 0], [0, 42, 41, 24, 19, 6, 29, 4, 32, 18, 12, 0]]",2.697571381133457,0.06034940006946655,1.2677466499080765,0.19425169875224432,0.3446189748211257,0.14288106191117006,0.8309158445965004,0.8396717734175368,0.5446732640266418
0.5,0.0,6,True,148895,5,"[[0, 30, 23, 26, 28, 2, 25, 45, 11, 39, 1, 0], [0, 42, 41, 24, 19, 6, 29, 4, 32, 18, 48, 0], [0, 15, 16, 3, 14, 49, 12, 13, 17, 44, 20, 0], [0, 46, 22, 43, 8, 7, 36, 5, 34, 33, 40, 0], [0, 21, 47, 9, 31, 38, 50, 37, 10, 35, 27, 0]]",2.6976617052205256,0.06034940006946655,1.268820773337211,0.16722905709009087,0.3452578984207082,0.1433363379419907,0.8303530667045771,0.8396436592228532,0.5446732640266418
0.5,0.0,7,True,148895,5,"[[0, 30, 23, 26, 28, 2, 25, 11, 39, 45, 1, 0], [0, 35, 10, 37, 50, 38, 31, 9, 47, 21, 27, 0], [0, 18, 32, 4, 29, 6, 19, 24, 41, 42, 48, 0], [0, 20, 44, 17, 13, 12, 49, 14, 3, 16, 15, 0], [0, 40, 34, 33, 5, 36, 7, 8, 43, 22, 46, 0]]",2.697997024130018,0.06034940006946655,1.2692464163337718,0.16722905709009087,0.3453278070450476,0.14346121099059808,0.8306382895643654,0.839539304624366,0.5446732640266418
0.5,0.0,8,True,149185,5,"[[0, 27, 35, 10, 37, 50, 38, 31, 9, 47, 21, 0], [0, 49, 12, 40, 24, 19, 6, 29, 4, 32, 39, 0], [0, 18, 34, 33, 5, 36, 7, 8, 43, 22, 46, 0], [0, 25, 2, 28, 26, 23, 30, 13, 17, 44, 20, 0], [0, 48, 14, 42, 41, 1, 11, 45, 16, 3, 15, 0]]",2.7618026907366584,0.06224556035656286,0.8175285421530134,0.17032198095694184,0.22037013957432583,0.04862324190063355,0.8449223314998671,0.8478626999381788,0.5446732640266418
0.5,0.0,9,True,148878,5,"[[0, 27, 21, 47, 9, 31, 38, 50, 37, 10, 35, 0], [0, 46, 22, 43, 8, 7, 36, 5, 33, 34, 40, 0], [0, 15, 11, 39, 45, 25, 2, 28, 26, 23, 30, 0], [0, 18, 32, 4, 29, 6, 19, 24, 41, 1, 48, 0], [0, 42, 14, 3, 16, 20, 44, 17, 13, 49, 12, 0]]",2.6942193429204053,0.06034940006946655,1.1456517363840248,0.11609914355600874,0.27280732690635734,0.0971023486015511,0.8342489776855366,0.8444092785073439,0.5446732640266418
1.0,0.0,0,True,157631,5,"[[0, 21, 47, 9, 31, 36, 7, 8, 43, 22, 46, 0], [0, 48, 20, 44, 17, 13, 37, 10, 40, 12, 49, 0], [0, 42, 41, 24, 19, 6, 29, 4, 32, 39, 1, 0], [0, 27, 35, 18, 34, 33, 5, 50, 38, 3, 14, 0], [0, 30, 23, 26, 28, 2, 25, 11, 45, 16, 15, 0]]",1.7783598753085244,0.04125953849517938,0.615337214047031,0.06508037587627769,0.23059701092193619,0.023601129933129485,0.7809089253150818,0.766143525994861,0.272499680519104
1.0,0.0,1,True,157781,5,"[[0, 15, 16, 42, 41, 24, 19, 6, 40, 44, 20, 0], [0, 1, 45, 11, 39, 25, 2, 28, 26, 23, 30, 0], [0, 34, 33, 5, 36, 50, 38, 31, 9, 3, 14, 0], [0, 37, 10, 35, 18, 32, 4, 29, 47, 21, 27, 0], [0, 48, 46, 22, 7, 8, 43, 17, 13, 12, 49, 0]]",1.760373269142292,0.03630534979841999,0.6020527717118966,0.06298382999375463,0.2667213378883677,0.028297545977308748,0.7717166022243329,0.7577546546540027,0.272499680519104
1.0,0.0,2,True,157873,5,"[[0, 49, 12, 10, 37, 13, 17, 44, 20, 16, 42, 0], [0, 48, 46, 22, 43, 8, 7, 36, 31, 9, 40, 0], [0, 27, 35, 18, 34, 33, 5, 50, 38, 3, 14, 0], [0, 1, 41, 24, 19, 6, 32, 4, 29, 47, 21, 0], [0, 15, 45, 39, 11, 25, 2, 28, 26, 23, 30, 0]]",1.730306570585526,0.03556072669154083,0.5859014357556589,0.06688073689916305,0.2093619985391777,0.018246525543415496,0.7749705735527523,0.7583832794434936,0.272499680519104
1.0,0.0,3,True,157782,5,"[[0, 42, 41, 24, 19, 6, 40, 44, 20, 16, 15, 0], [0, 37, 10, 35, 18, 32, 4, 29, 47, 21, 27, 0], [0, 14, 3, 9, 31, 38, 50, 5, 36, 33, 34, 0], [0, 30, 23, 26, 28, 2, 25, 11, 39, 45, 1, 0], [0, 48, 46, 22, 7, 8, 43, 17, 13, 12, 49, 0]]",1.760373269142292,0.03630534979841999,0.6020527717118966,0.06298382999375463,0.2667213378883677,0.028297545977308748,0.7709638536656993,0.7577546546540027,0.272499680519104
1.0,0.0,4,True,157649,5,"[[0, 48, 20, 44, 17, 13, 37, 10, 40, 12, 49, 0], [0, 46, 22, 7, 8, 43, 5, 50, 38, 3, 14, 0], [0, 11, 39, 32, 4, 29, 19, 6, 24, 41, 42, 0], [0, 30, 23, 26, 28, 2, 25, 45, 15, 16, 1, 0], [0, 35, 18, 34, 33, 36, 31, 9, 47, 21, 27, 0]]",1.904088014671288,0.04501132531599565,0.5950764466469991,0.08539838762953877,0.17805719240792772,0.01609925825171389,0.792090378677935,0.7822089556175447,0.272499680519104
1.0,0.0,5,True,157763,5,"[[0, 48, 40, 37, 10, 13, 17, 44, 20, 16, 15, 0], [0, 45, 11, 25, 2, 28, 26, 23, 30, 12, 49, 0], [0, 1, 46, 22, 43, 8, 7, 36, 31, 9, 39, 0], [0, 42, 41, 24, 19, 6, 32, 4, 29, 47, 21, 0], [0, 27, 35, 18, 34, 33, 5, 50, 38, 3, 14, 0]]",1.7178629957415978,0.037301727810076304,0.7094961157054058,0.0862269119492599,0.2813975345339519,0.03800030658378663,0.7763890087262104,0.7600365555441475,0.272499680519104
1.0,0.0,6,True,157763,5,"[[0, 11, 46, 22, 43, 8, 7, 36, 31, 9, 39, 0], [0, 15, 16, 1, 45, 25, 2, 28, 26, 23, 30, 0], [0, 20, 44, 17, 13, 10, 37, 40, 12, 49, 48, 0], [0, 27, 35, 18, 34, 33, 5, 50, 38, 3, 14, 0], [0, 21, 47, 29, 4, 32, 6, 19, 24, 41, 42, 0]]",1.7178629957415978,0.037301727810076304,0.7094961157054058,0.0862269119492599,0.2837730353846004,0.03896671853942449,0.7763890087262104,0.7600365555441475,0.272499680519104
1.0,0.0,7,True,157631,5,"[[0, 48, 20, 44, 17, 13, 37, 10, 40, 12, 49, 0], [0, 42, 41, 24, 19, 6, 29, 4, 32, 39, 1, 0], [0, 15, 16, 45, 11, 25, 2, 28, 26, 23, 30, 0], [0, 46, 22, 43, 8, 7, 36, 31, 9, 47, 21, 0], [0, 14, 3, 38, 50, 5, 33, 34, 18, 35, 27, 0]]",1.7774382984425756,0.04125953849517938,0.615337214047031,0.06508037587627769,0.2311313610393011,0.023659676822901037,0.7810076654240832,0.7665407606837791,0.272499680519104
1.0,0.0,8,True,157296,5,"[[0, 48, 30, 23, 26, 28, 2, 25, 11, 45, 1, 0], [0, 42, 14, 3, 16, 20, 44, 17, 13, 12, 49, 0], [0, 41, 24, 19, 6, 32, 4, 29, 47, 21, 27, 0], [0, 15, 46, 22, 43, 8, 7, 36, 31, 9, 40, 0], [0, 37, 10, 35, 18, 34, 33, 5, 50, 38, 39, 0]]",1.7405430129656452,0.04695039242506027,0.688637028739322,0.08263673260807991,0.31658039821516426,0.04065835760325186,0.7789315879450909,0.7620122192206825,0.272499680519104
1.0,0.0,9,True,157631,5,"[[0, 15, 16, 45, 11, 25, 2, 28, 26, 23, 30, 0], [0, 1, 39, 32, 4, 29, 6, 19, 24, 41, 42, 0], [0, 46, 22, 43, 8, 7, 36, 31, 9, 47, 21, 0], [0, 27, 35, 18, 34, 33, 5, 50, 38, 3, 14, 0], [0, 49, 12, 40, 37, 10, 13, 17, 44, 20, 48, 0]]",1.7783598753085244,0.04125953849517938,0.615337214047031,0.06508037587627769,0.23059701092193619,0.023601129933129482,0.7809089253150818,0.766143525994861,0.272499680519104
2.0,0.0,0,True,170634,5,"[[0, 1, 11, 45, 25, 2, 28, 26, 23, 30, 49, 0], [0, 15, 46, 22, 43, 8, 7, 36, 31, 9, 40, 0], [0, 42, 14, 3, 16, 20, 44, 17, 13, 12, 48, 0], [0, 37, 10, 35, 18, 34, 33, 5, 50, 38, 39, 0], [0, 27, 21, 47, 29, 4, 32, 41, 24, 6, 19, 0]]",1.4803093296577572,0.03610399322185133,0.428403345431434,0.0488120848312974,0.23110109928797562,0.016008872854558345,0.7520705942230359,0.7227309397465197,0.272499680519104
2.0,0.0,1,True,171386,5,"[[0, 40, 9, 31, 36, 7, 8, 43, 22, 46, 1, 0], [0, 25, 2, 28, 26, 23, 30, 11, 45, 15, 48, 0], [0, 37, 10, 35, 18, 34, 33, 5, 50, 38, 39, 0], [0, 19, 6, 24, 41, 32, 4, 29, 47, 21, 27, 0], [0, 20, 44, 17, 13, 49, 12, 14, 3, 16, 42, 0]]",1.4840136285274639,0.03610399322185133,0.4273545333708171,0.040213542873971164,0.22300079493524927,0.015291717014592986,0.743977420571228,0.7142350979616804,0.272499680519104
2.0,0.0,2,True,170634,5,"[[0, 1, 11, 45, 25, 2, 28, 26, 23, 30, 49, 0], [0, 40, 9, 31, 36, 7, 8, 43, 22, 46, 15, 0], [0, 37, 10, 35, 18, 34, 33, 5, 50, 38, 39, 0], [0, 42, 14, 3, 16, 20, 44, 17, 13, 12, 48, 0], [0, 19, 6, 24, 41, 32, 4, 29, 47, 21, 27, 0]]",1.4792605175971403,0.03610399322185133,0.4273545333708171,0.0488120848312974,0.23069774367803375,0.01595352831970876,0.7533845384752602,0.7271697158501453,0.272499680519104
2.0,0.0,3,True,171284,5,"[[0, 21, 47, 29, 6, 19, 24, 41, 4, 32, 39, 0], [0, 49, 12, 30, 23, 26, 28, 2, 25, 45, 48, 0], [0, 15, 3, 38, 50, 5, 33, 34, 18, 35, 27, 0], [0, 40, 9, 31, 36, 7, 8, 43, 22, 46, 11, 0], [0, 1, 16, 42, 14, 10, 37, 13, 17, 44, 20, 0]]",1.4027546376382816,0.027352366674070556,0.3877187723410316,0.03788236540276557,0.13632755200356317,0.005364341376253201,0.7337050901842332,0.698221213776094,0.272499680519104
2.0,0.0,4,True,170634,5,"[[0, 40, 9, 31, 36, 7, 8, 43, 22, 46, 15, 0], [0, 39, 38, 50, 5, 33, 34, 18, 35, 10, 37, 0], [0, 49, 30, 23, 26, 28, 2, 25, 45, 11, 1, 0], [0, 42, 14, 3, 16, 20, 44, 17, 13, 12, 48, 0], [0, 19, 6, 24, 41, 32, 4, 29, 47, 21, 27, 0]]",1.4783389407311915,0.03610399322185133,0.4273545333708171,0.0488120848312974,0.23134026696561594,0.01603425053258645,0.7519164747648661,0.724514936431262,0.272499680519104
2.0,0.0,5,True,171733,5,"[[0, 48, 35, 18, 34, 33, 5, 36, 31, 9, 39, 0], [0, 19, 6, 24, 41, 32, 4, 29, 47, 21, 27, 0], [0, 1, 11, 45, 25, 2, 28, 26, 23, 30, 49, 0], [0, 42, 16, 20, 44, 17, 13, 10, 37, 40, 12, 0], [0, 14, 3, 38, 50, 43, 8, 7, 22, 46, 15, 0]]",1.3421373511300771,0.026357185813997472,0.4273545333708171,0.0488120848312974,0.28728130973723176,0.021081522559611352,0.7309420681563854,0.6972997377691358,0.272499680519104
2.0,0.0,6,True,171636,5,"[[0, 40, 37, 10, 35, 18, 34, 33, 50, 38, 39, 0], [0, 48, 12, 30, 23, 26, 28, 2, 25, 45, 11, 0], [0, 9, 31, 36, 5, 43, 8, 7, 22, 46, 1, 0], [0, 49, 13, 17, 44, 20, 16, 42, 14, 3, 15, 0], [0, 27, 21, 47, 29, 4, 32, 41, 24, 6, 19, 0]]",1.3753168727489538,0.03253867154541824,0.428403345431434,0.0488120848312974,0.27616435009013185,0.020355658910323444,0.7386894356523726,0.7081570696257402,0.272499680519104
2.0,0.0,7,True,170634,5,"[[0, 27, 21, 47, 29, 4, 32, 41, 24, 6, 19, 0], [0, 48, 12, 13, 17, 44, 20, 16, 3, 14, 42, 0], [0, 40, 9, 31, 36, 7, 8, 43, 22, 46, 15, 0], [0, 49, 30, 23, 26, 28, 2, 25, 45, 11, 1, 0], [0, 39, 38, 50, 5, 33, 34, 18, 35, 10, 37, 0]]",1.4793877527918085,0.03610399322185133,0.428403345431434,0.0488120848312974,0.23174341832689227,0.01608967239231058,0.7505773385455032,0.7202216146540332,0.272499680519104
2.0,0.0,8,True,170634,5,"[[0, 1, 11, 45, 25, 2, 28, 26, 23, 30, 49, 0], [0, 19, 6, 24, 41, 32, 4, 29, 47, 21, 27, 0], [0, 42, 14, 3, 16, 20, 44, 17, 13, 12, 48, 0], [0, 40, 9, 31, 36, 7, 8, 43, 22, 46, 15, 0], [0, 37, 10, 35, 18, 34, 33, 5, 50, 38, 39, 0]]",1.4792605175971403,0.03610399322185133,0.4273545333708171,0.0488120848312974,0.23069774367803375,0.01595352831970876,0.7533845384752602,0.7271697158501453,0.272499680519104
2.0,0.0,9,True,172196,5,"[[0, 27, 10, 37, 13, 17, 44, 20, 16, 42, 48, 0], [0, 40, 9, 31, 36, 5, 50, 38, 39, 45, 1, 0], [0, 49, 30, 23, 26, 28, 2, 25, 15, 3, 14, 0], [0, 21, 47, 29, 4, 32, 41, 24, 6, 19, 12, 0], [0, 11, 46, 22, 7, 8, 43, 33, 34, 18, 35, 0]]",1.6161686281193397,0.032408157590071894,0.4339741842923104,0.05402714852243662,0.17905371608357656,0.012464855180488583,0.7666676264870402,0.742520506201523,0.272499680519104
