beta,lambda_concentration,seed,is_feasible,pyvrp_cost,num_routes,routes,global_risk,global_cvar90,max_vehicle_risk,max_vehicle_cvar90,vehicle_risk_gini,risk_variance,edge_burden_gini_used,top10_burden_share,max_edge_burden
0.0,0.0,0,True,133997,5,"[[0, 14, 42, 41, 1, 45, 11, 15, 3, 16, 48, 0], [0, 18, 32, 4, 29, 19, 6, 24, 40, 20, 44, 0], [0, 27, 35, 5, 36, 28, 26, 23, 30, 12, 49, 0], [0, 46, 22, 7, 8, 43, 33, 34, 2, 25, 39, 0], [0, 17, 13, 10, 37, 50, 38, 31, 9, 47, 21, 0]]",6.429770084912889,0.2047238045571638,1.9564758383203298,0.30058238888159394,0.1512564540963619,0.13765473105674883,0.8698411679405682,0.8899063747770006,0.8755898475646973
0.0,0.0,1,True,133997,5,"[[0, 17, 13, 10, 37, 50, 38, 31, 9, 47, 21, 0], [0, 18, 32, 4, 29, 6, 19, 24, 40, 20, 44, 0], [0, 14, 42, 41, 1, 11, 45, 15, 3, 16, 48, 0], [0, 46, 22, 7, 8, 43, 33, 34, 2, 25, 39, 0], [0, 27, 35, 5, 36, 28, 26, 23, 30, 12, 49, 0]]",6.429770084912889,0.2047238045571638,1.9564758383203298,0.30058238888159394,0.1512564540963619,0.13765473105674883,0.8698411679405682,0.8899063747770006,0.8755898475646973
0.0,0.0,2,True,133998,5,"[[0, 16, 3, 15, 45, 11, 1, 41, 42, 14, 48, 0], [0, 25, 2, 34, 33, 43, 8, 7, 22, 46, 39, 0], [0, 38, 31, 9, 47, 21, 27, 23, 30, 49, 12, 0], [0, 26, 28, 36, 5, 35, 10, 37, 50, 13, 17, 0], [0, 44, 20, 40, 24, 6, 19, 29, 4, 32, 18, 0]]",7.954256116761826,0.27764261786181194,2.5564933004789054,0.49828050285577774,0.24549408449803178,0.4908669177939484,0.8747913662653781,0.8964338958957334,0.8755898475646973
0.0,0.0,3,True,133998,5,"[[0, 12, 49, 30, 23, 26, 28, 36, 5, 20, 44, 0], [0, 14, 42, 41, 1, 45, 11, 15, 3, 16, 48, 0], [0, 27, 35, 10, 37, 50, 38, 31, 9, 47, 21, 0], [0, 25, 2, 34, 33, 43, 8, 7, 22, 46, 39, 0], [0, 18, 32, 4, 29, 19, 6, 24, 40, 13, 17, 0]]",5.954851799207972,0.18799591566702084,1.9233450417232234,0.22098547557834536,0.2564870026251842,0.31220480970236864,0.8691445715565564,0.8851646478860136,0.8755898475646973
0.0,0.0,4,True,133997,5,"[[0, 48, 14, 42, 41, 1, 45, 11, 15, 3, 16, 0], [0, 44, 20, 40, 24, 19, 6, 4, 32, 29, 12, 0], [0, 25, 2, 34, 33, 43, 8, 7, 22, 46, 39, 0], [0, 27, 35, 5, 36, 28, 26, 23, 30, 18, 49, 0], [0, 17, 13, 10, 37, 50, 38, 31, 9, 47, 21, 0]]",7.336837348353583,0.22962602497688656,2.9868233632296324,0.559654152393341,0.3028205095599812,0.7032469274716505,0.8903559784450197,0.9074124403441984,1.7511796951293945
0.0,0.0,5,True,133999,5,"[[0, 16, 3, 14, 42, 41, 1, 45, 39, 11, 15, 0], [0, 18, 32, 4, 29, 6, 19, 24, 40, 20, 44, 0], [0, 25, 2, 34, 33, 35, 10, 37, 50, 13, 17, 0], [0, 46, 22, 7, 8, 43, 5, 36, 28, 26, 12, 0], [0, 48, 38, 31, 9, 47, 21, 27, 23, 30, 49, 0]]",8.389547549697454,0.2929368264113481,1.9564758383203298,0.30058238888159394,0.08820311124753011,0.07899082891097993,0.8714790879848235,0.8908797515681727,0.8755898475646973
0.0,0.0,6,True,133997,5,"[[0, 16, 3, 14, 42, 41, 1, 45, 11, 39, 48, 0], [0, 15, 46, 22, 7, 8, 43, 17, 13, 18, 49, 0], [0, 27, 35, 10, 37, 50, 38, 31, 9, 47, 21, 0], [0, 12, 29, 4, 32, 6, 19, 24, 40, 20, 44, 0], [0, 25, 2, 34, 33, 5, 36, 28, 26, 23, 30, 0]]",7.456432646155008,0.22609417953838903,2.1320159105816856,0.3113747797906399,0.16581132921169228,0.20140154980566152,0.892204751470004,0.9117383546221318,1.7511796951293945
0.0,0.0,7,True,133998,5,"[[0, 13, 17, 43, 33, 34, 5, 2, 25, 45, 11, 0], [0, 16, 1, 41, 42, 12, 49, 14, 3, 15, 48, 0], [0, 44, 20, 40, 24, 19, 6, 29, 4, 32, 18, 0], [0, 30, 23, 26, 28, 36, 8, 7, 22, 46, 39, 0], [0, 21, 47, 9, 31, 38, 50, 37, 10, 35, 27, 0]]",7.337055736512411,0.20872943554422818,2.216634316195268,0.30058238888159394,0.1975631279665062,0.2796299527670982,0.8751296716970749,0.8968701543410693,0.8755898475646973
0.0,0.0,8,True,133998,5,"[[0, 48, 14, 42, 41, 1, 45, 11, 15, 3, 16, 0], [0, 49, 18, 12, 29, 32, 4, 6, 19, 24, 40, 0], [0, 44, 20, 34, 33, 5, 36, 28, 26, 23, 30, 0], [0, 17, 13, 37, 10, 35, 22, 43, 8, 7, 46, 0], [0, 27, 21, 47, 9, 31, 38, 50, 2, 25, 39, 0]]",7.440384128654841,0.2113217668957077,2.5802188814850524,0.47966275215148924,0.21488959632040494,0.3795155512987772,0.888292422651084,0.9046258955036076,1.7511796951293945
0.0,0.0,9,True,133997,5,"[[0, 48, 15, 45, 11, 1, 41, 42, 14, 3, 16, 0], [0, 27, 35, 5, 36, 28, 26, 23, 30, 12, 49, 0], [0, 21, 47, 9, 31, 38, 50, 37, 10, 13, 17, 0], [0, 25, 2, 34, 33, 43, 8, 7, 22, 46, 39, 0], [0, 44, 20, 40, 24, 6, 19, 29, 4, 32, 18, 0]]",5.997379622931476,0.1965369454205588,1.94414620148018,0.30058238888159394,0.21664617720087365,0.2225652676963553,0.8704420504224191,0.8859929698998369,0.8755898475646973
1.5,1.0,0,True,169076,5,"[[0, 42, 14, 3, 15, 16, 20, 44, 17, 13, 49, 0], [0, 6, 19, 24, 41, 32, 4, 29, 47, 21, 27, 0], [0, 1, 46, 22, 43, 8, 7, 36, 31, 9, 40, 0], [0, 39, 38, 50, 5, 33, 34, 18, 35, 10, 37, 0], [0, 12, 30, 23, 26, 28, 2, 25, 11, 45, 48, 0]]",1.8195440684939967,0.03220800481932728,0.5336011893377872,0.04732062970288098,0.1920977737544618,0.018663611424092348,0.7297059613982539,0.6770864213515808,0.22378498315811157
1.5,1.0,1,True,170897,5,"[[0, 39, 32, 18, 35, 10, 37, 13, 17, 44, 20, 0], [0, 15, 11, 45, 25, 2, 28, 26, 23, 30, 49, 0], [0, 27, 21, 47, 29, 4, 41, 24, 6, 19, 12, 0], [0, 34, 33, 5, 50, 38, 3, 14, 42, 16, 1, 0], [0, 40, 9, 31, 36, 7, 8, 43, 22, 46, 48, 0]]",1.7470053872966673,0.03408737441129757,0.3888194659957662,0.04313476321597894,0.07314987615566593,0.002549659380554201,0.7152038947885453,0.6539947057028357,0.22378498315811157
1.5,1.0,2,True,169294,5,"[[0, 20, 44, 17, 13, 30, 23, 26, 28, 2, 25, 0], [0, 6, 19, 24, 41, 32, 4, 29, 47, 21, 27, 0], [0, 49, 12, 37, 10, 35, 18, 34, 33, 5, 36, 0], [0, 46, 22, 7, 8, 43, 50, 38, 31, 9, 40, 0], [0, 15, 3, 14, 42, 16, 45, 11, 39, 1, 48, 0]]",2.049672075387207,0.0482781646507127,0.5901695642969571,0.09199679531157016,0.21863543068877145,0.02775119854622543,0.7513339069407228,0.7040984631286793,0.42576900124549866
1.5,1.0,3,True,169076,5,"[[0, 27, 21, 47, 29, 4, 32, 41, 24, 19, 6, 0], [0, 1, 46, 22, 43, 8, 7, 36, 31, 9, 40, 0], [0, 39, 38, 50, 5, 33, 34, 18, 35, 10, 37, 0], [0, 48, 13, 17, 44, 20, 16, 15, 3, 14, 42, 0], [0, 49, 12, 30, 23, 26, 28, 2, 25, 11, 45, 0]]",1.8195440684939967,0.03220800481932728,0.5336011893377872,0.04732062970288098,0.1912882375665581,0.01863254546251344,0.7297059613982539,0.6770864213515808,0.22378498315811157
1.5,1.0,4,True,169077,5,"[[0, 6, 19, 24, 41, 32, 4, 29, 47, 21, 27, 0], [0, 12, 30, 23, 26, 28, 2, 25, 11, 45, 1, 0], [0, 48, 13, 17, 44, 20, 16, 15, 3, 14, 42, 0], [0, 39, 38, 50, 5, 33, 34, 18, 35, 10, 37, 0], [0, 46, 22, 43, 8, 7, 36, 31, 9, 40, 49, 0]]",1.8195440684939967,0.03220800481932728,0.5336011893377872,0.05000739321112633,0.1924624043915395,0.01867911252653308,0.7297059613982539,0.6770864213515808,0.22378498315811157
1.5,1.0,5,True,169825,5,"[[0, 49, 30, 23, 26, 28, 2, 25, 45, 16, 42, 0], [0, 1, 46, 22, 7, 8, 43, 50, 38, 31, 9, 0], [0, 48, 12, 19, 6, 24, 41, 4, 32, 39, 11, 0], [0, 27, 21, 47, 29, 44, 17, 13, 14, 3, 15, 0], [0, 20, 5, 36, 33, 34, 18, 35, 10, 37, 40, 0]]",1.8841922374558635,0.03476429947962364,0.6172469254088355,0.054363492876291275,0.2573303332147203,0.029684528959391953,0.729684625874039,0.6724284983318339,0.42576900124549866
1.5,1.0,6,True,169294,5,"[[0, 20, 44, 17, 13, 30, 23, 26, 28, 2, 25, 0], [0, 49, 36, 5, 33, 34, 18, 35, 10, 37, 12, 0], [0, 40, 9, 31, 38, 50, 43, 8, 7, 22, 46, 0], [0, 15, 3, 14, 42, 16, 39, 11, 45, 1, 48, 0], [0, 27, 21, 47, 29, 4, 32, 41, 24, 19, 6, 0]]",1.6273496438079746,0.026313812113725223,0.5336011893377872,0.05121728165873459,0.261280135483418,0.025840396563044255,0.6920253208720994,0.6267079749149438,0.22378498315811157
1.5,1.0,7,True,169095,5,"[[0, 46, 22, 7, 8, 43, 5, 50, 38, 3, 15, 0], [0, 40, 9, 31, 36, 33, 34, 18, 35, 10, 37, 0], [0, 48, 12, 49, 13, 17, 44, 20, 16, 42, 14, 0], [0, 30, 23, 26, 28, 2, 25, 11, 39, 45, 1, 0], [0, 6, 19, 24, 41, 32, 4, 29, 47, 21, 27, 0]]",2.0330219329480315,0.03775420564373857,0.5504832529259147,0.09080280773341656,0.18075733967588237,0.019311870131600815,0.7538176796978295,0.7057459202449944,0.42576900124549866
1.5,1.0,8,True,169095,5,"[[0, 48, 14, 42, 16, 20, 44, 17, 13, 49, 12, 0], [0, 1, 11, 39, 45, 25, 2, 28, 26, 23, 30, 0], [0, 46, 22, 7, 8, 43, 5, 50, 38, 3, 15, 0], [0, 40, 9, 31, 36, 33, 34, 18, 35, 10, 37, 0], [0, 6, 19, 24, 41, 32, 4, 29, 47, 21, 27, 0]]",2.0330219329480315,0.03775420564373857,0.5504832529259147,0.09080280773341656,0.18075733967588237,0.019311870131600812,0.7538176796978295,0.7057459202449944,0.42576900124549866
1.5,1.0,9,True,169076,5,"[[0, 40, 9, 31, 36, 7, 8, 43, 22, 46, 1, 0], [0, 6, 19, 24, 41, 32, 4, 29, 47, 21, 27, 0], [0, 39, 38, 50, 5, 33, 34, 18, 35, 10, 37, 0], [0, 42, 14, 3, 15, 16, 20, 44, 17, 13, 49, 0], [0, 12, 30, 23, 26, 28, 2, 25, 11, 45, 48, 0]]",1.8195440684939967,0.03220800481932728,0.5336011893377872,0.04732062970288098,0.1920977737544618,0.01866361142409235,0.7297059613982539,0.6770864213515808,0.22378498315811157
