beta,lambda_concentration,seed,is_feasible,pyvrp_cost,num_routes,routes,global_risk,global_cvar90,max_vehicle_risk,max_vehicle_cvar90,vehicle_risk_gini,risk_variance,edge_burden_gini_used,top10_burden_share,max_edge_burden
0.0,0.0,0,True,133997,5,"[[0, 14, 42, 41, 1, 45, 11, 15, 3, 16, 48, 0], [0, 18, 32, 4, 29, 19, 6, 24, 40, 20, 44, 0], [0, 27, 35, 5, 36, 28, 26, 23, 30, 12, 49, 0], [0, 46, 22, 7, 8, 43, 33, 34, 2, 25, 39, 0], [0, 17, 13, 10, 37, 50, 38, 31, 9, 47, 21, 0]]",9.772541295271367,0.2913400292396545,2.9602260659448802,0.45650075034548837,0.11617542528519498,0.257676297573931,0.8431547545178819,0.889906865963629,0.9999998807907104
0.0,0.0,1,True,133997,5,"[[0, 17, 13, 10, 37, 50, 38, 31, 9, 47, 21, 0], [0, 18, 32, 4, 29, 6, 19, 24, 40, 20, 44, 0], [0, 14, 42, 41, 1, 11, 45, 15, 3, 16, 48, 0], [0, 46, 22, 7, 8, 43, 33, 34, 2, 25, 39, 0], [0, 27, 35, 5, 36, 28, 26, 23, 30, 12, 49, 0]]",9.772541295271367,0.2913400292396545,2.9602260659448802,0.45650075034548837,0.11617542528519498,0.257676297573931,0.8431547545178819,0.889906865963629,0.9999998807907104
0.0,0.0,2,True,133998,5,"[[0, 16, 3, 15, 45, 11, 1, 41, 42, 14, 48, 0], [0, 25, 2, 34, 33, 43, 8, 7, 22, 46, 39, 0], [0, 38, 31, 9, 47, 21, 27, 23, 30, 49, 12, 0], [0, 26, 28, 36, 5, 35, 10, 37, 50, 13, 17, 0], [0, 44, 20, 40, 24, 6, 19, 29, 4, 32, 18, 0]]",11.69720187690109,0.403480327473237,3.0669145074207336,0.5054312705993652,0.16416861151289752,0.49555873091062497,0.8458704748880306,0.8652076108600029,0.9999998807907104
1.0,0.0,0,True,161135,5,"[[0, 48, 36, 5, 33, 34, 18, 35, 10, 37, 12, 0], [0, 46, 22, 7, 8, 43, 50, 38, 31, 9, 40, 0], [0, 15, 45, 11, 39, 32, 4, 29, 47, 21, 27, 0], [0, 49, 13, 17, 44, 20, 19, 6, 24, 41, 1, 0], [0, 30, 23, 26, 28, 2, 25, 16, 3, 14, 42, 0]]",4.4820412889821455,0.121760801146073,1.4158198803197592,0.2006918272624413,0.23435000275054385,0.15053630415067837,0.7783405051520185,0.7815455851174145,0.7720444202423096
1.0,0.0,1,True,161135,5,"[[0, 15, 45, 11, 39, 32, 4, 29, 47, 21, 27, 0], [0, 46, 22, 7, 8, 43, 50, 38, 31, 9, 40, 0], [0, 12, 37, 10, 35, 18, 34, 33, 5, 36, 48, 0], [0, 30, 23, 26, 28, 2, 25, 16, 3, 14, 42, 0], [0, 1, 41, 24, 6, 19, 20, 44, 17, 13, 49, 0]]",4.4843713723821566,0.121760801146073,1.4158198803197592,0.2006918272624413,0.23381255355843322,0.1499298126483904,0.7792996673155628,0.7831826065876986,0.7720444202423096
1.0,0.0,2,True,161795,5,"[[0, 1, 41, 24, 19, 6, 4, 29, 47, 21, 27, 0], [0, 46, 22, 43, 8, 7, 36, 5, 35, 10, 37, 0], [0, 15, 11, 45, 25, 2, 28, 26, 23, 30, 12, 0], [0, 48, 20, 44, 17, 13, 49, 14, 3, 16, 42, 0], [0, 39, 32, 18, 34, 33, 50, 38, 31, 9, 40, 0]]",4.3847703005885705,0.08762595535088809,1.1684424533741549,0.13534073655804,0.13664672555948854,0.047523820805411454,0.7674023359864788,0.7716153591301952,0.7720444202423096
