beta,lambda_concentration,seed,is_feasible,pyvrp_cost,num_routes,routes,global_risk,global_cvar90,max_vehicle_risk,max_vehicle_cvar90,vehicle_risk_gini,risk_variance,edge_burden_gini_used,top10_burden_share,max_edge_burden
0.0,0.0,0,True,145999,5,"[[0, 44, 14, 3, 15, 41, 11, 1, 37, 38, 50, 0], [0, 42, 7, 8, 34, 17, 9, 47, 43, 26, 33, 0], [0, 45, 12, 13, 24, 32, 46, 23, 10, 18, 19, 0], [0, 40, 25, 20, 35, 4, 16, 28, 30, 21, 29, 0], [0, 36, 31, 6, 22, 2, 48, 5, 39, 49, 27, 0]]",8.902864603951457,0.2864016360337181,3.084177554526832,0.4014389727796827,0.21998714277350984,0.5571641288992343,0.8758719365199263,0.8965344654711833,1.0399389266967773
0.0,0.0,1,True,145999,5,"[[0, 6, 22, 5, 2, 48, 43, 9, 47, 31, 36, 0], [0, 12, 45, 13, 24, 32, 46, 23, 10, 18, 19, 0], [0, 27, 49, 39, 17, 34, 8, 7, 30, 21, 29, 0], [0, 33, 26, 28, 16, 4, 35, 20, 25, 40, 44, 0], [0, 14, 3, 15, 42, 41, 11, 1, 37, 38, 50, 0]]",9.984724333320628,0.31344937944206697,3.00914061057847,0.4668011739850044,0.19680052719164065,0.5147058895676333,0.8858213490993141,0.9086332564903239,1.7579416036605835
0.0,0.0,2,True,146664,5,"[[0, 27, 49, 39, 17, 34, 8, 7, 16, 12, 45, 0], [0, 35, 4, 6, 22, 5, 43, 47, 9, 31, 36, 0], [0, 33, 26, 28, 30, 48, 2, 20, 25, 40, 19, 0], [0, 14, 3, 15, 42, 41, 11, 1, 37, 38, 50, 0], [0, 29, 21, 18, 10, 23, 46, 32, 24, 13, 44, 0]]",7.837430796025728,0.20745234106502988,2.945960865545203,0.505671215057373,0.2456118021331255,0.5673517666836717,0.8759844864979032,0.8920643433244044,1.0399389266967773
0.0,0.0,3,True,146664,5,"[[0, 44, 50, 38, 37, 1, 41, 11, 15, 3, 14, 0], [0, 19, 18, 21, 29, 10, 23, 46, 32, 24, 13, 0], [0, 45, 12, 42, 7, 8, 34, 17, 39, 49, 27, 0], [0, 16, 35, 4, 6, 22, 5, 30, 28, 26, 33, 0], [0, 40, 25, 20, 2, 48, 43, 47, 9, 31, 36, 0]]",9.642513894868898,0.3117625931543963,3.1032694949099096,0.4819367304444313,0.23637701887257068,0.7825256562209325,0.8734476877577653,0.8982799526256291,1.0399389266967773
0.0,0.0,4,True,147330,5,"[[0, 36, 31, 9, 47, 43, 48, 2, 20, 25, 40, 0], [0, 45, 12, 13, 24, 32, 46, 23, 10, 29, 44, 0], [0, 14, 3, 15, 42, 11, 41, 1, 37, 38, 50, 0], [0, 21, 35, 4, 6, 22, 5, 30, 28, 26, 33, 0], [0, 27, 49, 39, 17, 34, 8, 7, 16, 18, 19, 0]]",8.812429005825607,0.2836642969798829,2.9097143294056877,0.39979699105024336,0.23984668502680284,0.5668953205167171,0.8788841714442766,0.9002978181558311,1.0491186380386353
0.0,0.0,5,True,147330,5,"[[0, 27, 49, 39, 48, 2, 43, 9, 47, 31, 36, 0], [0, 14, 3, 15, 42, 11, 41, 1, 37, 38, 50, 0], [0, 33, 26, 28, 30, 8, 17, 34, 7, 16, 45, 0], [0, 12, 35, 4, 6, 22, 5, 20, 25, 40, 44, 0], [0, 29, 21, 13, 24, 32, 46, 23, 10, 18, 19, 0]]",9.157108947976667,0.29398989570992334,3.497697259823326,0.412880859204701,0.2447316775173578,0.7928667968464131,0.8699374804622635,0.8849460769967666,1.0399389266967773
0.0,0.0,6,True,147330,5,"[[0, 50, 38, 37, 1, 41, 11, 15, 3, 14, 45, 0], [0, 36, 31, 9, 47, 43, 2, 48, 39, 49, 27, 0], [0, 40, 25, 20, 5, 22, 6, 4, 35, 16, 12, 0], [0, 13, 24, 32, 46, 23, 10, 29, 21, 18, 19, 0], [0, 42, 7, 34, 17, 8, 30, 28, 26, 33, 44, 0]]",9.694575120214722,0.30335749839914256,3.1534134777029976,0.42357608179251355,0.2099430935662181,0.5720318286253958,0.8756578362042975,0.900471826942065,1.0399389266967773
0.0,0.0,7,True,146664,5,"[[0, 19, 18, 10, 23, 46, 32, 24, 13, 21, 29, 0], [0, 33, 26, 28, 30, 5, 22, 6, 4, 35, 44, 0], [0, 12, 45, 16, 7, 8, 34, 17, 39, 49, 27, 0], [0, 40, 25, 20, 2, 48, 43, 47, 9, 31, 36, 0], [0, 14, 3, 15, 42, 11, 41, 1, 37, 38, 50, 0]]",8.855515538503823,0.28465246834925245,2.908775683317799,0.3926330854495366,0.1647833134478811,0.3517580832292737,0.8711895008577091,0.8923922493016095,1.0399389266967773
0.0,0.0,8,True,147330,5,"[[0, 14, 3, 15, 42, 11, 41, 1, 37, 38, 50, 0], [0, 12, 45, 13, 46, 23, 10, 29, 21, 18, 19, 0], [0, 32, 24, 6, 22, 5, 48, 2, 20, 25, 40, 0], [0, 36, 31, 47, 9, 43, 30, 28, 26, 33, 44, 0], [0, 27, 49, 39, 17, 34, 8, 7, 16, 4, 35, 0]]",9.892426616126613,0.32099354839218514,2.5931028092309134,0.34601057480488506,0.13512227566507007,0.23339471971572415,0.8779550415652904,0.9017144142157485,1.0399389266967773
0.0,0.0,9,True,145999,5,"[[0, 14, 3, 15, 42, 41, 11, 1, 37, 38, 50, 0], [0, 27, 49, 39, 17, 34, 8, 7, 30, 21, 29, 0], [0, 12, 45, 13, 24, 32, 46, 23, 10, 18, 19, 0], [0, 44, 40, 25, 20, 35, 4, 16, 28, 26, 33, 0], [0, 6, 22, 5, 48, 2, 43, 47, 9, 31, 36, 0]]",9.975319377248525,0.31344937944206697,3.00914061057847,0.4668011739850044,0.19698607516691902,0.5135754752954421,0.8863589627820494,0.9094899364160246,1.7579416036605835
2.0,2.0,0,True,222315,5,"[[0, 44, 2, 48, 34, 17, 39, 8, 7, 16, 19, 0], [0, 29, 21, 18, 10, 23, 13, 45, 42, 41, 11, 0], [0, 12, 6, 22, 5, 46, 32, 24, 37, 49, 27, 0], [0, 38, 14, 3, 20, 25, 40, 4, 43, 35, 1, 0], [0, 50, 15, 33, 26, 30, 28, 9, 47, 31, 36, 0]]",2.846626276375673,0.051636476814746854,1.0589690764679744,0.14954948797821999,0.23627182148344605,0.06880595132580682,0.7766487248247105,0.7244512018496125,0.8629770874977112
2.0,2.0,1,True,221932,5,"[[0, 12, 6, 22, 5, 46, 32, 24, 31, 36, 50, 0], [0, 27, 37, 49, 1, 11, 41, 42, 7, 16, 19, 0], [0, 44, 2, 48, 9, 47, 28, 30, 26, 33, 15, 0], [0, 29, 10, 18, 21, 20, 25, 40, 4, 43, 35, 0], [0, 38, 14, 3, 34, 17, 39, 8, 23, 13, 45, 0]]",2.8679879913322566,0.05100713111460209,1.411146751299384,0.13764480418629116,0.395611228279525,0.19830812465091924,0.7793066958277215,0.732656675133508,0.8629770874977112
2.0,2.0,2,True,221858,5,"[[0, 42, 7, 16, 5, 22, 6, 4, 40, 25, 20, 0], [0, 12, 45, 13, 23, 8, 39, 17, 34, 3, 14, 0], [0, 19, 10, 18, 21, 29, 43, 35, 11, 41, 15, 0], [0, 33, 26, 30, 28, 47, 9, 48, 2, 44, 50, 0], [0, 38, 1, 49, 27, 37, 24, 32, 46, 31, 36, 0]]",2.8538868673529123,0.05390251246526053,1.4098145284951897,0.11417846889658408,0.39908865518049597,0.2018911129729189,0.7734023243522994,0.7253712017226192,0.8629770874977112
2.0,2.0,3,True,221788,5,"[[0, 19, 16, 7, 8, 39, 17, 34, 48, 2, 44, 0], [0, 42, 5, 22, 6, 4, 40, 25, 20, 45, 12, 0], [0, 27, 37, 49, 1, 15, 41, 11, 35, 43, 29, 0], [0, 33, 26, 30, 28, 9, 47, 3, 14, 38, 50, 0], [0, 21, 18, 10, 23, 13, 24, 32, 46, 31, 36, 0]]",2.856723691212892,0.055593752881159655,1.0589690764679744,0.14954948797821999,0.3350272473428877,0.11763860886380643,0.7803432464896196,0.7328252083255655,0.8629770874977112
2.0,2.0,4,True,222402,5,"[[0, 12, 45, 6, 22, 5, 16, 7, 42, 41, 11, 0], [0, 36, 31, 46, 32, 24, 37, 27, 49, 1, 44, 0], [0, 13, 23, 8, 39, 17, 34, 3, 14, 38, 50, 0], [0, 29, 43, 4, 40, 25, 20, 21, 18, 10, 19, 0], [0, 33, 26, 30, 28, 47, 9, 48, 2, 35, 15, 0]]",2.814486904073192,0.05642043204150266,1.4133089118840871,0.11416551165960052,0.4067055262305337,0.2035571510025636,0.7846830465298966,0.7339352522898758,0.8629770874977112
2.0,2.0,5,True,222402,5,"[[0, 29, 43, 4, 40, 25, 20, 21, 18, 10, 19, 0], [0, 44, 1, 49, 27, 37, 24, 32, 46, 31, 36, 0], [0, 12, 45, 6, 22, 5, 16, 7, 42, 41, 11, 0], [0, 33, 26, 30, 28, 47, 9, 48, 2, 35, 15, 0], [0, 13, 23, 8, 39, 17, 34, 3, 14, 38, 50, 0]]",2.8135482579853033,0.05642043204150266,1.4133089118840871,0.11416551165960052,0.406707763304643,0.20354305149206003,0.7851881062471366,0.7341801051909661,0.8629770874977112
2.0,2.0,6,True,222828,5,"[[0, 1, 11, 41, 42, 7, 16, 5, 22, 6, 12, 0], [0, 38, 14, 3, 34, 17, 39, 8, 23, 13, 45, 0], [0, 36, 31, 46, 32, 24, 37, 49, 27, 50, 44, 0], [0, 15, 35, 2, 48, 47, 9, 28, 30, 26, 33, 0], [0, 29, 43, 4, 40, 25, 20, 21, 18, 10, 19, 0]]",2.82774521841543,0.05390251246526053,1.4133089118840871,0.11416551165960052,0.3900616824051286,0.19682086897784937,0.7812147319591014,0.7307099638375719,0.8629770874977112
2.0,2.0,7,True,221886,5,"[[0, 15, 1, 49, 27, 37, 24, 32, 46, 31, 36, 0], [0, 41, 11, 35, 43, 29, 21, 18, 10, 23, 13, 0], [0, 33, 26, 30, 28, 47, 9, 3, 14, 38, 50, 0], [0, 42, 5, 22, 6, 4, 40, 25, 20, 45, 12, 0], [0, 44, 2, 48, 34, 17, 39, 8, 7, 16, 19, 0]]",2.830844702744571,0.05642043204150266,1.0589690764679744,0.14954948797821999,0.26182369083082757,0.07685948254163884,0.7795859076951062,0.7323818896679274,0.8629770874977112
2.0,2.0,8,True,222402,5,"[[0, 11, 41, 42, 7, 16, 5, 22, 6, 45, 12, 0], [0, 15, 35, 2, 48, 9, 47, 28, 30, 26, 33, 0], [0, 29, 43, 4, 40, 25, 20, 21, 18, 10, 19, 0], [0, 13, 23, 8, 39, 17, 34, 3, 14, 38, 50, 0], [0, 36, 31, 46, 32, 24, 37, 27, 49, 1, 44, 0]]",2.814486904073192,0.05642043204150266,1.4133089118840871,0.11416551165960052,0.4067055262305337,0.2035571510025636,0.7846830465298966,0.7339352522898758,0.8629770874977112
2.0,2.0,9,True,222402,5,"[[0, 29, 43, 4, 40, 25, 20, 21, 18, 10, 19, 0], [0, 11, 41, 42, 7, 16, 5, 22, 6, 45, 12, 0], [0, 15, 35, 2, 48, 47, 9, 28, 30, 26, 33, 0], [0, 36, 31, 46, 32, 24, 37, 27, 49, 1, 44, 0], [0, 13, 23, 8, 39, 17, 34, 3, 14, 38, 50, 0]]",2.814486904073192,0.05642043204150266,1.4133089118840871,0.11416551165960052,0.4067055262305337,0.2035571510025636,0.7846830465298966,0.7339352522898758,0.8629770874977112
