beta,lambda_concentration,seed,is_feasible,pyvrp_cost,num_routes,routes,global_risk,global_cvar90,max_vehicle_risk,max_vehicle_cvar90,vehicle_risk_gini,risk_variance,edge_burden_gini_used,top10_burden_share,max_edge_burden
0.0,0.0,0,True,145999,5,"[[0, 44, 14, 3, 15, 41, 11, 1, 37, 38, 50, 0], [0, 42, 7, 8, 34, 17, 9, 47, 43, 26, 33, 0], [0, 45, 12, 13, 24, 32, 46, 23, 10, 18, 19, 0], [0, 40, 25, 20, 35, 4, 16, 28, 30, 21, 29, 0], [0, 36, 31, 6, 22, 2, 48, 5, 39, 49, 27, 0]]",11.686005579773337,0.2228860306010271,4.186096758581698,0.5817637095848719,0.22942978301967654,1.0372094189879584,0.8484431610391419,0.8860408749998693,1.1386610269546509
0.0,0.0,1,True,145999,5,"[[0, 6, 22, 5, 2, 48, 43, 9, 47, 31, 36, 0], [0, 12, 45, 13, 24, 32, 46, 23, 10, 18, 19, 0], [0, 27, 49, 39, 17, 34, 8, 7, 30, 21, 29, 0], [0, 33, 26, 28, 16, 4, 35, 20, 25, 40, 44, 0], [0, 14, 3, 15, 42, 41, 11, 1, 37, 38, 50, 0]]",12.558260633144528,0.22730951449450323,4.012396143749356,0.6962469428777694,0.22240310994336387,0.9807411865317706,0.8612740047785503,0.9040093669198277,1.999999761581421
0.0,0.0,2,True,146664,5,"[[0, 27, 49, 39, 17, 34, 8, 7, 16, 12, 45, 0], [0, 35, 4, 6, 22, 5, 43, 47, 9, 31, 36, 0], [0, 33, 26, 28, 30, 48, 2, 20, 25, 40, 19, 0], [0, 14, 3, 15, 42, 41, 11, 1, 37, 38, 50, 0], [0, 29, 21, 18, 10, 23, 46, 32, 24, 13, 44, 0]]",10.158573522116058,0.20831776224076748,3.5293798379134387,0.5771259605884552,0.2274098165898304,0.7406516394134979,0.8486372041949894,0.885555587387115,1.1386610269546509
0.0,0.0,3,True,146664,5,"[[0, 44, 50, 38, 37, 1, 41, 11, 15, 3, 14, 0], [0, 19, 18, 21, 29, 10, 23, 46, 32, 24, 13, 0], [0, 45, 12, 42, 7, 8, 34, 17, 39, 49, 27, 0], [0, 16, 35, 4, 6, 22, 5, 30, 28, 26, 33, 0], [0, 40, 25, 20, 2, 48, 43, 47, 9, 31, 36, 0]]",12.042250647209585,0.38679251660193714,3.6695663335267454,0.549705887834231,0.1998818625275729,0.8264284289463731,0.847735054872558,0.8760257633248244,1.1386610269546509
0.0,0.0,4,True,147330,5,"[[0, 36, 31, 9, 47, 43, 48, 2, 20, 25, 40, 0], [0, 45, 12, 13, 24, 32, 46, 23, 10, 29, 44, 0], [0, 14, 3, 15, 42, 11, 41, 1, 37, 38, 50, 0], [0, 21, 35, 4, 6, 22, 5, 30, 28, 26, 33, 0], [0, 27, 49, 39, 17, 34, 8, 7, 16, 18, 19, 0]]",11.229565880727023,0.20538157384842634,3.34259087825194,0.5244764178991318,0.20811581822833247,0.69599016061769,0.8522616396259519,0.8939863574593834,1.1411471366882324
0.0,0.0,5,True,147330,5,"[[0, 27, 49, 39, 48, 2, 43, 9, 47, 31, 36, 0], [0, 14, 3, 15, 42, 11, 41, 1, 37, 38, 50, 0], [0, 33, 26, 28, 30, 8, 17, 34, 7, 16, 45, 0], [0, 12, 35, 4, 6, 22, 5, 20, 25, 40, 44, 0], [0, 29, 21, 13, 24, 32, 46, 23, 10, 18, 19, 0]]",12.130376669811085,0.38226018260632244,4.191972168628126,0.5045649021863937,0.21421896232104087,1.0020169893335118,0.8440419091527194,0.8566684710547713,1.1386610269546509
0.0,0.0,6,True,147330,5,"[[0, 50, 38, 37, 1, 41, 11, 15, 3, 14, 45, 0], [0, 36, 31, 9, 47, 43, 2, 48, 39, 49, 27, 0], [0, 40, 25, 20, 5, 22, 6, 4, 35, 16, 12, 0], [0, 13, 24, 32, 46, 23, 10, 29, 21, 18, 19, 0], [0, 42, 7, 34, 17, 8, 30, 28, 26, 33, 44, 0]]",12.445109527325258,0.3964200498802321,3.6843492432963103,0.46868416915337247,0.18088696215858824,0.6404089880229014,0.8488881470206315,0.8801162888522633,1.1386610269546509
0.0,0.0,7,True,146664,5,"[[0, 19, 18, 10, 23, 46, 32, 24, 13, 21, 29, 0], [0, 33, 26, 28, 30, 5, 22, 6, 4, 35, 44, 0], [0, 12, 45, 16, 7, 8, 34, 17, 39, 49, 27, 0], [0, 40, 25, 20, 2, 48, 43, 47, 9, 31, 36, 0], [0, 14, 3, 15, 42, 11, 41, 1, 37, 38, 50, 0]]",11.373977689887397,0.363834947347641,3.3403278819750994,0.43978160123030346,0.13351978832694344,0.3376490512626326,0.8451228933299413,0.8709802451132137,1.1386610269546509
0.0,0.0,8,True,147330,5,"[[0, 14, 3, 15, 42, 11, 41, 1, 37, 38, 50, 0], [0, 12, 45, 13, 46, 23, 10, 29, 21, 18, 19, 0], [0, 32, 24, 6, 22, 5, 48, 2, 20, 25, 40, 0], [0, 36, 31, 47, 9, 43, 30, 28, 26, 33, 44, 0], [0, 27, 49, 39, 17, 34, 8, 7, 16, 4, 35, 0]]",12.257949261111207,0.37755167330133504,3.205509727122262,0.41895388066768646,0.1217961861915553,0.29611652456331294,0.8501564025267634,0.8689236396227974,1.1386610269546509
0.0,0.0,9,True,145999,5,"[[0, 14, 3, 15, 42, 41, 11, 1, 37, 38, 50, 0], [0, 27, 49, 39, 17, 34, 8, 7, 30, 21, 29, 0], [0, 12, 45, 13, 24, 32, 46, 23, 10, 18, 19, 0], [0, 44, 40, 25, 20, 35, 4, 16, 28, 26, 33, 0], [0, 6, 22, 5, 48, 2, 43, 47, 9, 31, 36, 0]]",12.558098397683352,0.22730951449450323,4.012396143749356,0.6962469428777694,0.2224008156060806,0.9807023034173639,0.8606742739181978,0.9040210456288094,1.999999761581421
1.0,0.0,0,True,183517,5,"[[0, 27, 37, 49, 39, 17, 34, 3, 14, 38, 50, 0], [0, 1, 11, 2, 48, 47, 9, 28, 30, 26, 33, 0], [0, 13, 24, 32, 46, 20, 25, 40, 31, 36, 44, 0], [0, 45, 12, 21, 18, 10, 23, 8, 7, 16, 19, 0], [0, 15, 41, 42, 5, 22, 6, 4, 35, 43, 29, 0]]",5.552156541263685,0.11246133223176003,2.0484378314577043,0.22838426986709237,0.33821661614964893,0.4548603743440169,0.7973007533244869,0.8036273581559243,0.7417120337486267
1.0,0.0,1,True,183954,5,"[[0, 13, 23, 10, 18, 21, 25, 40, 20, 12, 45, 0], [0, 50, 38, 14, 3, 15, 41, 11, 42, 1, 44, 0], [0, 29, 43, 35, 4, 6, 22, 5, 46, 32, 24, 0], [0, 36, 31, 48, 2, 47, 9, 28, 30, 26, 33, 0], [0, 19, 16, 7, 8, 34, 17, 39, 49, 37, 27, 0]]",5.9394185149576515,0.11625724853504271,1.9807843235321343,0.20110443074788367,0.2525451946082391,0.2959428118681857,0.799761060391754,0.8093221812814856,0.7417120337486267
1.0,0.0,2,True,183517,5,"[[0, 19, 16, 7, 8, 23, 10, 18, 21, 12, 45, 0], [0, 13, 24, 32, 46, 20, 25, 40, 31, 36, 44, 0], [0, 50, 38, 14, 3, 34, 17, 39, 49, 37, 27, 0], [0, 29, 43, 35, 4, 6, 22, 5, 42, 11, 1, 0], [0, 15, 41, 48, 2, 9, 47, 28, 30, 26, 33, 0]]",5.552982586901635,0.11246133223176003,2.0484378314577043,0.22838426986709237,0.3362956268122148,0.44677372503324947,0.7969116563767742,0.803507812873123,0.7417120337486267
1.0,0.0,3,True,183517,5,"[[0, 13, 24, 32, 46, 20, 25, 40, 31, 36, 44, 0], [0, 27, 37, 49, 39, 17, 34, 3, 14, 38, 50, 0], [0, 19, 16, 7, 8, 23, 10, 18, 21, 12, 45, 0], [0, 15, 41, 48, 2, 47, 9, 28, 30, 26, 33, 0], [0, 29, 43, 35, 4, 6, 22, 5, 42, 11, 1, 0]]",5.552982586901635,0.11246133223176003,2.0484378314577043,0.22838426986709237,0.3362956268122148,0.44677372503324947,0.7969116563767742,0.803507812873123,0.7417120337486267
1.0,0.0,4,True,183517,5,"[[0, 13, 24, 32, 46, 20, 25, 40, 31, 36, 44, 0], [0, 15, 41, 42, 5, 22, 6, 4, 35, 43, 29, 0], [0, 1, 11, 2, 48, 47, 9, 28, 30, 26, 33, 0], [0, 19, 16, 7, 8, 23, 10, 18, 21, 12, 45, 0], [0, 27, 37, 49, 39, 17, 34, 3, 14, 38, 50, 0]]",5.552982586901635,0.11246133223176003,2.0484378314577043,0.22838426986709237,0.33804729833600566,0.4545680634263788,0.7969116563767742,0.803507812873123,0.7417120337486267
1.0,0.0,5,True,184230,5,"[[0, 50, 38, 37, 27, 49, 39, 17, 34, 3, 14, 0], [0, 19, 16, 7, 8, 23, 10, 18, 21, 12, 45, 0], [0, 13, 24, 32, 46, 20, 25, 40, 31, 36, 44, 0], [0, 1, 11, 42, 5, 22, 6, 4, 35, 43, 29, 0], [0, 15, 41, 2, 48, 9, 47, 28, 30, 26, 33, 0]]",5.984317032853141,0.12336685322225094,2.479772277409211,0.28291187481954694,0.36971826598661095,0.6383509351547356,0.8062126629231725,0.816032696533174,0.7417120337486267
1.0,0.0,6,True,184316,5,"[[0, 44, 36, 31, 46, 32, 24, 20, 25, 40, 13, 0], [0, 19, 16, 7, 8, 23, 10, 18, 21, 12, 45, 0], [0, 15, 41, 42, 5, 22, 6, 4, 35, 43, 29, 0], [0, 33, 26, 30, 28, 47, 9, 2, 48, 11, 1, 0], [0, 27, 37, 49, 39, 17, 34, 3, 14, 38, 50, 0]]",5.4427164441440254,0.10663013423724872,2.0484378314577043,0.22838426986709237,0.35299969014170895,0.47599391264183977,0.7917624496870967,0.796522683529672,0.7417120337486267
1.0,0.0,7,True,183272,5,"[[0, 45, 12, 21, 18, 10, 23, 8, 7, 16, 19, 0], [0, 35, 4, 6, 22, 34, 17, 39, 49, 37, 27, 0], [0, 33, 26, 30, 28, 48, 2, 9, 47, 43, 29, 0], [0, 1, 42, 11, 41, 15, 3, 14, 38, 50, 44, 0], [0, 36, 31, 40, 25, 20, 5, 46, 32, 24, 13, 0]]",6.065258794580586,0.12550670905038713,2.416242938255891,0.26319804042577744,0.3835310360221871,0.7527700689168502,0.8071158880759735,0.8204764463378434,0.7417120337486267
1.0,0.0,8,True,183518,5,"[[0, 50, 38, 14, 3, 34, 17, 39, 49, 37, 27, 0], [0, 29, 43, 35, 4, 6, 22, 46, 32, 24, 13, 0], [0, 33, 26, 30, 28, 47, 9, 2, 48, 41, 15, 0], [0, 45, 12, 21, 18, 10, 23, 8, 7, 16, 19, 0], [0, 1, 11, 42, 5, 20, 25, 40, 31, 36, 44, 0]]",5.552156541263685,0.11246133223176003,2.0484378314577043,0.22838426986709237,0.3352056256747804,0.4454597569834096,0.7973007533244869,0.8036273581559243,0.7417120337486267
1.0,0.0,9,True,185317,5,"[[0, 50, 38, 14, 3, 34, 17, 39, 49, 37, 27, 0], [0, 1, 35, 4, 43, 47, 9, 28, 30, 26, 33, 0], [0, 48, 2, 46, 32, 24, 13, 11, 42, 41, 15, 0], [0, 45, 12, 6, 22, 5, 20, 25, 40, 31, 36, 0], [0, 29, 21, 18, 10, 23, 8, 7, 16, 19, 44, 0]]",6.069802733254619,0.11956976318643206,2.0484378314577043,0.22838426986709237,0.26431625983833396,0.3308262407958537,0.8043447274593047,0.8139727941685585,0.7417120337486267
