beta,lambda_concentration,seed,is_feasible,pyvrp_cost,num_routes,routes,global_risk,global_cvar90,max_vehicle_risk,max_vehicle_cvar90,vehicle_risk_gini,risk_variance,edge_burden_gini_used,top10_burden_share,max_edge_burden
0.0,0.0,0,True,133997,5,"[[0, 14, 42, 41, 1, 45, 11, 15, 3, 16, 48, 0], [0, 18, 32, 4, 29, 19, 6, 24, 40, 20, 44, 0], [0, 27, 35, 5, 36, 28, 26, 23, 30, 12, 49, 0], [0, 46, 22, 7, 8, 43, 33, 34, 2, 25, 39, 0], [0, 17, 13, 10, 37, 50, 38, 31, 9, 47, 21, 0]]",7.850242930435343,0.23499939646571874,2.088346923002973,0.3180368832933406,0.08853011420536894,0.07554659306600478,0.8679131847067934,0.8935055362016502,1.039939045906067
0.0,0.0,1,True,133997,5,"[[0, 17, 13, 10, 37, 50, 38, 31, 9, 47, 21, 0], [0, 18, 32, 4, 29, 6, 19, 24, 40, 20, 44, 0], [0, 14, 42, 41, 1, 11, 45, 15, 3, 16, 48, 0], [0, 46, 22, 7, 8, 43, 33, 34, 2, 25, 39, 0], [0, 27, 35, 5, 36, 28, 26, 23, 30, 12, 49, 0]]",7.850242930435343,0.23499939646571874,2.088346923002973,0.3180368832933406,0.08853011420536894,0.07554659306600478,0.8679131847067934,0.8935055362016502,1.039939045906067
0.0,0.0,2,True,133998,5,"[[0, 16, 3, 15, 45, 11, 1, 41, 42, 14, 48, 0], [0, 25, 2, 34, 33, 43, 8, 7, 22, 46, 39, 0], [0, 38, 31, 9, 47, 21, 27, 23, 30, 49, 12, 0], [0, 26, 28, 36, 5, 35, 10, 37, 50, 13, 17, 0], [0, 44, 20, 40, 24, 6, 19, 29, 4, 32, 18, 0]]",10.266844737197971,0.3491612203695156,2.912761243060231,0.4812773525714874,0.17843762856406076,0.42441167876425306,0.8726260250008175,0.904053540043617,1.039939045906067
0.0,0.0,3,True,133998,5,"[[0, 12, 49, 30, 23, 26, 28, 36, 5, 20, 44, 0], [0, 14, 42, 41, 1, 45, 11, 15, 3, 16, 48, 0], [0, 27, 35, 10, 37, 50, 38, 31, 9, 47, 21, 0], [0, 25, 2, 34, 33, 43, 8, 7, 22, 46, 39, 0], [0, 18, 32, 4, 29, 19, 6, 24, 40, 13, 17, 0]]",7.446947032673052,0.2219761822372675,2.159307518741116,0.2464469597907737,0.1495264914453276,0.16901127847969882,0.8699037562838019,0.8917811066025824,1.039939045906067
0.0,0.0,4,True,133997,5,"[[0, 48, 14, 42, 41, 1, 45, 11, 15, 3, 16, 0], [0, 44, 20, 40, 24, 19, 6, 4, 32, 29, 12, 0], [0, 25, 2, 34, 33, 43, 8, 7, 22, 46, 39, 0], [0, 27, 35, 5, 36, 28, 26, 23, 30, 18, 49, 0], [0, 17, 13, 10, 37, 50, 38, 31, 9, 47, 21, 0]]",8.621741138835205,0.25270188945315536,3.102483988914173,0.5819867312908172,0.19683497449992848,0.5007398536716393,0.8835909487242914,0.9054744116102772,1.7507572174072266
0.0,0.0,5,True,133999,5,"[[0, 16, 3, 14, 42, 41, 1, 45, 39, 11, 15, 0], [0, 18, 32, 4, 29, 6, 19, 24, 40, 20, 44, 0], [0, 25, 2, 34, 33, 35, 10, 37, 50, 13, 17, 0], [0, 46, 22, 7, 8, 43, 5, 36, 28, 26, 12, 0], [0, 48, 38, 31, 9, 47, 21, 27, 23, 30, 49, 0]]",10.14382905032835,0.34453098103404045,2.5856676197145134,0.41963405651040375,0.09548055361367602,0.12310176726582653,0.8701491691030891,0.8980623606306237,1.039939045906067
0.0,0.0,6,True,133997,5,"[[0, 16, 3, 14, 42, 41, 1, 45, 11, 39, 48, 0], [0, 15, 46, 22, 7, 8, 43, 17, 13, 18, 49, 0], [0, 27, 35, 10, 37, 50, 38, 31, 9, 47, 21, 0], [0, 12, 29, 4, 32, 6, 19, 24, 40, 20, 44, 0], [0, 25, 2, 34, 33, 5, 36, 28, 26, 23, 30, 0]]",8.807409446075326,0.25899496461234744,2.1338234791182913,0.46577067114412785,0.12359283151092648,0.1714483478828469,0.888150554863357,0.9124922242301947,1.7507572174072266
0.0,0.0,7,True,133998,5,"[[0, 13, 17, 43, 33, 34, 5, 2, 25, 45, 11, 0], [0, 16, 1, 41, 42, 12, 49, 14, 3, 15, 48, 0], [0, 44, 20, 40, 24, 19, 6, 29, 4, 32, 18, 0], [0, 30, 23, 26, 28, 36, 8, 7, 22, 46, 39, 0], [0, 21, 47, 9, 31, 38, 50, 37, 10, 35, 27, 0]]",9.09269875776954,0.24453418436186278,2.652098560356535,0.3905004727033277,0.19803133437862708,0.4375349761756143,0.8694259310330479,0.8996978887026719,1.039939045906067
0.0,0.0,8,True,133998,5,"[[0, 48, 14, 42, 41, 1, 45, 11, 15, 3, 16, 0], [0, 49, 18, 12, 29, 32, 4, 6, 19, 24, 40, 0], [0, 44, 20, 34, 33, 5, 36, 28, 26, 23, 30, 0], [0, 17, 13, 37, 10, 35, 22, 43, 8, 7, 46, 0], [0, 27, 21, 47, 9, 31, 38, 50, 2, 25, 39, 0]]",8.539432208955986,0.29579991177440834,2.5318294593016617,0.45586168467998506,0.14769653833925656,0.2211021959199328,0.8827214114240134,0.8995923628470798,1.7507572174072266
0.0,0.0,9,True,133997,5,"[[0, 48, 15, 45, 11, 1, 41, 42, 14, 3, 16, 0], [0, 27, 35, 5, 36, 28, 26, 23, 30, 12, 49, 0], [0, 21, 47, 9, 31, 38, 50, 37, 10, 13, 17, 0], [0, 25, 2, 34, 33, 43, 8, 7, 22, 46, 39, 0], [0, 44, 20, 40, 24, 6, 19, 29, 4, 32, 18, 0]]",7.897286813909886,0.25346819065245135,2.5185991952894256,0.3905004727033277,0.15766765882096245,0.24476504635018675,0.8736052227161577,0.8985843211176114,1.039939045906067
1.5,1.0,0,True,181768,5,"[[0, 36, 50, 38, 31, 9, 43, 8, 7, 22, 46, 0], [0, 48, 27, 21, 47, 32, 39, 45, 25, 11, 15, 0], [0, 49, 40, 37, 10, 35, 18, 34, 33, 5, 20, 0], [0, 42, 14, 3, 16, 1, 2, 28, 26, 23, 30, 0], [0, 13, 17, 44, 29, 4, 41, 24, 6, 19, 12, 0]]",2.352056262534461,0.04067011368580353,1.145842719648499,0.11809767433442175,0.371398601984104,0.124697376350747,0.7352424982331371,0.6804745346581822,0.8629772067070007
1.5,1.0,1,True,181768,5,"[[0, 42, 14, 3, 16, 1, 2, 28, 26, 23, 30, 0], [0, 20, 5, 33, 34, 18, 35, 10, 37, 40, 49, 0], [0, 12, 19, 6, 24, 41, 4, 29, 44, 17, 13, 0], [0, 15, 11, 25, 45, 39, 32, 47, 21, 27, 48, 0], [0, 36, 50, 38, 31, 9, 43, 8, 7, 22, 46, 0]]",2.3379955673444783,0.04239532054477447,1.145842719648499,0.11809767433442175,0.37362162489640993,0.12568334626960698,0.7359937081419403,0.6845822696180824,0.8629772067070007
1.5,1.0,2,True,181768,5,"[[0, 15, 11, 25, 45, 39, 32, 47, 21, 27, 48, 0], [0, 49, 40, 37, 10, 35, 18, 34, 33, 5, 20, 0], [0, 30, 23, 26, 28, 2, 1, 16, 3, 14, 42, 0], [0, 46, 22, 7, 8, 43, 9, 31, 38, 50, 36, 0], [0, 12, 19, 6, 24, 41, 4, 29, 44, 17, 13, 0]]",2.3376675399631495,0.04239532054477447,1.14554557329393,0.11809767433442175,0.37358293071193827,0.1256066887711067,0.7370625909312012,0.6846783319217967,0.8629772067070007
1.5,1.0,3,True,181652,5,"[[0, 14, 3, 38, 50, 33, 34, 18, 35, 10, 37, 0], [0, 20, 5, 36, 31, 9, 43, 8, 7, 22, 46, 0], [0, 42, 16, 1, 2, 28, 26, 23, 30, 12, 49, 0], [0, 40, 6, 19, 24, 41, 4, 29, 44, 17, 13, 0], [0, 48, 27, 21, 47, 32, 39, 45, 25, 11, 15, 0]]",2.33283996625687,0.044315641266959055,1.1539690777426586,0.09626366216689348,0.3801011781710717,0.12871334891982758,0.7327022617257903,0.6791143655431082,0.8629772067070007
1.5,1.0,4,True,181613,5,"[[0, 20, 5, 36, 31, 9, 43, 8, 7, 22, 46, 0], [0, 40, 6, 19, 24, 41, 4, 29, 44, 17, 13, 0], [0, 48, 2, 28, 26, 23, 30, 12, 49, 14, 42, 0], [0, 1, 16, 11, 25, 45, 39, 32, 47, 21, 27, 0], [0, 15, 3, 38, 50, 33, 34, 18, 35, 10, 37, 0]]",2.3622075260209385,0.04416644314510955,1.1372167318768334,0.09626366216689348,0.36635604715856296,0.12167432619528604,0.7314880281320448,0.6780362317621286,0.8629772067070007
1.5,1.0,5,True,181613,5,"[[0, 37, 10, 35, 18, 34, 33, 50, 38, 3, 15, 0], [0, 42, 14, 12, 49, 30, 23, 26, 28, 2, 48, 0], [0, 13, 17, 44, 29, 4, 41, 24, 19, 6, 40, 0], [0, 27, 21, 47, 32, 39, 45, 25, 11, 16, 1, 0], [0, 46, 22, 7, 8, 43, 9, 31, 36, 5, 20, 0]]",2.3658717948710546,0.04416644314510955,1.1375138782314025,0.09626366216689348,0.36589955363726,0.12152048791111994,0.733388402458119,0.6806141046001583,0.8629772067070007
1.5,1.0,6,True,181613,5,"[[0, 37, 10, 35, 18, 34, 33, 50, 38, 3, 15, 0], [0, 46, 22, 7, 8, 43, 9, 31, 36, 5, 20, 0], [0, 40, 6, 19, 24, 41, 4, 29, 44, 17, 13, 0], [0, 48, 2, 28, 26, 23, 30, 12, 49, 14, 42, 0], [0, 1, 16, 11, 25, 45, 39, 32, 47, 21, 27, 0]]",2.362176644994179,0.04416644314510955,1.1372167318768334,0.09626366216689348,0.3663712950750895,0.12167796804180778,0.7344018858949093,0.6816787883655073,0.8629772067070007
1.5,1.0,7,True,181768,5,"[[0, 20, 5, 33, 34, 18, 35, 10, 37, 40, 49, 0], [0, 36, 50, 38, 31, 9, 43, 8, 7, 22, 46, 0], [0, 42, 14, 3, 16, 1, 2, 28, 26, 23, 30, 0], [0, 15, 11, 25, 45, 39, 32, 47, 21, 27, 48, 0], [0, 13, 17, 44, 29, 4, 41, 24, 6, 19, 12, 0]]",2.3520871435612207,0.04067011368580353,1.145842719648499,0.11809767433442175,0.37138322245547006,0.12469339738348366,0.734337110550634,0.6804656005706966,0.8629772067070007
1.5,1.0,8,True,181768,5,"[[0, 15, 11, 25, 45, 39, 32, 47, 21, 27, 48, 0], [0, 49, 40, 37, 10, 35, 18, 34, 33, 5, 20, 0], [0, 36, 50, 38, 31, 9, 43, 8, 7, 22, 46, 0], [0, 12, 19, 6, 24, 41, 4, 29, 44, 17, 13, 0], [0, 42, 14, 3, 16, 1, 2, 28, 26, 23, 30, 0]]",2.3379646863177186,0.04239532054477447,1.145842719648499,0.11809767433442175,0.3736371266877827,0.12568729042388296,0.7368540338384761,0.6845913119289057,0.8629772067070007
1.5,1.0,9,True,181652,5,"[[0, 20, 5, 36, 31, 9, 43, 8, 7, 22, 46, 0], [0, 12, 49, 30, 23, 26, 28, 2, 1, 16, 42, 0], [0, 37, 10, 35, 18, 34, 33, 50, 38, 3, 14, 0], [0, 48, 27, 21, 47, 32, 39, 45, 25, 11, 15, 0], [0, 40, 6, 19, 24, 41, 4, 29, 44, 17, 13, 0]]",2.332511938875541,0.044315641266959055,1.1536719313880894,0.09626366216689348,0.3800633096968917,0.12863549937898158,0.7359122573248864,0.6828897767818394,0.8629772067070007
