beta,lambda_concentration,seed,is_feasible,pyvrp_cost,num_routes,routes,global_risk,global_cvar90,max_vehicle_risk,max_vehicle_cvar90,vehicle_risk_gini,risk_variance,edge_burden_gini_used,top10_burden_share,max_edge_burden
0.0,0.0,0,True,133997,5,"[[0, 14, 42, 41, 1, 45, 11, 15, 3, 16, 48, 0], [0, 18, 32, 4, 29, 19, 6, 24, 40, 20, 44, 0], [0, 27, 35, 5, 36, 28, 26, 23, 30, 12, 49, 0], [0, 46, 22, 7, 8, 43, 33, 34, 2, 25, 39, 0], [0, 17, 13, 10, 37, 50, 38, 31, 9, 47, 21, 0]]",11.246162523748353,0.24698535511951622,3.235151757951826,0.392343457788229,0.11239094655208626,0.26244171600499555,0.8389731458553098,0.8870936679231716,1.3264333009719849
0.0,0.0,1,True,133997,5,"[[0, 17, 13, 10, 37, 50, 38, 31, 9, 47, 21, 0], [0, 18, 32, 4, 29, 6, 19, 24, 40, 20, 44, 0], [0, 14, 42, 41, 1, 11, 45, 15, 3, 16, 48, 0], [0, 46, 22, 7, 8, 43, 33, 34, 2, 25, 39, 0], [0, 27, 35, 5, 36, 28, 26, 23, 30, 12, 49, 0]]",11.246162523748353,0.24698535511951622,3.235151757951826,0.392343457788229,0.11239094655208626,0.2624417160049956,0.8389731458553098,0.8870936679231716,1.3264333009719849
0.0,0.0,2,True,133998,5,"[[0, 16, 3, 15, 45, 11, 1, 41, 42, 14, 48, 0], [0, 25, 2, 34, 33, 43, 8, 7, 22, 46, 39, 0], [0, 38, 31, 9, 47, 21, 27, 23, 30, 49, 12, 0], [0, 26, 28, 36, 5, 35, 10, 37, 50, 13, 17, 0], [0, 44, 20, 40, 24, 6, 19, 29, 4, 32, 18, 0]]",13.42135607637465,0.461513452231884,3.522649855585769,0.5598702311515809,0.15925854274276197,0.6433077789342074,0.8428154695204013,0.8643485596608109,1.3264333009719849
0.0,0.0,3,True,133998,5,"[[0, 12, 49, 30, 23, 26, 28, 36, 5, 20, 44, 0], [0, 14, 42, 41, 1, 45, 11, 15, 3, 16, 48, 0], [0, 27, 35, 10, 37, 50, 38, 31, 9, 47, 21, 0], [0, 25, 2, 34, 33, 43, 8, 7, 22, 46, 39, 0], [0, 18, 32, 4, 29, 19, 6, 24, 40, 13, 17, 0]]",10.428676456445828,0.2272060931910102,2.8768380945548415,0.2928377331958877,0.14846245082572174,0.31862653148298054,0.8380566638354059,0.8807876878814145,1.3264333009719849
0.0,0.0,4,True,133997,5,"[[0, 48, 14, 42, 41, 1, 45, 11, 15, 3, 16, 0], [0, 44, 20, 40, 24, 19, 6, 4, 32, 29, 12, 0], [0, 25, 2, 34, 33, 43, 8, 7, 22, 46, 39, 0], [0, 27, 35, 5, 36, 28, 26, 23, 30, 18, 49, 0], [0, 17, 13, 10, 37, 50, 38, 31, 9, 47, 21, 0]]",12.151072427863255,0.26297944225370884,3.764788392232731,0.8021739460527897,0.1794874561868287,0.6276426282557208,0.8547753306875201,0.897462890006143,1.999999761581421
0.0,0.0,5,True,133999,5,"[[0, 16, 3, 14, 42, 41, 1, 45, 39, 11, 15, 0], [0, 18, 32, 4, 29, 6, 19, 24, 40, 20, 44, 0], [0, 25, 2, 34, 33, 35, 10, 37, 50, 13, 17, 0], [0, 46, 22, 7, 8, 43, 5, 36, 28, 26, 12, 0], [0, 48, 38, 31, 9, 47, 21, 27, 23, 30, 49, 0]]",13.863044781144708,0.47814152045891833,3.2535017654299736,0.4427388906478882,0.09591123983115124,0.24325446446123902,0.8423104687694623,0.8602452318347271,1.3264333009719849
0.0,0.0,6,True,133997,5,"[[0, 16, 3, 14, 42, 41, 1, 45, 11, 39, 48, 0], [0, 15, 46, 22, 7, 8, 43, 17, 13, 18, 49, 0], [0, 27, 35, 10, 37, 50, 38, 31, 9, 47, 21, 0], [0, 12, 29, 4, 32, 6, 19, 24, 40, 20, 44, 0], [0, 25, 2, 34, 33, 5, 36, 28, 26, 23, 30, 0]]",12.2934697822202,0.2664628442199457,2.9948262590914965,0.5541770681738853,0.11318674537387885,0.29388154749487455,0.8607252964937782,0.9022220460096075,1.999999761581421
0.0,0.0,7,True,133998,5,"[[0, 13, 17, 43, 33, 34, 5, 2, 25, 45, 11, 0], [0, 16, 1, 41, 42, 12, 49, 14, 3, 15, 48, 0], [0, 44, 20, 40, 24, 19, 6, 29, 4, 32, 18, 0], [0, 30, 23, 26, 28, 36, 8, 7, 22, 46, 39, 0], [0, 21, 47, 9, 31, 38, 50, 37, 10, 35, 27, 0]]",12.665360222803429,0.2575392175879743,3.713857145514339,0.48624865284987856,0.1866985599493569,0.7061870522472031,0.8414654975024947,0.8678408355842931,1.3264333009719849
0.0,0.0,8,True,133998,5,"[[0, 48, 14, 42, 41, 1, 45, 11, 15, 3, 16, 0], [0, 49, 18, 12, 29, 32, 4, 6, 19, 24, 40, 0], [0, 44, 20, 34, 33, 5, 36, 28, 26, 23, 30, 0], [0, 17, 13, 37, 10, 35, 22, 43, 8, 7, 46, 0], [0, 27, 21, 47, 9, 31, 38, 50, 2, 25, 39, 0]]",12.29150002123788,0.24874211500088375,3.5796076571568847,0.6306487083435058,0.12453847204131452,0.3630537585704139,0.8532196005871333,0.8943900386864316,1.999999761581421
0.0,0.0,9,True,133997,5,"[[0, 48, 15, 45, 11, 1, 41, 42, 14, 3, 16, 0], [0, 27, 35, 5, 36, 28, 26, 23, 30, 12, 49, 0], [0, 21, 47, 9, 31, 38, 50, 37, 10, 13, 17, 0], [0, 25, 2, 34, 33, 43, 8, 7, 22, 46, 39, 0], [0, 44, 20, 40, 24, 6, 19, 29, 4, 32, 18, 0]]",10.433224781183526,0.2388262087240433,3.223869594745338,0.392343457788229,0.14522896620027148,0.36253031804899083,0.8401316547613418,0.8822029943508404,1.3264333009719849
1.0,0.0,0,True,162892,5,"[[0, 14, 3, 38, 50, 36, 31, 9, 47, 21, 27, 0], [0, 30, 23, 26, 28, 2, 25, 45, 11, 16, 15, 0], [0, 1, 39, 32, 4, 29, 19, 6, 24, 41, 42, 0], [0, 46, 22, 7, 8, 43, 5, 33, 34, 18, 35, 0], [0, 20, 44, 17, 13, 37, 10, 40, 49, 12, 48, 0]]",5.543526458321139,0.1317020608394435,1.7597553604282439,0.1870480477809906,0.18743179004588306,0.14441526868334173,0.7765176728891234,0.7866656290105186,0.9193431735038757
1.0,0.0,1,True,162880,5,"[[0, 27, 35, 18, 34, 33, 5, 50, 38, 3, 14, 0], [0, 12, 49, 40, 10, 37, 13, 17, 44, 20, 48, 0], [0, 21, 47, 9, 31, 36, 7, 8, 43, 22, 46, 0], [0, 1, 39, 32, 4, 29, 19, 6, 24, 41, 42, 0], [0, 30, 23, 26, 28, 2, 25, 45, 11, 16, 15, 0]]",5.232132696546614,0.12236825794433102,1.7597553604282439,0.1870480477809906,0.223652151737888,0.18327517491154344,0.7661855687184607,0.7746145726403297,0.9193431735038757
1.0,0.0,2,True,163201,5,"[[0, 12, 49, 30, 23, 26, 28, 2, 25, 45, 1, 0], [0, 42, 41, 24, 6, 19, 29, 4, 32, 47, 21, 0], [0, 14, 3, 16, 20, 44, 17, 13, 37, 10, 27, 0], [0, 46, 22, 7, 8, 43, 33, 34, 18, 35, 48, 0], [0, 40, 9, 31, 36, 5, 50, 38, 39, 11, 15, 0]]",5.1170270862057805,0.11544959466246997,1.7760311965830624,0.18744171876460314,0.2624830933518898,0.23760614908908478,0.7655651747302976,0.7701614707337766,0.9193431735038757
1.0,0.0,3,True,162820,5,"[[0, 40, 9, 31, 38, 50, 43, 8, 7, 22, 46, 0], [0, 30, 23, 26, 28, 2, 25, 45, 11, 39, 1, 0], [0, 15, 16, 3, 14, 42, 41, 24, 6, 19, 49, 0], [0, 12, 13, 17, 44, 29, 4, 32, 47, 21, 27, 0], [0, 20, 36, 5, 33, 34, 18, 35, 10, 37, 48, 0]]",4.239275072934106,0.07648886814713478,1.364415027666837,0.159890528768301,0.29857165168039357,0.2277175891565688,0.7244448650522246,0.7216268570862563,0.9193431735038757
1.0,0.0,4,True,163343,5,"[[0, 48, 1, 11, 45, 25, 2, 28, 26, 23, 30, 0], [0, 12, 40, 9, 31, 36, 7, 8, 43, 22, 46, 0], [0, 39, 38, 50, 34, 33, 5, 20, 44, 17, 13, 0], [0, 49, 19, 6, 24, 41, 42, 14, 3, 16, 15, 0], [0, 27, 21, 47, 29, 4, 32, 18, 35, 10, 37, 0]]",5.178040234139189,0.10313131851263535,1.380632733926177,0.1235928266412682,0.18131524551149303,0.13060026087069693,0.7692084521780138,0.7782355129662063,0.9193431735038757
1.0,0.0,5,True,162996,5,"[[0, 48, 30, 23, 26, 28, 2, 25, 45, 11, 1, 0], [0, 14, 3, 16, 20, 44, 17, 13, 37, 10, 40, 0], [0, 27, 35, 18, 34, 33, 43, 8, 7, 22, 46, 0], [0, 42, 41, 24, 19, 6, 29, 4, 32, 39, 15, 0], [0, 49, 12, 36, 5, 50, 38, 31, 9, 47, 21, 0]]",4.953314091311768,0.1045531780562467,1.7344112407881767,0.1870480477809906,0.2367829028033559,0.19362151094083552,0.7557550270123288,0.7626195432165009,0.9193431735038757
1.0,0.0,6,True,161999,5,"[[0, 14, 3, 16, 20, 44, 29, 47, 21, 27, 48, 0], [0, 49, 12, 30, 23, 26, 28, 2, 25, 45, 1, 0], [0, 46, 22, 7, 8, 43, 5, 50, 38, 17, 13, 0], [0, 15, 11, 39, 32, 4, 6, 19, 24, 41, 42, 0], [0, 37, 10, 35, 18, 34, 33, 36, 31, 9, 40, 0]]",5.150454827584326,0.09963215542957186,1.7154187259729952,0.1870480477809906,0.249233171785757,0.2167290455978071,0.7662581656009744,0.7714338542502011,0.9193431735038757
1.0,0.0,7,True,162880,5,"[[0, 27, 35, 18, 34, 33, 5, 50, 38, 3, 14, 0], [0, 46, 22, 43, 8, 7, 36, 31, 9, 47, 21, 0], [0, 42, 41, 24, 19, 6, 29, 4, 32, 39, 1, 0], [0, 48, 20, 44, 17, 13, 10, 37, 40, 49, 12, 0], [0, 30, 23, 26, 28, 2, 25, 45, 11, 16, 15, 0]]",5.232132696546614,0.12236825794433102,1.7597553604282439,0.1870480477809906,0.223652151737888,0.18327517491154346,0.7661855687184607,0.7746145726403297,0.9193431735038757
1.0,0.0,8,True,163176,5,"[[0, 40, 9, 31, 36, 7, 8, 43, 22, 46, 39, 0], [0, 27, 10, 37, 13, 17, 44, 20, 16, 15, 48, 0], [0, 35, 18, 34, 33, 5, 50, 38, 3, 14, 42, 0], [0, 1, 41, 24, 19, 6, 29, 4, 32, 47, 21, 0], [0, 12, 49, 30, 23, 26, 28, 2, 25, 45, 11, 0]]",4.802542563993484,0.10639031538191963,1.4195545511320233,0.1409081988967955,0.18578584154738875,0.10369462509384628,0.7545093558508824,0.7578604933082143,0.9193431735038757
1.0,0.0,9,True,162880,5,"[[0, 30, 23, 26, 28, 2, 25, 45, 11, 16, 15, 0], [0, 27, 35, 18, 34, 33, 5, 50, 38, 3, 14, 0], [0, 46, 22, 43, 8, 7, 36, 31, 9, 47, 21, 0], [0, 1, 39, 32, 4, 29, 6, 19, 24, 41, 42, 0], [0, 12, 49, 40, 37, 10, 13, 17, 44, 20, 48, 0]]",5.232132696546614,0.12236825794433102,1.7597553604282439,0.1870480477809906,0.223652151737888,0.1832751749115434,0.7661855687184607,0.7746145726403297,0.9193431735038757
