beta,lambda_concentration,seed,is_feasible,pyvrp_cost,num_routes,routes,global_risk,global_cvar90,max_vehicle_risk,max_vehicle_cvar90,vehicle_risk_gini,risk_variance,edge_burden_gini_used,top10_burden_share,max_edge_burden
0.0,0.0,0,True,133997,5,"[[0, 14, 42, 41, 1, 45, 11, 15, 3, 16, 48, 0], [0, 18, 32, 4, 29, 19, 6, 24, 40, 20, 44, 0], [0, 27, 35, 5, 36, 28, 26, 23, 30, 12, 49, 0], [0, 46, 22, 7, 8, 43, 33, 34, 2, 25, 39, 0], [0, 17, 13, 10, 37, 50, 38, 31, 9, 47, 21, 0]]",7.306507981353207,0.22655906412622023,2.0632092889863998,0.31922764362146455,0.10991024039505115,0.1009150052566494,0.8672402784175528,0.8956714009163251,0.8627427220344543
0.0,0.0,1,True,133997,5,"[[0, 17, 13, 10, 37, 50, 38, 31, 9, 47, 21, 0], [0, 18, 32, 4, 29, 6, 19, 24, 40, 20, 44, 0], [0, 14, 42, 41, 1, 11, 45, 15, 3, 16, 48, 0], [0, 46, 22, 7, 8, 43, 33, 34, 2, 25, 39, 0], [0, 27, 35, 5, 36, 28, 26, 23, 30, 12, 49, 0]]",7.306507981353207,0.22655906412622023,2.0632092889863998,0.31922764362146455,0.10991024039505115,0.10091500525664938,0.8672402784175528,0.8956714009163251,0.8627427220344543
0.0,0.0,2,True,133998,5,"[[0, 16, 3, 15, 45, 11, 1, 41, 42, 14, 48, 0], [0, 25, 2, 34, 33, 43, 8, 7, 22, 46, 39, 0], [0, 38, 31, 9, 47, 21, 27, 23, 30, 49, 12, 0], [0, 26, 28, 36, 5, 35, 10, 37, 50, 13, 17, 0], [0, 44, 20, 40, 24, 6, 19, 29, 4, 32, 18, 0]]",8.993415865435963,0.31531712928643596,2.5505392951890826,0.42687448263168337,0.17071063705040745,0.3067487416582141,0.8691007912221984,0.8926433810954327,0.8627427220344543
0.0,0.0,3,True,133998,5,"[[0, 12, 49, 30, 23, 26, 28, 36, 5, 20, 44, 0], [0, 14, 42, 41, 1, 45, 11, 15, 3, 16, 48, 0], [0, 27, 35, 10, 37, 50, 38, 31, 9, 47, 21, 0], [0, 25, 2, 34, 33, 43, 8, 7, 22, 46, 39, 0], [0, 18, 32, 4, 29, 19, 6, 24, 40, 13, 17, 0]]",6.825338289694628,0.20996708037524386,2.068330108653754,0.23964537563733757,0.17247180011543506,0.18859355764395686,0.8666958517535843,0.8908389537932343,0.8627427220344543
0.0,0.0,4,True,133997,5,"[[0, 48, 14, 42, 41, 1, 45, 11, 15, 3, 16, 0], [0, 44, 20, 40, 24, 19, 6, 4, 32, 29, 12, 0], [0, 25, 2, 34, 33, 43, 8, 7, 22, 46, 39, 0], [0, 27, 35, 5, 36, 28, 26, 23, 30, 18, 49, 0], [0, 17, 13, 10, 37, 50, 38, 31, 9, 47, 21, 0]]",7.906195152405417,0.23902928338696558,3.090358188492246,0.5735355257987976,0.217885752617051,0.5807669259997903,0.8816903673661245,0.9047971873717301,1.7214508056640625
0.0,0.0,5,True,133999,5,"[[0, 16, 3, 14, 42, 41, 1, 45, 39, 11, 15, 0], [0, 18, 32, 4, 29, 6, 19, 24, 40, 20, 44, 0], [0, 25, 2, 34, 33, 35, 10, 37, 50, 13, 17, 0], [0, 46, 22, 7, 8, 43, 5, 36, 28, 26, 12, 0], [0, 48, 38, 31, 9, 47, 21, 27, 23, 30, 49, 0]]",9.323410168639384,0.3167110521484304,2.1872439038706943,0.3314614653587341,0.08693551305555114,0.09565947317426762,0.8679359987259239,0.8878422142402814,0.8627427220344543
0.0,0.0,6,True,133997,5,"[[0, 16, 3, 14, 42, 41, 1, 45, 11, 39, 48, 0], [0, 15, 46, 22, 7, 8, 43, 17, 13, 18, 49, 0], [0, 27, 35, 10, 37, 50, 38, 31, 9, 47, 21, 0], [0, 12, 29, 4, 32, 6, 19, 24, 40, 20, 44, 0], [0, 25, 2, 34, 33, 5, 36, 28, 26, 23, 30, 0]]",8.29454114274995,0.2522282230357329,2.0800424060289515,0.43985346145927906,0.1393874350542459,0.19172867593526616,0.8883871981050828,0.9143194304850156,1.7214508056640625
0.0,0.0,7,True,133998,5,"[[0, 13, 17, 43, 33, 34, 5, 2, 25, 45, 11, 0], [0, 16, 1, 41, 42, 12, 49, 14, 3, 15, 48, 0], [0, 44, 20, 40, 24, 19, 6, 29, 4, 32, 18, 0], [0, 30, 23, 26, 28, 36, 8, 7, 22, 46, 39, 0], [0, 21, 47, 9, 31, 38, 50, 37, 10, 35, 27, 0]]",8.41130976563727,0.23296495984223756,2.4956649447558448,0.3278925148770213,0.19405950514862336,0.33421941221280527,0.8675071741984839,0.8965326866382778,0.8627427220344543
0.0,0.0,8,True,133998,5,"[[0, 48, 14, 42, 41, 1, 45, 11, 15, 3, 16, 0], [0, 49, 18, 12, 29, 32, 4, 6, 19, 24, 40, 0], [0, 44, 20, 34, 33, 5, 36, 28, 26, 23, 30, 0], [0, 17, 13, 37, 10, 35, 22, 43, 8, 7, 46, 0], [0, 27, 21, 47, 9, 31, 38, 50, 2, 25, 39, 0]]",7.956086178513942,0.21912562220611356,2.4492002077167854,0.4373156726360321,0.16080191042138248,0.23653294828352828,0.8811436485080115,0.9017304164454303,1.7214508056640625
0.0,0.0,9,True,133997,5,"[[0, 48, 15, 45, 11, 1, 41, 42, 14, 3, 16, 0], [0, 27, 35, 5, 36, 28, 26, 23, 30, 12, 49, 0], [0, 21, 47, 9, 31, 38, 50, 37, 10, 13, 17, 0], [0, 25, 2, 34, 33, 43, 8, 7, 22, 46, 39, 0], [0, 44, 20, 40, 24, 6, 19, 29, 4, 32, 18, 0]]",6.932914339704439,0.2294425577339199,2.1123081675032154,0.3278925148770213,0.13840567415148208,0.14545065105780516,0.8692131418479827,0.8947745718237915,0.8627427220344543
1.0,0.0,0,True,160101,5,"[[0, 27, 21, 47, 29, 32, 4, 6, 19, 24, 41, 0], [0, 40, 9, 31, 36, 7, 8, 43, 22, 46, 1, 0], [0, 39, 38, 50, 5, 33, 34, 18, 35, 10, 37, 0], [0, 48, 30, 23, 26, 28, 2, 25, 11, 45, 15, 0], [0, 42, 14, 3, 16, 20, 44, 17, 13, 12, 49, 0]]",3.22447318151535,0.06909761451990218,1.2514070338802412,0.1538219449243375,0.35099925736446913,0.1689228010720788,0.8065119821531088,0.7902205518050168,0.8069330453872681
1.0,0.0,1,True,160525,5,"[[0, 1, 41, 24, 19, 6, 4, 32, 29, 47, 21, 0], [0, 42, 14, 3, 9, 31, 38, 50, 5, 40, 49, 0], [0, 27, 10, 37, 13, 17, 44, 20, 16, 15, 48, 0], [0, 45, 11, 39, 25, 2, 28, 26, 23, 30, 12, 0], [0, 35, 18, 34, 33, 36, 7, 8, 43, 22, 46, 0]]",3.2977696115121944,0.07721564058652695,0.9790524394484237,0.14022701109449068,0.2324895303153922,0.08050659202324871,0.8080893926051891,0.7956281169791056,0.8069330453872681
1.0,0.0,2,True,160101,5,"[[0, 48, 15, 45, 11, 25, 2, 28, 26, 23, 30, 0], [0, 41, 24, 19, 6, 4, 32, 29, 47, 21, 27, 0], [0, 40, 9, 31, 36, 7, 8, 43, 22, 46, 1, 0], [0, 39, 38, 50, 5, 33, 34, 18, 35, 10, 37, 0], [0, 49, 12, 13, 17, 44, 20, 16, 3, 14, 42, 0]]",3.22404787967389,0.06909761451990218,1.2514070338802412,0.1538219449243375,0.3510455596019295,0.16895449882289465,0.8067360227063407,0.790324794132794,0.8069330453872681
1.0,0.0,3,True,160552,5,"[[0, 48, 40, 5, 50, 38, 31, 9, 47, 21, 27, 0], [0, 1, 41, 24, 19, 6, 29, 4, 32, 39, 11, 0], [0, 46, 22, 43, 8, 7, 36, 33, 34, 18, 35, 0], [0, 15, 45, 25, 2, 28, 26, 23, 30, 12, 49, 0], [0, 10, 37, 13, 17, 44, 20, 16, 3, 14, 42, 0]]",3.416396813103347,0.07655469809348385,0.9974885487463325,0.11074266272286575,0.2015783841997083,0.06380758777962459,0.8116039467219989,0.8031667547314548,0.8069330453872681
1.0,0.0,4,True,160149,5,"[[0, 40, 5, 36, 33, 34, 18, 35, 10, 37, 48, 0], [0, 41, 24, 19, 6, 4, 32, 29, 47, 21, 27, 0], [0, 15, 3, 16, 42, 14, 49, 13, 17, 44, 20, 0], [0, 1, 11, 45, 25, 2, 28, 26, 23, 30, 12, 0], [0, 46, 22, 7, 8, 43, 50, 38, 31, 9, 39, 0]]",3.5477419603412272,0.10295235006897538,1.2514070338802412,0.1538219449243375,0.2809892088977364,0.13111883780575168,0.8104726151287518,0.8017156700819623,0.8069330453872681
1.0,0.0,5,True,160101,5,"[[0, 49, 12, 13, 17, 44, 20, 16, 3, 14, 42, 0], [0, 37, 10, 35, 18, 34, 33, 5, 50, 38, 39, 0], [0, 41, 24, 19, 6, 4, 32, 29, 47, 21, 27, 0], [0, 15, 45, 11, 25, 2, 28, 26, 23, 30, 48, 0], [0, 1, 46, 22, 43, 8, 7, 36, 31, 9, 40, 0]]",3.224359835134237,0.06909761451990218,1.2514070338802412,0.1538219449243375,0.3509341964272883,0.1688910456880773,0.8083834182473832,0.7925676307910164,0.8069330453872681
1.0,0.0,6,True,160603,5,"[[0, 27, 35, 18, 34, 33, 5, 36, 31, 9, 39, 0], [0, 21, 47, 29, 32, 4, 6, 19, 24, 41, 1, 0], [0, 46, 22, 7, 8, 43, 50, 38, 3, 14, 42, 0], [0, 40, 10, 37, 13, 17, 44, 20, 16, 15, 48, 0], [0, 45, 11, 25, 2, 28, 26, 23, 30, 12, 49, 0]]",3.3965797106939135,0.08250391251887336,0.9890343889710493,0.11385371695671763,0.2057680160934423,0.0670744813531631,0.816717745555235,0.8033727675502029,0.8069330453872681
1.0,0.0,7,True,160101,5,"[[0, 49, 12, 13, 17, 44, 20, 16, 3, 14, 42, 0], [0, 40, 9, 31, 36, 7, 8, 43, 22, 46, 1, 0], [0, 37, 10, 35, 18, 34, 33, 5, 50, 38, 39, 0], [0, 48, 15, 45, 11, 25, 2, 28, 26, 23, 30, 0], [0, 41, 24, 19, 6, 4, 32, 29, 47, 21, 27, 0]]",3.224359835134237,0.06909761451990218,1.2514070338802412,0.1538219449243375,0.3509341964272883,0.1688910456880773,0.8083834182473832,0.7925676307910164,0.8069330453872681
1.0,0.0,8,True,160101,5,"[[0, 40, 9, 31, 36, 7, 8, 43, 22, 46, 1, 0], [0, 41, 24, 19, 6, 4, 32, 29, 47, 21, 27, 0], [0, 30, 23, 26, 28, 2, 25, 11, 45, 15, 48, 0], [0, 49, 12, 13, 17, 44, 20, 16, 3, 14, 42, 0], [0, 37, 10, 35, 18, 34, 33, 5, 50, 38, 39, 0]]",3.224359835134237,0.06909761451990218,1.2514070338802412,0.1538219449243375,0.3509341964272883,0.1688910456880773,0.8083834182473832,0.7925676307910164,0.8069330453872681
1.0,0.0,9,True,160101,5,"[[0, 15, 45, 11, 25, 2, 28, 26, 23, 30, 49, 0], [0, 12, 13, 17, 44, 20, 16, 3, 14, 42, 48, 0], [0, 39, 38, 50, 5, 33, 34, 18, 35, 10, 37, 0], [0, 41, 24, 19, 6, 4, 32, 29, 47, 21, 27, 0], [0, 40, 9, 31, 36, 7, 8, 43, 22, 46, 1, 0]]",3.22404787967389,0.06909761451990218,1.2514070338802412,0.1538219449243375,0.35015758919792606,0.16745691998181392,0.8067360227063407,0.790324794132794,0.8069330453872681
