beta,lambda_concentration,seed,is_feasible,pyvrp_cost,num_routes,routes,global_risk,global_cvar90,max_vehicle_risk,max_vehicle_cvar90,vehicle_risk_gini,risk_variance,edge_burden_gini_used,top10_burden_share,max_edge_burden
0.0,0.0,0,True,145999,5,"[[0, 44, 14, 3, 15, 41, 11, 1, 37, 38, 50, 0], [0, 42, 7, 8, 34, 17, 9, 47, 43, 26, 33, 0], [0, 45, 12, 13, 24, 32, 46, 23, 10, 18, 19, 0], [0, 40, 25, 20, 35, 4, 16, 28, 30, 21, 29, 0], [0, 36, 31, 6, 22, 2, 48, 5, 39, 49, 27, 0]]",9.304206304484978,0.27423489586480204,3.5525758527219296,0.5367382789651552,0.31414554661907657,1.1371541617423575,0.8844402927208679,0.9071251476435106,1.2353312969207764
0.0,0.0,1,True,146666,5,"[[0, 6, 22, 2, 48, 5, 43, 9, 47, 31, 36, 0], [0, 12, 45, 13, 24, 32, 46, 23, 10, 18, 19, 0], [0, 27, 49, 39, 17, 34, 8, 7, 30, 21, 29, 0], [0, 33, 26, 28, 16, 4, 35, 20, 25, 40, 44, 0], [0, 1, 11, 41, 42, 15, 3, 14, 38, 37, 50, 0]]",10.586332877457608,0.31523784238003916,3.3302350961603224,0.5149009719491004,0.28832839183967707,1.3443941132275286,0.8955269659202134,0.9196853836450749,1.8932515382766724
0.0,0.0,2,True,146664,5,"[[0, 27, 49, 39, 17, 34, 8, 7, 16, 12, 45, 0], [0, 35, 4, 6, 22, 5, 43, 47, 9, 31, 36, 0], [0, 33, 26, 28, 30, 48, 2, 20, 25, 40, 19, 0], [0, 14, 3, 15, 42, 41, 11, 1, 37, 38, 50, 0], [0, 29, 21, 18, 10, 23, 46, 32, 24, 13, 44, 0]]",8.907372220681282,0.2899201210322125,4.177895395667292,0.7372518181800842,0.37891320353207925,1.6781792348188607,0.8878092103083912,0.9099005752799193,1.2353312969207764
0.0,0.0,3,True,147331,5,"[[0, 44, 50, 38, 37, 1, 41, 15, 3, 14, 12, 0], [0, 29, 21, 18, 10, 23, 46, 32, 24, 13, 45, 0], [0, 36, 31, 9, 47, 43, 48, 2, 39, 49, 27, 0], [0, 33, 26, 28, 30, 8, 17, 34, 7, 42, 11, 0], [0, 16, 35, 4, 6, 22, 5, 20, 25, 40, 19, 0]]",10.15553469475708,0.3017530894327548,3.833121847594157,0.5366484473148981,0.33917021465222374,1.5086787104586366,0.8867335089993726,0.9150816572037164,1.2353312969207764
0.0,0.0,4,True,147330,5,"[[0, 36, 31, 9, 47, 43, 48, 2, 20, 25, 40, 0], [0, 45, 12, 13, 24, 32, 46, 23, 10, 29, 44, 0], [0, 14, 3, 15, 42, 11, 41, 1, 37, 38, 50, 0], [0, 21, 35, 4, 6, 22, 5, 30, 28, 26, 33, 0], [0, 27, 49, 39, 17, 34, 8, 7, 16, 18, 19, 0]]",9.123527963456581,0.2689273291297497,4.396804595016874,0.6222222546736399,0.39606458093570307,1.954005973375208,0.8843839676677483,0.9097872814427538,1.2353312969207764
0.0,0.0,5,True,147330,5,"[[0, 27, 49, 39, 48, 2, 43, 9, 47, 31, 36, 0], [0, 14, 3, 15, 42, 11, 41, 1, 37, 38, 50, 0], [0, 33, 26, 28, 30, 8, 17, 34, 7, 16, 45, 0], [0, 12, 35, 4, 6, 22, 5, 20, 25, 40, 44, 0], [0, 29, 21, 13, 24, 32, 46, 23, 10, 18, 19, 0]]",9.988327456638217,0.3251919685197728,4.053416406852193,0.5366484473148981,0.33233830934206954,1.509925067083558,0.8788857748201264,0.8876683253465011,1.2353312969207764
0.0,0.0,6,True,147330,5,"[[0, 50, 38, 37, 1, 41, 11, 15, 3, 14, 45, 0], [0, 36, 31, 9, 47, 43, 2, 48, 39, 49, 27, 0], [0, 40, 25, 20, 5, 22, 6, 4, 35, 16, 12, 0], [0, 13, 24, 32, 46, 23, 10, 29, 21, 18, 19, 0], [0, 42, 7, 34, 17, 8, 30, 28, 26, 33, 44, 0]]",10.527221538563026,0.3448945930493729,3.833121847594157,0.5366484473148981,0.3208820011250211,1.4759569647389452,0.8843600060056649,0.9138706802956287,1.2353312969207764
0.0,0.0,7,True,146664,5,"[[0, 19, 18, 10, 23, 46, 32, 24, 13, 21, 29, 0], [0, 33, 26, 28, 30, 5, 22, 6, 4, 35, 44, 0], [0, 12, 45, 16, 7, 8, 34, 17, 39, 49, 27, 0], [0, 40, 25, 20, 2, 48, 43, 47, 9, 31, 36, 0], [0, 14, 3, 15, 42, 11, 41, 1, 37, 38, 50, 0]]",9.642923086648807,0.3150496928553496,4.3998250109143555,0.6222222546736399,0.35276604276628243,1.7707137603585454,0.882351332417018,0.908596346356545,1.2353312969207764
0.0,0.0,8,True,147330,5,"[[0, 14, 3, 15, 42, 11, 41, 1, 37, 38, 50, 0], [0, 12, 45, 13, 46, 23, 10, 29, 21, 18, 19, 0], [0, 32, 24, 6, 22, 5, 48, 2, 20, 25, 40, 0], [0, 36, 31, 47, 9, 43, 30, 28, 26, 33, 44, 0], [0, 27, 49, 39, 17, 34, 8, 7, 16, 4, 35, 0]]",10.339121658034855,0.33792302411581787,3.579419189481996,0.4832953406231744,0.29698408966575784,1.2541975124944968,0.8840098585710232,0.9038696597657149,1.2353312969207764
0.0,0.0,9,True,147329,5,"[[0, 44, 14, 3, 15, 41, 11, 1, 37, 38, 50, 0], [0, 32, 24, 5, 22, 6, 4, 35, 16, 7, 42, 0], [0, 40, 25, 20, 2, 48, 43, 47, 9, 31, 36, 0], [0, 27, 49, 39, 17, 34, 8, 30, 28, 26, 33, 0], [0, 12, 45, 13, 46, 23, 10, 29, 21, 18, 19, 0]]",10.782928162981989,0.3484497642410653,4.3998250109143555,0.6222222546736399,0.32476142069528335,1.6870329985627628,0.8810907459729957,0.8955491323121854,1.2353312969207764
0.25,0.0,0,True,155966,5,"[[0, 44, 29, 10, 23, 46, 32, 24, 13, 12, 45, 0], [0, 19, 18, 21, 4, 35, 20, 25, 40, 31, 36, 0], [0, 30, 28, 16, 7, 8, 34, 17, 39, 49, 27, 0], [0, 14, 3, 15, 41, 11, 42, 1, 37, 38, 50, 0], [0, 33, 26, 47, 9, 43, 5, 2, 48, 22, 6, 0]]",8.09118937238236,0.24225519113242627,3.8875889478367753,0.45476900413632393,0.3921249055952536,1.5535966874625404,0.8773890701656566,0.8947617157608801,1.2353312969207764
0.25,0.0,1,True,156587,5,"[[0, 30, 28, 16, 7, 8, 34, 17, 39, 49, 27, 0], [0, 33, 26, 43, 9, 47, 48, 2, 5, 22, 6, 0], [0, 44, 29, 10, 23, 46, 32, 24, 13, 12, 45, 0], [0, 1, 41, 11, 42, 15, 3, 14, 38, 37, 50, 0], [0, 36, 31, 40, 25, 20, 35, 4, 21, 18, 19, 0]]",7.435677450237563,0.23584450847868407,3.2342174139921553,0.3701243981719017,0.35649353029788156,1.0294009301420475,0.8762235036270072,0.8878210374186204,1.2353312969207764
0.25,0.0,2,True,156478,5,"[[0, 48, 2, 5, 22, 6, 4, 35, 20, 25, 40, 0], [0, 27, 49, 39, 17, 34, 9, 47, 43, 26, 33, 0], [0, 45, 12, 30, 28, 16, 7, 8, 23, 10, 29, 0], [0, 50, 38, 37, 1, 11, 42, 41, 15, 3, 14, 0], [0, 19, 18, 21, 13, 24, 32, 46, 31, 36, 44, 0]]",7.949721035984112,0.21772991188547827,2.7964378375327215,0.4339772090315819,0.31167658157009415,0.7784672144145236,0.8857686846479622,0.8992649288692687,1.2353312969207764
0.25,0.0,3,True,155921,5,"[[0, 36, 31, 40, 25, 20, 35, 4, 21, 18, 19, 0], [0, 44, 29, 10, 23, 46, 32, 24, 13, 12, 45, 0], [0, 30, 28, 16, 7, 8, 34, 17, 39, 49, 27, 0], [0, 14, 3, 15, 41, 42, 11, 1, 37, 38, 50, 0], [0, 6, 22, 5, 2, 48, 9, 47, 43, 26, 33, 0]]",7.436039681866532,0.23584450847868407,3.2342174139921553,0.3701243981719017,0.35647616443678865,1.0293075403399583,0.8755564931167594,0.8877777890129668,1.2353312969207764
0.25,0.0,4,True,155921,5,"[[0, 44, 29, 10, 23, 46, 32, 24, 13, 12, 45, 0], [0, 19, 18, 21, 4, 35, 20, 25, 40, 31, 36, 0], [0, 30, 28, 16, 7, 8, 34, 17, 39, 49, 27, 0], [0, 6, 22, 5, 2, 48, 9, 47, 43, 26, 33, 0], [0, 14, 3, 15, 41, 11, 42, 1, 37, 38, 50, 0]]",7.43781783853774,0.23584450847868407,3.2342174139921553,0.3701243981719017,0.3562953139282654,1.0288080286073535,0.8753550060606792,0.8875655482681204,1.2353312969207764
0.25,0.0,5,True,155921,5,"[[0, 6, 22, 5, 2, 48, 47, 9, 43, 26, 33, 0], [0, 36, 31, 40, 25, 20, 35, 4, 21, 18, 19, 0], [0, 14, 3, 15, 41, 11, 42, 1, 37, 38, 50, 0], [0, 45, 12, 13, 24, 32, 46, 23, 10, 29, 44, 0], [0, 30, 28, 16, 7, 8, 34, 17, 39, 49, 27, 0]]",7.436039681866532,0.23584450847868407,3.2342174139921553,0.3701243981719017,0.35647616443678865,1.0293075403399583,0.8755564931167594,0.8877777890129668,1.2353312969207764
0.25,0.0,6,True,155921,5,"[[0, 36, 31, 40, 25, 20, 35, 4, 21, 18, 19, 0], [0, 50, 38, 37, 1, 41, 11, 42, 15, 3, 14, 0], [0, 45, 12, 13, 24, 32, 46, 23, 10, 29, 44, 0], [0, 33, 26, 43, 9, 47, 48, 2, 5, 22, 6, 0], [0, 30, 28, 16, 7, 8, 34, 17, 39, 49, 27, 0]]",7.436039681866532,0.23584450847868407,3.2342174139921553,0.3701243981719017,0.35647616443678865,1.0293075403399583,0.8755564931167594,0.8877777890129668,1.2353312969207764
0.25,0.0,7,True,156854,5,"[[0, 33, 26, 9, 47, 43, 5, 2, 48, 31, 36, 0], [0, 40, 25, 20, 22, 6, 4, 35, 12, 45, 44, 0], [0, 13, 24, 32, 46, 23, 10, 29, 21, 18, 19, 0], [0, 30, 28, 16, 7, 8, 34, 17, 39, 49, 27, 0], [0, 14, 3, 15, 41, 11, 42, 1, 37, 38, 50, 0]]",8.9064143372525,0.2698459884772698,3.7028549732640386,0.4987525748355048,0.32290742900338554,1.16479057896845,0.8822435387720136,0.9020664316689855,1.2353312969207764
0.25,0.0,8,True,156190,5,"[[0, 33, 26, 9, 47, 43, 29, 21, 18, 19, 44, 0], [0, 30, 28, 16, 7, 8, 34, 17, 39, 49, 27, 0], [0, 48, 2, 5, 22, 6, 4, 35, 20, 25, 40, 0], [0, 14, 3, 15, 41, 11, 42, 1, 37, 38, 50, 0], [0, 45, 12, 13, 23, 10, 46, 32, 24, 31, 36, 0]]",7.686153211194323,0.19773502317922456,2.7964378375327215,0.4339772090315819,0.3109106057201343,0.7205912165119939,0.8773846582098828,0.888974769994685,1.2353312969207764
0.25,0.0,9,True,156239,5,"[[0, 45, 12, 13, 24, 32, 46, 23, 10, 29, 44, 0], [0, 14, 3, 15, 41, 11, 42, 1, 37, 38, 50, 0], [0, 35, 4, 6, 22, 5, 2, 48, 20, 25, 40, 0], [0, 21, 30, 28, 33, 26, 43, 47, 9, 31, 36, 0], [0, 19, 18, 16, 7, 8, 34, 17, 39, 49, 27, 0]]",8.342461261592689,0.25961249360236627,2.9888722660252824,0.4007416367530823,0.32818931743372604,1.042954450425881,0.8836149060904122,0.9009118289824795,1.2353312969207764
0.5,0.0,0,True,164214,5,"[[0, 44, 29, 43, 4, 35, 20, 25, 40, 31, 36, 0], [0, 6, 22, 34, 17, 8, 7, 16, 28, 30, 21, 0], [0, 45, 12, 13, 24, 32, 46, 23, 10, 18, 19, 0], [0, 50, 38, 37, 1, 41, 11, 42, 15, 3, 14, 0], [0, 33, 26, 9, 47, 2, 48, 5, 39, 49, 27, 0]]",6.27403638776741,0.15783421226910183,2.664793827512767,0.4149501311282317,0.30432426255691825,0.5697560976017261,0.8698688887903163,0.8758914430986962,1.2353312969207764
0.5,0.0,1,True,163849,5,"[[0, 50, 38, 37, 1, 42, 41, 11, 15, 3, 14, 0], [0, 30, 28, 16, 7, 8, 34, 17, 39, 49, 27, 0], [0, 6, 22, 2, 48, 5, 20, 25, 40, 31, 36, 0], [0, 19, 18, 10, 23, 46, 32, 24, 13, 12, 45, 0], [0, 29, 21, 4, 35, 43, 47, 9, 26, 33, 44, 0]]",7.132447878626408,0.22456603404134512,2.036410616070498,0.3701243981719017,0.22950116082359062,0.36640269176811957,0.869452285276104,0.8812898026736373,1.2353312969207764
0.5,0.0,2,True,164639,5,"[[0, 44, 14, 3, 15, 41, 11, 1, 37, 38, 50, 0], [0, 33, 26, 30, 28, 16, 7, 8, 17, 34, 12, 0], [0, 42, 22, 6, 4, 35, 20, 25, 40, 31, 36, 0], [0, 29, 43, 9, 47, 2, 48, 5, 39, 49, 27, 0], [0, 19, 18, 21, 10, 23, 46, 32, 24, 13, 45, 0]]",5.856909593014279,0.15927275433205068,2.8038791269646026,0.40819166973233223,0.332232519212476,0.6925946476508175,0.8639037561346725,0.8682857472463577,1.2353312969207764
0.5,0.0,3,True,163849,5,"[[0, 50, 38, 37, 1, 11, 42, 41, 15, 3, 14, 0], [0, 19, 18, 10, 23, 46, 32, 24, 13, 45, 12, 0], [0, 44, 33, 26, 9, 47, 43, 35, 4, 21, 29, 0], [0, 30, 28, 16, 7, 8, 34, 17, 39, 49, 27, 0], [0, 6, 22, 2, 48, 5, 20, 25, 40, 31, 36, 0]]",7.131707375898259,0.22456603404134512,2.036410616070498,0.3701243981719017,0.22952499049392716,0.3663400713820085,0.8695780495327123,0.8813813091627252,1.2353312969207764
0.5,0.0,4,True,163848,5,"[[0, 36, 31, 40, 25, 20, 35, 4, 21, 18, 19, 0], [0, 45, 12, 13, 24, 32, 46, 23, 10, 29, 44, 0], [0, 30, 28, 16, 7, 8, 34, 17, 39, 49, 27, 0], [0, 14, 3, 15, 41, 11, 42, 1, 37, 38, 50, 0], [0, 33, 26, 43, 47, 9, 48, 2, 5, 22, 6, 0]]",7.436039681866532,0.23584450847868407,3.2342174139921553,0.3701243981719017,0.35647616443678865,1.0293075403399583,0.8755564931167594,0.8877777890129668,1.2353312969207764
0.5,0.0,5,True,165433,5,"[[0, 42, 30, 28, 16, 7, 8, 34, 17, 39, 49, 0], [0, 6, 22, 2, 48, 5, 20, 25, 40, 31, 36, 0], [0, 19, 18, 10, 23, 46, 32, 24, 13, 12, 45, 0], [0, 50, 38, 14, 3, 15, 41, 11, 1, 37, 27, 0], [0, 44, 33, 26, 47, 9, 43, 35, 4, 21, 29, 0]]",7.5531413424469065,0.2321824566300573,2.585436211025808,0.46065484583377836,0.28222349086962306,0.5895170048248861,0.8723087712546678,0.8866527764618786,1.2353312969207764
0.5,0.0,6,True,163842,5,"[[0, 14, 3, 15, 11, 42, 41, 1, 37, 38, 50, 0], [0, 33, 26, 47, 9, 43, 35, 4, 21, 18, 19, 0], [0, 6, 22, 2, 48, 5, 20, 25, 40, 31, 36, 0], [0, 45, 12, 13, 24, 32, 46, 23, 10, 29, 44, 0], [0, 30, 28, 16, 7, 8, 34, 17, 39, 49, 27, 0]]",7.129612635995727,0.22456603404134512,2.036410616070498,0.3701243981719017,0.23410604782625422,0.383723533272929,0.868943349758525,0.8816402663728725,1.2353312969207764
0.5,0.0,7,True,164528,5,"[[0, 29, 21, 30, 28, 16, 7, 8, 17, 34, 12, 0], [0, 35, 4, 6, 22, 5, 20, 25, 40, 31, 36, 0], [0, 33, 26, 43, 47, 9, 48, 2, 39, 49, 27, 0], [0, 14, 3, 15, 41, 11, 42, 1, 37, 38, 50, 0], [0, 44, 19, 18, 10, 23, 46, 32, 24, 13, 45, 0]]",7.335069184657186,0.19934527553392178,3.740124581323471,0.48676078021526337,0.39098303136935475,1.3989249402201185,0.8790977518339378,0.8929551527028293,1.2353312969207764
0.5,0.0,8,True,163842,5,"[[0, 6, 22, 2, 48, 5, 20, 25, 40, 31, 36, 0], [0, 14, 3, 15, 41, 42, 11, 1, 37, 38, 50, 0], [0, 33, 26, 9, 47, 43, 35, 4, 21, 18, 19, 0], [0, 45, 12, 13, 24, 32, 46, 23, 10, 29, 44, 0], [0, 30, 28, 16, 7, 8, 34, 17, 39, 49, 27, 0]]",7.129612635995727,0.22456603404134512,2.036410616070498,0.3701243981719017,0.23410604782625422,0.383723533272929,0.868943349758525,0.8816402663728725,1.2353312969207764
0.5,0.0,9,True,164465,5,"[[0, 44, 29, 43, 9, 47, 48, 2, 46, 32, 24, 0], [0, 14, 3, 15, 42, 41, 11, 1, 37, 38, 50, 0], [0, 33, 26, 28, 30, 21, 10, 23, 13, 45, 12, 0], [0, 35, 4, 6, 22, 5, 20, 25, 40, 31, 36, 0], [0, 19, 18, 16, 7, 8, 34, 17, 39, 49, 27, 0]]",6.803061133177835,0.18371461715662118,2.4202906028658617,0.31217819452285767,0.25786768270226124,0.4078617577907755,0.8743051569834472,0.8858366076577454,1.2353312969207764
1.0,0.0,0,True,176023,5,"[[0, 50, 38, 14, 3, 15, 11, 1, 37, 49, 27, 0], [0, 33, 26, 30, 28, 9, 47, 34, 17, 39, 42, 0], [0, 36, 31, 40, 25, 20, 5, 48, 2, 41, 44, 0], [0, 19, 16, 7, 8, 23, 10, 18, 21, 45, 12, 0], [0, 13, 24, 32, 46, 22, 6, 4, 35, 43, 29, 0]]",4.452139516521129,0.11907005177870873,1.8729238407686353,0.194264674352275,0.3453350522100542,0.3275491552505171,0.8486977550562114,0.8340654129193033,1.2353312969207764
1.0,0.0,1,True,176820,5,"[[0, 21, 18, 10, 23, 13, 24, 32, 46, 31, 36, 0], [0, 15, 3, 48, 2, 9, 47, 28, 30, 26, 33, 0], [0, 14, 40, 25, 20, 34, 17, 8, 7, 16, 19, 0], [0, 29, 43, 35, 4, 6, 22, 5, 39, 49, 27, 0], [0, 50, 38, 37, 1, 11, 42, 41, 12, 45, 44, 0]]",4.5275086818001,0.12480713129043579,2.0989764370024204,0.1927268799394369,0.40546757389072097,0.46178571156757836,0.8526146047591132,0.8373019379939536,1.2353312969207764
1.0,0.0,2,True,176095,5,"[[0, 27, 49, 39, 17, 34, 47, 9, 31, 36, 44, 0], [0, 13, 24, 32, 46, 22, 6, 4, 35, 43, 29, 0], [0, 2, 48, 5, 20, 40, 25, 21, 18, 10, 19, 0], [0, 33, 26, 30, 28, 16, 7, 8, 23, 45, 12, 0], [0, 14, 3, 15, 42, 41, 11, 1, 37, 38, 50, 0]]",4.838388746138662,0.1354019295424223,1.7075025167141575,0.19587054383009672,0.21578037822722496,0.16019243345938908,0.8555270749302988,0.8467796126939546,1.2353312969207764
1.0,0.0,3,True,176424,5,"[[0, 27, 49, 39, 8, 7, 16, 28, 30, 26, 33, 0], [0, 13, 23, 17, 34, 22, 6, 4, 35, 43, 29, 0], [0, 14, 3, 15, 41, 42, 11, 1, 37, 38, 50, 0], [0, 19, 10, 18, 21, 20, 25, 40, 12, 45, 44, 0], [0, 24, 32, 46, 5, 48, 2, 47, 9, 31, 36, 0]]",5.005425685667433,0.13659287760815314,1.709702469961485,0.2338812289138635,0.2895767774637823,0.2759401942855111,0.8564292761687016,0.8503938430496789,1.2353312969207764
1.0,0.0,4,True,176126,5,"[[0, 13, 24, 32, 46, 5, 20, 25, 40, 31, 36, 0], [0, 29, 43, 35, 4, 6, 22, 34, 17, 39, 42, 0], [0, 27, 49, 37, 38, 14, 3, 15, 41, 11, 1, 0], [0, 2, 48, 47, 9, 28, 30, 26, 33, 50, 44, 0], [0, 19, 16, 7, 8, 23, 10, 18, 21, 45, 12, 0]]",4.324063463122002,0.11814291986326377,2.107317596732173,0.2115479533871015,0.4061586222179532,0.4526610898101232,0.8468065179976936,0.8286437302123232,1.2353312969207764
1.0,0.0,5,True,175850,5,"[[0, 50, 38, 37, 1, 11, 41, 42, 15, 3, 14, 0], [0, 36, 31, 9, 47, 34, 17, 39, 49, 27, 44, 0], [0, 45, 13, 23, 8, 7, 16, 28, 30, 26, 33, 0], [0, 2, 48, 5, 46, 32, 24, 21, 18, 10, 19, 0], [0, 29, 43, 35, 4, 6, 22, 20, 25, 40, 12, 0]]",5.022481073741801,0.13688630983233452,1.561831092578359,0.20286862019981658,0.14499330012904177,0.08513861089068425,0.8552786436466795,0.8493172042370585,1.2353312969207764
1.0,0.0,6,True,177241,5,"[[0, 45, 13, 23, 8, 7, 16, 28, 30, 26, 33, 0], [0, 14, 12, 40, 25, 20, 21, 18, 10, 19, 44, 0], [0, 36, 31, 9, 47, 2, 48, 5, 46, 32, 24, 0], [0, 50, 38, 37, 27, 49, 39, 17, 34, 3, 15, 0], [0, 1, 11, 41, 42, 22, 6, 4, 35, 43, 29, 0]]",4.882454132661223,0.13259815989482787,1.7066820540640038,0.19473349396139383,0.27286483770415493,0.22697750567310354,0.850899292780193,0.8438331222384515,1.2353312969207764
1.0,0.0,7,True,176024,5,"[[0, 36, 31, 46, 32, 24, 20, 25, 40, 12, 45, 0], [0, 19, 18, 21, 47, 9, 34, 17, 39, 49, 27, 0], [0, 29, 43, 35, 4, 6, 22, 5, 48, 2, 41, 0], [0, 14, 3, 15, 42, 11, 1, 37, 38, 50, 44, 0], [0, 33, 26, 30, 28, 16, 7, 8, 23, 10, 13, 0]]",5.062813228345476,0.13799723610281944,1.9332107444934081,0.1750781662762165,0.259786801727135,0.2615281353723316,0.8557898009913074,0.8493985643833873,1.2353312969207764
1.0,0.0,8,True,177248,5,"[[0, 50, 38, 37, 1, 11, 42, 41, 15, 3, 14, 0], [0, 36, 31, 9, 47, 43, 29, 21, 18, 10, 19, 0], [0, 45, 13, 23, 8, 7, 16, 28, 30, 26, 33, 0], [0, 24, 32, 46, 2, 48, 34, 17, 39, 49, 27, 0], [0, 35, 4, 6, 22, 5, 20, 25, 40, 12, 44, 0]]",5.6497876796347555,0.1484360212855267,2.23489594712737,0.3449686902264754,0.22674620004635404,0.3135400455495752,0.8628217425508067,0.8635813770753038,1.2353312969207764
1.0,0.0,9,True,176409,5,"[[0, 13, 10, 23, 8, 7, 16, 28, 30, 26, 33, 0], [0, 50, 38, 37, 1, 11, 41, 42, 15, 3, 14, 0], [0, 12, 45, 40, 25, 20, 35, 4, 43, 29, 44, 0], [0, 2, 48, 5, 22, 6, 24, 32, 46, 31, 36, 0], [0, 27, 49, 39, 17, 34, 47, 9, 21, 18, 19, 0]]",5.154116010875441,0.1365735667059198,1.5635044425434899,0.20286862019981658,0.12530334379225017,0.07440815726852174,0.8559024520116694,0.8490188427386566,1.2353312969207764
2.0,0.0,0,True,194930,5,"[[0, 1, 42, 7, 16, 8, 39, 17, 34, 3, 15, 0], [0, 29, 43, 4, 35, 20, 25, 40, 31, 36, 44, 0], [0, 41, 11, 2, 48, 47, 9, 28, 30, 26, 33, 0], [0, 45, 6, 22, 5, 46, 32, 24, 37, 49, 27, 0], [0, 50, 38, 14, 12, 13, 23, 10, 18, 21, 19, 0]]",4.217926626675762,0.10502415590665558,2.0827986801741645,0.2115479533871015,0.3475663631522736,0.40096677965375693,0.8440998287870116,0.8257136215687788,1.2353312969207764
2.0,0.0,1,True,194155,5,"[[0, 44, 50, 38, 37, 27, 49, 1, 15, 3, 14, 0], [0, 33, 26, 30, 28, 9, 47, 48, 2, 11, 41, 0], [0, 29, 43, 35, 4, 6, 22, 34, 17, 39, 42, 0], [0, 36, 31, 40, 25, 20, 5, 46, 32, 24, 13, 0], [0, 12, 45, 21, 18, 10, 23, 8, 7, 16, 19, 0]]",4.309818471010658,0.11814291986326377,2.0827986801741645,0.2115479533871015,0.4046023497061879,0.4417332449958119,0.8489416534126872,0.83138259809722,1.2353312969207764
2.0,0.0,2,True,195350,5,"[[0, 50, 44, 33, 26, 30, 28, 47, 9, 31, 36, 0], [0, 20, 40, 25, 21, 18, 10, 23, 13, 12, 45, 0], [0, 27, 49, 37, 38, 14, 3, 15, 11, 42, 41, 0], [0, 1, 48, 2, 34, 17, 39, 8, 7, 16, 19, 0], [0, 29, 43, 35, 4, 6, 22, 5, 46, 32, 24, 0]]",4.053674553681049,0.10239470901433378,1.4597321554174414,0.21219938869277635,0.2754792759089433,0.16735937799249825,0.8401373920577286,0.8177748318880845,1.2353312969207764
2.0,0.0,3,True,195800,5,"[[0, 50, 38, 37, 27, 49, 1, 41, 11, 42, 15, 0], [0, 14, 3, 34, 17, 39, 16, 7, 8, 23, 13, 0], [0, 24, 32, 46, 5, 22, 6, 4, 35, 43, 29, 0], [0, 36, 31, 47, 9, 48, 2, 28, 30, 26, 33, 0], [0, 45, 12, 20, 40, 25, 21, 18, 10, 19, 44, 0]]",4.1023549396777526,0.10512891388498247,2.066267905989662,0.2115479533871015,0.4257645845368998,0.4541486018363585,0.8473037696716967,0.8313065189509683,1.2353312969207764
2.0,0.0,4,True,195399,5,"[[0, 44, 29, 43, 4, 35, 15, 3, 14, 38, 50, 0], [0, 1, 11, 48, 2, 47, 9, 28, 30, 26, 33, 0], [0, 45, 6, 22, 5, 46, 32, 24, 37, 49, 27, 0], [0, 36, 31, 40, 25, 20, 34, 17, 39, 42, 41, 0], [0, 12, 21, 18, 10, 13, 23, 8, 7, 16, 19, 0]]",3.993466512692976,0.10074699332471937,2.114961678162217,0.2115479533871015,0.4301480393859387,0.4758408916683477,0.8425603586113337,0.8179519236103542,1.2353312969207764
2.0,0.0,5,True,194719,5,"[[0, 15, 11, 48, 2, 9, 47, 28, 30, 26, 33, 0], [0, 1, 49, 27, 37, 24, 32, 46, 31, 36, 44, 0], [0, 13, 23, 10, 18, 21, 25, 40, 20, 12, 45, 0], [0, 41, 42, 39, 5, 22, 6, 4, 35, 43, 29, 0], [0, 19, 16, 7, 8, 17, 34, 3, 14, 38, 50, 0]]",4.194539559990517,0.10687610623426735,2.0882088319049217,0.2115479533871015,0.36816842993209353,0.417699295991369,0.8454050429356061,0.8255006728424106,1.2353312969207764
2.0,0.0,6,True,195297,5,"[[0, 44, 29, 43, 4, 35, 20, 25, 40, 31, 36, 0], [0, 12, 34, 17, 39, 8, 23, 10, 18, 21, 45, 0], [0, 19, 16, 7, 42, 11, 15, 3, 14, 38, 50, 0], [0, 1, 41, 2, 48, 47, 9, 28, 30, 26, 33, 0], [0, 13, 6, 22, 5, 46, 32, 24, 37, 49, 27, 0]]",3.9850384461315116,0.10630240316192309,2.118571378465276,0.2115479533871015,0.42718955000453995,0.474064773069743,0.8425904099377037,0.8193156925356727,1.2353312969207764
2.0,0.0,7,True,194814,5,"[[0, 44, 45, 12, 20, 40, 25, 21, 18, 10, 19, 0], [0, 36, 31, 46, 32, 24, 37, 27, 49, 1, 15, 0], [0, 50, 38, 14, 3, 34, 17, 39, 8, 23, 13, 0], [0, 33, 26, 30, 28, 9, 47, 48, 2, 11, 41, 0], [0, 29, 43, 35, 4, 6, 22, 5, 16, 7, 42, 0]]",3.6831532951182453,0.09435587490518246,2.0827986801741645,0.2115479533871015,0.4178178600640685,0.4645187075850501,0.8399942737349315,0.8120598126486909,1.2353312969207764
2.0,0.0,8,True,195510,5,"[[0, 44, 19, 16, 7, 8, 23, 10, 18, 21, 29, 0], [0, 41, 42, 39, 17, 34, 20, 25, 40, 45, 12, 0], [0, 33, 26, 30, 28, 48, 2, 9, 47, 31, 36, 0], [0, 50, 38, 37, 27, 49, 1, 11, 15, 3, 14, 0], [0, 13, 24, 32, 46, 5, 22, 6, 4, 43, 35, 0]]",4.009656550551881,0.10151594399940223,2.069288321887143,0.2115479533871015,0.4328007477411715,0.4656285367990344,0.844325228420022,0.8237419058358723,1.2353312969207764
2.0,0.0,9,True,195368,5,"[[0, 45, 40, 25, 20, 5, 39, 17, 34, 3, 14, 0], [0, 27, 49, 37, 1, 41, 11, 42, 15, 38, 50, 0], [0, 29, 43, 35, 4, 6, 22, 46, 32, 24, 13, 0], [0, 36, 31, 47, 9, 48, 2, 28, 30, 26, 33, 0], [0, 12, 21, 18, 10, 23, 8, 7, 16, 19, 44, 0]]",4.18671632684709,0.11424559516211351,2.066267905989662,0.2115479533871015,0.40275437697580796,0.4345971191594441,0.8508515782893973,0.8346894427870932,1.2353312969207764
