beta,lambda_concentration,seed,is_feasible,pyvrp_cost,num_routes,routes,global_risk,global_cvar90,max_vehicle_risk,max_vehicle_cvar90,vehicle_risk_gini,risk_variance,edge_burden_gini_used,top10_burden_share,max_edge_burden
0.0,0.0,0,True,133997,5,"[[0, 14, 42, 41, 1, 45, 11, 15, 3, 16, 48, 0], [0, 18, 32, 4, 29, 19, 6, 24, 40, 20, 44, 0], [0, 27, 35, 5, 36, 28, 26, 23, 30, 12, 49, 0], [0, 46, 22, 7, 8, 43, 33, 34, 2, 25, 39, 0], [0, 17, 13, 10, 37, 50, 38, 31, 9, 47, 21, 0]]",6.349752129157947,0.16420018347716217,1.7489780743906775,0.30469356673264436,0.1221573197058683,0.07949261147118065,0.8381962333708881,0.8685935438373741,0.8529997924229306
0.0,0.0,1,True,133997,5,"[[0, 17, 13, 10, 37, 50, 38, 31, 9, 47, 21, 0], [0, 18, 32, 4, 29, 6, 19, 24, 40, 20, 44, 0], [0, 14, 42, 41, 1, 11, 45, 15, 3, 16, 48, 0], [0, 46, 22, 7, 8, 43, 33, 34, 2, 25, 39, 0], [0, 27, 35, 5, 36, 28, 26, 23, 30, 12, 49, 0]]",6.349752129157947,0.16420018347716217,1.748978074390677,0.30469356673264436,0.12215731970586807,0.0794926114711806,0.8381962333708886,0.8685935438373742,0.8529997924229306
0.0,0.0,2,True,133998,5,"[[0, 16, 3, 15, 45, 11, 1, 41, 42, 14, 48, 0], [0, 25, 2, 34, 33, 43, 8, 7, 22, 46, 39, 0], [0, 38, 31, 9, 47, 21, 27, 23, 30, 49, 12, 0], [0, 26, 28, 36, 5, 35, 10, 37, 50, 13, 17, 0], [0, 44, 20, 40, 24, 6, 19, 29, 4, 32, 18, 0]]",7.909108118315233,0.270640104362991,2.4740777007237136,0.4164291698096364,0.22834093594961158,0.4246832615413867,0.8470778675253816,0.864543850543973,0.8529997924229306
0.0,0.0,3,True,133998,5,"[[0, 12, 49, 30, 23, 26, 28, 36, 5, 20, 44, 0], [0, 14, 42, 41, 1, 45, 11, 15, 3, 16, 48, 0], [0, 27, 35, 10, 37, 50, 38, 31, 9, 47, 21, 0], [0, 25, 2, 34, 33, 43, 8, 7, 22, 46, 39, 0], [0, 18, 32, 4, 29, 19, 6, 24, 40, 13, 17, 0]]",5.856722133925962,0.15867101824779045,1.842723035477337,0.2760121812593381,0.22251029560247226,0.21548734384419385,0.8351921787505909,0.8611796760701833,0.8529997924229306
0.0,0.0,4,True,133997,5,"[[0, 48, 14, 42, 41, 1, 45, 11, 15, 3, 16, 0], [0, 44, 20, 40, 24, 19, 6, 4, 32, 29, 12, 0], [0, 25, 2, 34, 33, 43, 8, 7, 22, 46, 39, 0], [0, 27, 35, 5, 36, 28, 26, 23, 30, 18, 49, 0], [0, 17, 13, 10, 37, 50, 38, 31, 9, 47, 21, 0]]",6.9659392802394615,0.17255409561567903,2.9115808914936308,0.5355124624856815,0.2834664102685962,0.6415404367404047,0.8568049542822302,0.882077012316982,1.5615934565649385
0.0,0.0,5,True,133999,5,"[[0, 16, 3, 14, 42, 41, 1, 45, 39, 11, 15, 0], [0, 18, 32, 4, 29, 6, 19, 24, 40, 20, 44, 0], [0, 25, 2, 34, 33, 35, 10, 37, 50, 13, 17, 0], [0, 46, 22, 7, 8, 43, 5, 36, 28, 26, 12, 0], [0, 48, 38, 31, 9, 47, 21, 27, 23, 30, 49, 0]]",8.288618842166374,0.2755248502468473,1.8507031618816585,0.414590106366123,0.06428221927159705,0.04363368891153333,0.8473438793221417,0.860647327157599,0.8529997924229306
0.0,0.0,6,True,133997,5,"[[0, 16, 3, 14, 42, 41, 1, 45, 11, 39, 48, 0], [0, 15, 46, 22, 7, 8, 43, 17, 13, 18, 49, 0], [0, 27, 35, 10, 37, 50, 38, 31, 9, 47, 21, 0], [0, 12, 29, 4, 32, 6, 19, 24, 40, 20, 44, 0], [0, 25, 2, 34, 33, 5, 36, 28, 26, 23, 30, 0]]",7.228010001106316,0.19031050131702557,1.9293501921632905,0.35634105034828467,0.15499145674135906,0.16221534003978405,0.8644037902307637,0.8926081907869344,1.5615934565649385
0.0,0.0,7,True,133998,5,"[[0, 13, 17, 43, 33, 34, 5, 2, 25, 45, 11, 0], [0, 16, 1, 41, 42, 12, 49, 14, 3, 15, 48, 0], [0, 44, 20, 40, 24, 19, 6, 29, 4, 32, 18, 0], [0, 30, 23, 26, 28, 36, 8, 7, 22, 46, 39, 0], [0, 21, 47, 9, 31, 38, 50, 37, 10, 35, 27, 0]]",7.270498020446801,0.18584568772448393,2.2824856718829367,0.2936915668828535,0.18510066297367045,0.24973594327096907,0.8458184522232608,0.8713511683770969,0.8529997924229306
0.0,0.0,8,True,133998,5,"[[0, 48, 14, 42, 41, 1, 45, 11, 15, 3, 16, 0], [0, 49, 18, 12, 29, 32, 4, 6, 19, 24, 40, 0], [0, 44, 20, 34, 33, 5, 36, 28, 26, 23, 30, 0], [0, 17, 13, 37, 10, 35, 22, 43, 8, 7, 46, 0], [0, 27, 21, 47, 9, 31, 38, 50, 2, 25, 39, 0]]",7.070701136611718,0.23925220210875905,2.274625078745826,0.40811912076617646,0.1600722630798479,0.21093757532549504,0.8564303701573537,0.880593575824109,1.5615934565649385
0.0,0.0,9,True,133997,5,"[[0, 48, 15, 45, 11, 1, 41, 42, 14, 3, 16, 0], [0, 27, 35, 5, 36, 28, 26, 23, 30, 12, 49, 0], [0, 21, 47, 9, 31, 38, 50, 37, 10, 13, 17, 0], [0, 25, 2, 34, 33, 43, 8, 7, 22, 46, 39, 0], [0, 44, 20, 40, 24, 6, 19, 29, 4, 32, 18, 0]]",5.933831840588459,0.16128108488515763,1.74942016811945,0.30469356673264436,0.18568614655302618,0.15970408122639262,0.8372311776349068,0.8640642910458202,0.8529997924229306
1.0,0.0,0,True,157400,5,"[[0, 30, 23, 26, 28, 2, 25, 45, 11, 39, 1, 0], [0, 42, 41, 24, 6, 19, 32, 4, 29, 47, 21, 0], [0, 15, 46, 22, 7, 8, 43, 36, 49, 12, 48, 0], [0, 27, 10, 37, 13, 17, 44, 20, 16, 3, 14, 0], [0, 40, 9, 31, 38, 50, 5, 33, 34, 18, 35, 0]]",2.7287728086883933,0.07046094349490034,0.9014082632360352,0.1011083196296489,0.2249967275199951,0.05282662980725632,0.730496883953283,0.7237531816210073,0.4025282432271112
1.0,0.0,1,True,156744,5,"[[0, 13, 17, 44, 20, 16, 15, 3, 14, 42, 48, 0], [0, 49, 37, 10, 35, 18, 34, 33, 5, 36, 40, 0], [0, 12, 30, 23, 26, 28, 2, 25, 45, 11, 1, 0], [0, 39, 9, 31, 38, 50, 43, 8, 7, 22, 46, 0], [0, 41, 24, 6, 19, 32, 4, 29, 47, 21, 27, 0]]",2.442796059285251,0.05767324144152458,1.029342181708894,0.1192951041262299,0.32879076588080003,0.09129872705766491,0.7016392915237966,0.6931288317383307,0.3418188996786291
1.0,0.0,2,True,157594,5,"[[0, 48, 1, 16, 45, 25, 2, 28, 26, 23, 30, 0], [0, 42, 41, 24, 6, 19, 12, 49, 14, 3, 15, 0], [0, 11, 39, 9, 31, 38, 50, 13, 17, 44, 20, 0], [0, 37, 10, 35, 18, 32, 4, 29, 47, 21, 27, 0], [0, 46, 22, 7, 8, 43, 5, 36, 34, 33, 40, 0]]",3.0929551538829685,0.08120151283615687,0.7210606877122911,0.12885744216344341,0.08196494529833065,0.008556552730916014,0.7471003391181907,0.7479446120003291,0.4025282432271112
1.0,0.0,3,True,157150,5,"[[0, 21, 47, 29, 4, 32, 19, 6, 24, 41, 1, 0], [0, 15, 46, 22, 7, 8, 43, 36, 5, 40, 12, 0], [0, 27, 10, 37, 13, 17, 44, 20, 16, 42, 48, 0], [0, 49, 30, 23, 26, 28, 2, 25, 39, 11, 45, 0], [0, 35, 18, 34, 33, 50, 38, 31, 9, 3, 14, 0]]",2.797769051807619,0.07136056160423003,0.8043022959168629,0.08410577115815784,0.20257281180098063,0.044374962464074706,0.7345156710366709,0.7288604136751181,0.4025282432271112
1.0,0.0,4,True,157494,5,"[[0, 49, 13, 17, 43, 8, 7, 22, 46, 39, 11, 0], [0, 1, 16, 42, 41, 24, 6, 19, 40, 44, 20, 0], [0, 27, 21, 47, 29, 4, 32, 18, 35, 10, 37, 0], [0, 34, 33, 36, 5, 50, 38, 31, 9, 3, 14, 0], [0, 48, 15, 45, 25, 2, 28, 26, 23, 30, 12, 0]]",2.6015425828419856,0.0656031090317123,0.8213413700796868,0.09362550360334344,0.24859112020557972,0.052640884158579794,0.7083245852196283,0.6980217377486756,0.3418188996786291
1.0,0.0,5,True,157150,5,"[[0, 35, 18, 34, 33, 43, 8, 7, 22, 46, 15, 0], [0, 1, 41, 24, 6, 19, 32, 4, 29, 47, 21, 0], [0, 12, 30, 23, 26, 28, 2, 25, 45, 11, 39, 0], [0, 14, 3, 9, 31, 38, 50, 5, 36, 40, 49, 0], [0, 27, 10, 37, 13, 17, 44, 20, 16, 42, 48, 0]]",2.3996114518685325,0.0590950919144937,0.8043022959168626,0.08410577115815784,0.281607204320794,0.057309832429227436,0.6985351949042429,0.6858913455487752,0.3418188996786291
1.0,0.0,6,True,156744,5,"[[0, 48, 30, 23, 26, 28, 2, 25, 45, 11, 1, 0], [0, 46, 22, 7, 8, 43, 50, 38, 31, 9, 39, 0], [0, 42, 14, 3, 15, 16, 20, 44, 17, 13, 49, 0], [0, 12, 40, 36, 5, 33, 34, 18, 35, 10, 37, 0], [0, 41, 24, 6, 19, 32, 4, 29, 47, 21, 27, 0]]",2.8406624711842534,0.07410130633058391,1.029342181708894,0.1192951041262299,0.22909561281608082,0.06382880404748124,0.7342757899698726,0.7322533764559194,0.4025282432271112
1.0,0.0,7,True,156744,5,"[[0, 48, 42, 14, 3, 15, 16, 20, 44, 17, 13, 0], [0, 39, 9, 31, 38, 50, 43, 8, 7, 22, 46, 0], [0, 1, 11, 45, 25, 2, 28, 26, 23, 30, 12, 0], [0, 40, 36, 5, 33, 34, 18, 35, 10, 37, 49, 0], [0, 41, 24, 6, 19, 32, 4, 29, 47, 21, 27, 0]]",2.442504871245168,0.05767324144152458,1.029342181708894,0.1192951041262299,0.3288618710458304,0.09131718283920673,0.6991528013530779,0.6907646933570013,0.3418188996786291
1.0,0.0,8,True,157494,5,"[[0, 49, 13, 17, 43, 8, 7, 22, 46, 39, 11, 0], [0, 34, 33, 36, 5, 50, 38, 31, 9, 3, 14, 0], [0, 20, 44, 40, 6, 19, 24, 41, 1, 16, 42, 0], [0, 37, 10, 35, 18, 32, 4, 29, 47, 21, 27, 0], [0, 48, 15, 45, 25, 2, 28, 26, 23, 30, 12, 0]]",2.7093338955321764,0.06720331152477661,0.9287188173398588,0.10216186276454894,0.270467914685508,0.06744426222307674,0.7190360503541249,0.7132660815334626,0.3418188996786291
1.0,0.0,9,True,157150,5,"[[0, 42, 41, 24, 6, 19, 32, 4, 29, 47, 21, 0], [0, 27, 10, 37, 13, 17, 44, 20, 16, 1, 48, 0], [0, 11, 39, 45, 25, 2, 28, 26, 23, 30, 49, 0], [0, 12, 40, 36, 5, 43, 8, 7, 22, 46, 15, 0], [0, 14, 3, 9, 31, 38, 50, 33, 34, 18, 35, 0]]",2.399354353767747,0.059095091914493685,0.9014082632360352,0.1011083196296489,0.2900975074752121,0.0642041765484191,0.6976980852418722,0.6859648408880564,0.3418188996786291
